Initial Clusters : [15, 16, 18, 8, 4, 10, 3, 7, 13, 12, 6, 7, 8, 18, 12, 15, 3, 16, 20, 9, 2, 4, 16, 7, 7, 15, 15, 6, 13, 6, 18, 8, 12, 7, 4, 6, 15, 18, 14, 8, 4, 2, 11, 8, 11, 2, 20, 17, 10, 10]
Initial PBM : [4295.393924971384, 3841.444188262647, 2649.8449663209517, 6592.50412327672, 4733.877104787004, 3504.1145328753996, 9316.040868497832, 4976.664925892426, 2642.203484936785, 4222.541840183031, 3653.404606586949, 2777.017484342167, 4214.307088518925, 2671.6953350910576, 3410.757515527942, 3095.2729966190677, 5212.389363243463, 2256.1681223370792, 2511.49415176955, 2766.113018443123, 4097.779291166253, 9973.20533789824, 5675.16266886156, 4481.808428061237, 8697.385857178944, 2643.903695820702, 2561.719666747674, 6027.343588852358, 7304.041997989526, 6311.671322443181, 2397.5082037619522, 5267.659667296632, 3574.3183149737497, 6899.852493031363, 9581.839094809035, 8425.17009484565, 3881.683273652013, 4691.861731836249, 2714.3665364391168, 4099.024729306943, 8560.505916435912, 2517.417661431944, 6440.665871542387, 5312.448651402538, 1548.6032776675988, 13667.57725362677, 2485.1562439401, 2249.684956206693, 5285.79302481024, 5740.7246240954755]
Initial Sil score : [0.12835623249428174, 0.097140679859344076, 0.10890165673462819, 0.13191521551976071, 0.12405037255813742, 0.093947227574137329, 0.22347228208538722, 0.10571139459385626, 0.10051386369341585, 0.11168618440440505, 0.13781762339657158, 0.12219597249418994, 0.10677383872645901, 0.10567850007865275, 0.079366266503102523, 0.14479518817434145, 0.1243237871936822, 0.079572095013176636, 0.071669872247274724, 0.13052557772508144, 0.28482276006521973, 0.15908488486281352, 0.094628047700055049, 0.11973459461444762, 0.10826046920841691, 0.10404890394143403, 0.081304023230075628, 0.21574172519834559, 0.11399889532573139, 0.15280949430130561, 0.11554543972577973, 0.1274957022671197, 0.1313330930639717, 0.1375698625963731, 0.31197491295978974, 0.1462308805935027, 0.10268470628712299, 0.097396724887736555, 0.08045990393536763, 0.080099891713203267, 0.18609567940207458, 0.14961344579434849, 0.14851786990834048, 0.12195486958360144, 0.087705706452130355, 0.34063397152793945, 0.068064319329546014, 0.098558569605892654, 0.13030033191869853, 0.14826130261063408]
Initial Dunn : [0.074530151338627323, 0.090613589743651801, 0.086002614519222684, 0.086363409262558227, 0.051788999876300611, 0.070300119128674232, 0.076167597701960715, 0.084390410991696724, 0.073978020365640593, 0.08035403154133898, 0.064305000011268543, 0.059858314773180238, 0.068901824554041438, 0.076213423498334626, 0.08028001571469992, 0.079417025325688007, 0.062723319183771012, 0.073539770974867302, 0.07753826526620293, 0.067191314068339572, 0.052371096616681517, 0.073231639974281504, 0.10607497659153682, 0.066399909609102609, 0.066992268929237125, 0.083590483829389911, 0.084818892967997106, 0.062642318716483042, 0.11801114538374166, 0.079417025325688007, 0.088025675753073934, 0.067191314068339572, 0.077234726532832962, 0.082483805550865277, 0.080291665240128263, 0.079300408764451005, 0.096863509851245574, 0.10651315950621654, 0.061559553756412227, 0.064576280645047016, 0.070042622230063967, 0.046107698589000969, 0.086772017136196783, 0.074962324603388628, 0.077412725896077103, 0.071821062003043487, 0.099592593385823186, 0.08635781764633392, 0.072977127352016266, 0.083902723395274686]
Max Dunn and corresponding cluster, PBM, Sil : 0.118011145384,13,7304.04199799,0.113998895326
------------------------------------------------------------------------------------------
-------------------------------------------------------------------------------------------------------------------------

-------------------------------------------------------------------------------------------------------------------------

-------------------------------------------------------------------------------------------------------------------------

-------------------------------------------------------------------------------------------------------------------------

-------------------------------------------------------------------------------------------------------------------------

-------------------------------------------------------------------------------------------------------------------------

-------------------------------------------------------------------------------------------------------------------------

-------------------------------------------------------------------------------------------------------------------------

-------------------------------------------------------------------------------------------------------------------------

-------------------------------------------------------------------------------------------------------------------------

-------------------------------------------------------------------------------------------------------------------------

-------------------------------------------------------------------------------------------------------------------------

-------------------------------------------------------------------------------------------------------------------------

-------------------------------------------------------------------------------------------------------------------------

-------------------------------------------------------------------------------------------------------------------------

-------------------------------------------------------------------------------------------------------------------------

-------------------------------------------------------------------------------------------------------------------------

-------------------------------------------------------------------------------------------------------------------------

-------------------------------------------------------------------------------------------------------------------------

-------------------------------------------------------------------------------------------------------------------------

-------------------------------------------------------------------------------------------------------------------------

-------------------------------------------------------------------------------------------------------------------------

-------------------------------------------------------------------------------------------------------------------------

-------------------------------------------------------------------------------------------------------------------------

-------------------------------------------------------------------------------------------------------------------------

-------------------------------------------------------------------------------------------------------------------------

-------------------------------------------------------------------------------------------------------------------------

-------------------------------------------------------------------------------------------------------------------------

-------------------------------------------------------------------------------------------------------------------------

-------------------------------------------------------------------------------------------------------------------------

-------------------------------------------------------------------------------------------------------------------------

-------------------------------------------------------------------------------------------------------------------------

-------------------------------------------------------------------------------------------------------------------------

-------------------------------------------------------------------------------------------------------------------------

-------------------------------------------------------------------------------------------------------------------------

-------------------------------------------------------------------------------------------------------------------------

-------------------------------------------------------------------------------------------------------------------------

-------------------------------------------------------------------------------------------------------------------------

-------------------------------------------------------------------------------------------------------------------------

-------------------------------------------------------------------------------------------------------------------------

-------------------------------------------------------------------------------------------------------------------------

-------------------------------------------------------------------------------------------------------------------------

-------------------------------------------------------------------------------------------------------------------------

-------------------------------------------------------------------------------------------------------------------------

-------------------------------------------------------------------------------------------------------------------------

-------------------------------------------------------------------------------------------------------------------------

-------------------------------------------------------------------------------------------------------------------------

-------------------------------------------------------------------------------------------------------------------------

-------------------------------------------------------------------------------------------------------------------------

-------------------------------------------------------------------------------------------------------------------------

chromosome 0 : [ 0.60535806  0.21314204  0.02560297 ...,  0.          0.          0.        ]
 Objectives (Sil) : 0.166835266086
 Objectives (PBM) : 7534.9900366
Cluster size 0 :20
Predicted Label for 0: [ 1 17 19 13 12 13 19 12 14  0 18  8  8 19  1  0 15 12  1 19  0  1 13 12 12
  8 19 12 18  0  8 19 15 15  0  8  8 17  1 19 18  0 13 14 17 14  8  0 15 14
  0 16 15  0  1 19  0  0 12 19 13 13 13  0  0 19  8  0 19 15 19  8 13 19 19
  0 13  8  1 17 13  1 12 14  8  1  0 13 12  0 12  8 14 19  0 19  8 13 13 13
  8  8  9  1 13 19 13  8 17  1  2  1  0 13 12  0  1 13 14  0 19 13 15 13 17
  5  0  8 18 12  0  1  0 17 13 13 13 13 12  8  8 13 12  8 13 12 11 12 12 12
 12  0  0 19 13 15 15 19 19  0 12 19 19  2 13  1  7 12 13 13  8 17 13  0 13
 19  0 13 19  0 12 14 15 12 19  0  0  8 12 12 10 17 12 10 15  8  0  0  0 17
  0 10  0 19  0 13  0 17  2 13 18 19  8  1 15 19  6  8  4 18 14 17 19 14  0
  0 13 12 12 12 12 12  2  8 19 19  1  1 18 12  8  8 13 12 15  8  0 15  1  8
  0 13 13 12  3 12 17 13 18 19 19 17 13  2 17  1  8 18  8 12  1 19 16  8 17
  1 12 12 15 19  8 13  1  8  1 17 19 12  1  0  0  1 13  1 12  8  8  0 19 13
  0 13 19 15  0  0  0 12 19  2  0 19 12  0 13 11 19 19 19  1  0 17  0 13 18
 14  1 19 13  0  0  8 12  1  8  0  2 13  2  8 19 17  7  8  8  8 19 19 13 13
 13 19 16  0  8 14  2  8 15  1  0 19 13 12 18  8 12  1 19  1  8 13 15  0 19
 12 13 19  8  0 12 16  8  8  0 19 19 13  8  2  0 19  0  0 13 13 19 14  1 13
  0 13 19]
 Dunn Index 0 : 0.129805498702
---------------------------------------------------------------------------------------------------------
chromosome 1 : [ 0.65384615  0.15384615  0.03846154 ...,  0.          0.          0.        ]
 Objectives (Sil) : 0.138457071723
 Objectives (PBM) : 11779.6380788
Cluster size 1 :14
Predicted Label for 1: [ 8  9  5  0  6  0  5  6  8 13  7 10 10  5 13 12  5  6 13  1 12  5  0 10  6
 12  0 10  5  2 12  2  2  5 13 10 10  9 13  5  5 13  0  3  9  3 12 12  7  3
 12  3  2 12 13  5 12 12  6  1  0  1  1 12  1  1 12  2  0  7  2 10  0  2  5
 12  0 12 13  9  1  5 11  8 10 13  1  0 10  2 10 10  3  2 12  2 12  1  0  0
 10 12  7 13  0  2  0 10 10  5  9  8  2  1  6 12 13  0  3 13  1  0  7  0  8
  4 13 10  7  6 13  5 13  9  0  1  0  0 11 12 10  0 10 10  0 10  3  6  6  6
  6  2 12  2  0  7  7  1  1  1  6  1  2  9  6  8  3  6  0  0 10  9  0 13  0
  5 12  0  2 12  6  3  5  6  1 13  2 12  6 11  3  9  6  3  7 12  1 12 13  9
 13  3 12  1 12  0  5  9  8  1  7  2 10  8  7  2  7 12  7  9  3  9  2  7 13
  1  1 10 10  6 11 11  8 10  2  2  8  8  7  6 10 12  0  6  2 10 13  7  5 10
  2  0  0 11  3  6  9  0  5  2  1  9  0  9  9  8  1  7 12  6 13  2  3  1  9
  8 11  6  7  2 10  0 13 10  8  9  2  6  8 12 13 13  0  8 11 10 12 13  1  1
 12  0  1  7 12  1 13  6  2  8 12  1 11  1  0  3  5  2  2 13 12  9  2  0  7
  8 13  1  0 12 13 10 11 13 10 12  9  0  8 10  1  9  3 10 10 10  2  2  0  0
  0  2  3 12 12  3  9 10  5  8 12  5  0 10  7 10 10  5  1  8 12  0  7  1  2
  6  1  2 12  2  6  3 10 10 12  2  2  0 12  9  2  2 12 12  0  1  1  3  8 10
  1  0  5]
 Dunn Index 1 : 0.109552779947
---------------------------------------------------------------------------------------------------------
chromosome 2 : [  7.59259259e-01   2.45424837e-01   1.12757026e-17 ...,   0.00000000e+00
   0.00000000e+00   0.00000000e+00]
 Objectives (Sil) : 0.180142682362
 Objectives (PBM) : 30874.0666367
Cluster size 2 :9
Predicted Label for 2: [5 5 8 0 1 0 8 1 4 8 7 1 1 8 5 0 7 1 5 8 0 8 0 1 1 0 0 1 7 8 0 8 8 7 8 1 1
 5 8 8 7 8 0 4 5 4 0 0 7 4 0 6 7 8 4 8 8 8 1 0 0 0 0 5 8 8 0 8 0 7 8 0 0 8
 8 0 1 0 4 5 0 8 1 4 0 4 0 0 1 8 1 0 4 8 8 8 0 0 0 0 1 0 7 5 0 8 0 1 5 8 3
 4 8 0 1 0 8 0 6 8 8 1 7 0 5 2 8 0 4 1 8 4 8 5 1 0 0 0 1 0 0 0 1 0 0 1 6 1
 1 1 1 8 0 8 0 7 7 0 8 5 1 0 8 3 1 4 6 1 0 0 1 5 1 8 0 8 8 0 8 8 1 4 8 1 0
 8 8 0 1 1 4 3 1 6 7 0 0 8 8 5 8 6 8 0 0 0 8 3 3 0 7 8 1 4 7 8 7 0 7 5 4 5
 8 7 8 8 0 1 1 1 1 1 3 0 8 8 4 4 7 1 0 0 0 1 8 0 8 7 4 1 8 0 0 1 6 1 5 0 7
 8 0 5 0 3 5 5 0 7 0 1 8 8 6 5 5 4 1 1 7 8 1 0 4 1 4 5 8 1 4 0 8 8 0 5 1 0
 5 8 0 0 8 0 0 7 0 8 8 1 8 4 0 8 1 8 0 6 8 8 8 8 0 5 8 0 7 4 4 0 0 5 8 1 1
 8 0 8 3 0 4 0 8 3 6 1 1 1 8 8 0 0 0 8 6 5 0 6 3 0 7 5 5 8 0 1 7 0 1 8 0 4
 0 0 7 0 8 1 0 8 0 8 1 3 0 0 8 8 8 0 0 3 8 8 8 0 0 0 8 4 5 0 0 0 8]
 Dunn Index 2 : 0.132951253968
---------------------------------------------------------------------------------------------------------
chromosome 3 : [ 0.59669198  0.2068893   0.03031995 ...,  0.          0.          0.        ]
 Objectives (Sil) : 0.187611921579
 Objectives (PBM) : 28658.1885063
Cluster size 3 :9
Predicted Label for 3: [6 5 8 2 4 2 8 4 1 8 0 6 4 8 8 6 0 4 8 2 6 8 2 4 4 6 2 4 0 8 6 8 8 0 8 6 4
 5 8 8 0 8 2 1 5 1 6 6 0 1 6 1 0 6 8 8 6 8 4 2 2 2 2 6 8 2 6 8 2 0 8 6 2 8
 8 6 2 6 8 5 2 8 4 1 6 8 2 2 4 8 4 6 1 8 6 8 6 2 2 2 4 6 0 8 2 8 2 4 5 8 3
 1 8 2 4 6 8 2 1 8 8 2 0 2 5 7 8 6 1 4 8 8 8 5 2 2 2 2 4 6 6 2 4 2 2 4 1 4
 4 4 4 8 6 8 2 0 0 2 8 6 4 2 8 3 4 1 1 4 2 2 4 5 2 8 2 8 8 2 8 8 4 1 8 4 2
 8 8 6 4 4 1 5 4 1 0 6 2 6 8 5 8 1 8 2 6 2 8 5 5 2 0 8 4 1 0 8 0 6 0 5 1 5
 8 0 6 8 2 4 4 4 4 4 1 6 8 8 5 5 0 4 6 6 2 4 8 6 6 0 5 4 8 2 2 4 1 4 5 2 0
 8 2 5 2 5 5 6 6 0 6 4 8 8 1 6 5 1 4 4 0 8 6 2 1 4 1 5 8 4 1 6 8 8 2 5 4 6
 6 8 2 2 6 2 2 0 6 8 8 4 8 1 6 8 4 8 2 1 8 8 8 8 2 5 8 2 0 1 1 2 2 6 8 6 4
 8 6 6 3 2 1 6 8 5 1 4 4 6 8 8 2 2 2 8 1 6 6 1 3 6 0 5 6 8 2 4 0 6 4 8 2 5
 6 2 0 6 8 4 2 8 6 8 4 1 6 6 6 8 8 2 6 3 8 8 8 6 2 2 8 1 5 2 2 2 8]
 Dunn Index 3 : 0.118925686736
---------------------------------------------------------------------------------------------------------
chromosome 4 : [ 0.59243971  0.30434783  0.00262242 ...,  0.          0.          0.        ]
 Objectives (Sil) : 0.194233360408
 Objectives (PBM) : 33222.8672962
Cluster size 4 :7
Predicted Label for 4: [4 2 0 3 3 1 0 3 5 0 5 4 3 0 0 4 0 3 0 1 4 0 1 3 3 4 1 3 5 0 4 0 0 0 0 4 3
 2 0 0 2 4 3 5 2 5 4 4 0 5 4 5 0 4 0 0 4 4 3 1 3 1 1 4 1 1 4 0 1 5 0 4 3 0
 0 4 3 4 0 2 1 0 3 5 4 0 1 1 3 1 3 4 5 1 4 1 4 1 1 3 3 4 5 0 1 1 3 3 4 0 2
 2 1 4 3 4 0 1 5 0 1 3 0 1 2 6 0 4 5 3 0 0 4 2 3 1 1 1 3 4 4 3 3 3 1 3 5 3
 3 3 3 0 4 0 1 0 5 1 1 4 3 1 1 2 3 0 5 3 3 3 3 2 3 0 3 0 1 1 1 1 3 5 0 3 1
 0 1 4 3 3 5 2 3 5 0 4 1 4 0 2 0 5 1 1 4 1 0 2 2 1 5 1 3 2 0 1 5 4 5 2 5 2
 1 5 4 4 1 3 3 3 3 3 2 4 1 1 2 2 5 3 4 4 1 3 0 4 4 0 0 3 1 1 1 3 5 3 2 1 0
 1 1 2 1 2 2 4 4 5 4 3 0 1 5 4 2 0 3 3 0 1 4 1 0 3 2 2 0 3 0 4 0 0 1 2 3 4
 4 0 1 1 4 1 1 0 4 1 0 3 0 2 4 1 3 1 3 5 0 0 0 0 1 2 1 1 5 5 0 1 3 4 0 4 3
 0 3 4 2 1 2 4 1 2 5 3 3 4 1 0 3 1 1 0 5 4 4 5 2 4 0 4 4 0 1 3 0 4 3 0 1 2
 4 3 0 1 1 3 1 1 4 1 3 5 4 3 4 1 1 1 4 2 0 1 1 4 1 1 1 5 4 3 1 1 0]
 Dunn Index 4 : 0.103594435333
---------------------------------------------------------------------------------------------------------
chromosome 5 : [  9.17553421e-317   9.17552236e-317   9.17551050e-317 ...,
   0.00000000e+000   0.00000000e+000   0.00000000e+000]
 Objectives (Sil) : 0.172477285814
 Objectives (PBM) : 2785.4779838
Cluster size 5 :18
Predicted Label for 5: [14 13  7 17  2 17  7  2 12  8 16 14  2  7  8 14 15  2  8  7 14  8 17  2  2
 14 17  2 16  7 14  7  7 15  8 14  2 13  8  8 10  8 17  4 13 11 14 14 15 16
 14  6 15 14  8  7 14 14  2 17 17 17 17 14  7  7 14  7 17 15  7 14 17  7  8
 14 17 14  8 13 17  8  2 12 14  8 14 17  2  7  2 14 12  7 14  7 14 17 17 17
  2 14 15  8 17  7 17  2 13  8  3 12  7 17  2 14  8 17  5  8  7 17 15 17 12
  2  8 14 16  2  8  8  8 13 17 17 17 17  2 14 14 17  2 17 17  2  9  2  2  2
  2  7 14  7 17 15 15  7  7 13  2 17  7  3  2 12  0  2 17 17 14 13 17  8 17
  7 14 17  7 14  2 11  7  2 17  8  7 14  2  2 12 10  2  4 15 14 14 14  8 13
  8  9 14 17 14 17  8 12 12 17 16  7  2 12 15  7 15 14 15 10 12 10  7  5 14
 14 17  2  2  2  2  2 12 14  7  7 12 12 16  2 14 14 17  2  7 13 14 15  8  2
  7 17 17  2  1  2 10 17 16  7 17 13 17  3 13 12 14 16 14  2  8  7 11 13 13
 12  2  2 15  7 14 17  8  2 12 13  7  2  8 14  8  8 17 13  2 14 13  8 17 17
 14 17  7  8 14 14  8  2  7 12 14  7  2  7 17  9  7  7  7  8 14 13  7 17 16
 12 12 17 17 13  8  2  2  8 14 14 10 17 12 14  7  3  0  2  2 14  7  7 17 17
 17  7  6 14 14  5  3 14  8 12 14  8 17  2 16 14  2  8 17 12 14 17 15 14  7
  2 17  7 14  7  2  6 14 14 14  7  7 17 14 10  7  7 14 14 17 17  7 11  8 17
 17 17  7]
 Dunn Index 5 : 0.0818382331924
---------------------------------------------------------------------------------------------------------
chromosome 6 : [  3.02369930e-01   2.18114790e-02  -1.56965337e-04 ...,   0.00000000e+00
   0.00000000e+00   0.00000000e+00]
 Objectives (Sil) : 0.31930247279
 Objectives (PBM) : 9265.89899792
Cluster size 6 :3
Predicted Label for 6: [0 0 2 1 1 1 2 1 2 1 2 1 1 2 0 1 2 1 2 1 1 2 1 1 1 1 1 1 2 2 1 2 2 2 2 1 1
 0 2 2 0 1 1 2 0 2 1 1 2 2 1 2 2 1 2 2 1 1 1 1 1 1 1 0 1 1 1 2 1 2 2 1 1 2
 2 1 1 1 2 0 1 2 1 2 1 2 1 1 1 1 1 1 2 1 1 1 1 1 1 1 1 1 2 0 1 1 1 1 0 2 0
 0 1 1 1 1 2 1 2 2 1 1 2 1 0 1 2 1 2 1 2 2 1 0 1 1 1 1 1 1 1 1 1 1 1 1 2 1
 1 1 1 2 1 2 1 2 2 1 1 1 1 1 1 0 1 0 2 1 1 1 1 0 1 2 1 2 1 1 1 1 1 2 2 1 1
 2 1 1 1 1 2 0 1 2 2 1 1 1 2 0 2 2 1 1 1 1 2 0 0 1 2 1 1 0 2 1 2 1 2 0 2 0
 1 2 1 1 1 1 1 1 1 1 0 1 2 1 0 0 2 1 1 1 1 1 2 1 1 2 2 1 1 1 1 1 2 1 0 1 2
 2 1 0 1 0 0 0 1 2 1 1 2 1 2 1 0 2 1 1 2 2 1 1 2 1 0 0 2 1 2 1 2 2 1 0 1 1
 1 2 1 1 1 1 1 2 1 1 2 1 2 0 1 1 1 1 1 2 2 2 2 2 1 0 1 1 2 2 2 1 1 0 2 1 1
 2 1 1 0 1 0 1 1 0 2 1 1 1 1 2 1 1 1 2 2 1 1 2 0 1 2 0 1 2 1 1 2 1 1 2 1 0
 1 1 2 1 1 1 1 1 1 1 1 0 1 1 1 2 1 1 1 0 2 1 1 1 1 1 1 2 0 1 1 1 2]
 Dunn Index 6 : 0.072223519177
---------------------------------------------------------------------------------------------------------
chromosome 7 : [ 0.36961178  0.05188679  0.00406137 ...,  0.          0.          0.        ]
 Objectives (Sil) : 0.241375046721
 Objectives (PBM) : 39971.71419
Cluster size 7 :3
Predicted Label for 7: [2 2 2 1 1 1 2 1 0 2 0 1 1 2 2 2 2 1 2 2 2 2 1 1 1 1 2 1 0 2 1 2 2 2 2 1 1
 0 2 2 0 2 1 0 2 0 1 2 2 0 2 0 2 2 0 2 2 2 1 2 1 2 2 2 2 2 1 2 2 0 2 1 1 2
 2 2 1 1 0 0 1 0 1 0 1 2 2 2 1 2 1 1 0 2 2 2 1 1 1 1 1 2 0 2 2 2 1 1 1 2 0
 0 2 1 1 2 2 1 0 2 2 1 0 2 0 1 2 1 0 1 2 0 2 0 1 1 1 1 1 1 1 1 1 1 1 1 0 1
 1 1 1 2 2 2 1 2 0 2 2 2 1 2 2 0 1 0 0 1 1 1 1 2 1 2 1 2 2 1 2 2 1 0 2 1 2
 2 2 2 1 1 0 0 1 0 0 2 2 2 2 0 2 0 2 2 2 2 2 0 0 2 0 2 1 0 0 2 0 1 0 0 0 0
 2 0 2 2 2 1 1 1 1 1 0 1 2 2 0 0 0 1 1 1 1 1 2 1 2 0 0 1 2 1 1 1 0 1 0 1 0
 2 2 0 2 0 0 2 2 0 1 1 2 2 0 2 2 0 1 1 0 2 1 1 0 1 0 0 2 1 0 2 2 2 1 2 1 1
 2 2 2 2 2 1 2 0 2 2 2 1 2 0 2 2 1 2 1 0 2 2 2 2 2 2 2 2 0 0 0 2 1 2 2 1 1
 2 1 2 0 2 0 1 2 0 0 1 1 1 2 2 1 1 2 2 0 2 1 0 0 1 0 2 2 2 2 1 0 1 1 2 2 0
 1 1 0 2 2 1 2 2 1 2 1 0 1 1 2 2 2 2 1 0 2 2 2 2 2 2 2 0 2 1 2 1 2]
 Dunn Index 7 : 0.0811186055507
---------------------------------------------------------------------------------------------------------
chromosome 8 : [  4.71188230e-01   1.92298462e-01   9.54097912e-18 ...,   0.00000000e+00
   0.00000000e+00   0.00000000e+00]
 Objectives (Sil) : 0.151040243995
 Objectives (PBM) : 10281.632454
Cluster size 8 :15
Predicted Label for 8: [10  7  6  5  9  5  6  9  1  2  0  4  4  6 12 10  6  9  2  6 10 12  5  4  9
 10  6  4 11  2 10  6  2  6  2  4  4 14 12 12 11  2  5  0  7  0 10 10  0  0
 10  0  6 10  2  6 10 10  9  5  5  5 10 12 10  6 10  2  6  0  6 10  5  6 12
 10  5 10 12  7  5 12  3  1  4  2 10  5  4  2  4 10  1  6 10  6 10  5  5  5
  4 10  0 12  5  6  5  4  7 12  8  1  2  5  9  2 12  5  0  2  6  5  0  5 14
 13  2 10  0  9 12 12  2  7  5  5  5  5  3 10 10  5  4  5  5  4  1  9  9  9
  9  2 10  6  5  6  0  6  6  7  9 10  6  8  9  1  0  9  5  5  4  7  5  2  5
  6  2  5  6 10  9  1  6  9  6  2  2 10  9  4  1 11  9  0  0 10 10 10  2 14
  2  1 10  6 10  5 12 14  1  5  0  6  4  1  0  6  0 10  0 11  1 11  6  0  2
 12  5  4  4  9  3  3  1  4  6  6  1  1 11  9 10 10  5  9  6  4  2  0 12  4
  2  5  5  9  0  9 11  5 11  6  6 12  5 14  7 12 10  0 10  9 12  6  0  7  7
  1  9  9  0  6  4  5 12  4  1  7  6  9 12 10  2  2  5 12  9  4  7  2  6  5
 10  5  6  0 10 10  2  9  6  1 10  6  9 10  5  1  6  6  6  2 10  7  2  5  0
  1  1  6  5 12  2  4  3  2  4 10 11  5  1  4  6 14  0  4  4  4  6  6  5  5
  5  6  0 10 10  0  8 10 12 12 10 12  5  4 11  4  4 12  5 12 10  5  0 10  6
  9  5  6 10  2  9  1  4 10 10  6  2  5 10 11  2  6 10 10  5  5  6  1 12  5
  5  5  6]
 Dunn Index 8 : 0.133338924181
---------------------------------------------------------------------------------------------------------
chromosome 9 : [  3.71159800e-01   1.70278638e-01  -1.73472348e-18 ...,   0.00000000e+00
   0.00000000e+00   0.00000000e+00]
 Objectives (Sil) : 0.187462256146
 Objectives (PBM) : 7171.78535463
Cluster size 9 :9
Predicted Label for 9: [0 7 5 3 8 3 5 8 0 5 6 4 8 5 0 4 1 8 0 5 4 5 3 8 8 4 3 8 6 5 4 5 5 1 5 4 8
 7 0 5 6 4 3 2 7 6 4 4 1 6 4 2 1 4 0 5 4 5 8 3 3 3 3 4 5 5 4 5 3 1 5 4 3 5
 5 4 3 4 0 7 3 5 8 0 4 0 4 3 8 5 8 4 0 5 4 5 4 3 3 3 8 4 1 0 3 5 3 8 4 5 7
 0 5 3 8 4 5 3 2 5 5 3 1 3 7 8 4 4 6 8 5 0 4 7 3 3 3 3 8 4 4 3 8 3 3 8 2 8
 8 8 8 5 4 5 3 1 1 3 5 4 8 3 5 7 8 0 2 8 3 3 8 7 3 5 3 5 5 3 5 4 8 0 5 8 3
 5 5 4 8 8 2 7 8 2 1 4 4 4 5 7 5 2 4 3 4 3 5 7 7 3 6 5 8 0 1 5 1 4 1 6 0 7
 5 1 4 4 3 8 8 8 8 8 7 4 5 5 0 0 6 8 4 4 3 8 5 4 4 1 0 8 5 3 3 8 2 8 7 3 6
 5 3 7 3 7 7 0 4 6 4 8 5 5 2 4 7 0 8 8 1 5 4 3 0 8 0 7 5 8 0 4 5 5 3 0 8 4
 4 5 3 3 4 3 3 1 4 4 5 8 5 0 4 5 8 5 3 2 5 5 5 0 4 7 5 3 6 0 0 3 3 4 5 8 8
 5 4 4 7 3 6 4 5 7 2 8 8 4 5 5 3 3 3 5 2 4 4 2 7 4 1 0 4 5 3 8 6 4 8 5 3 0
 4 3 1 4 5 8 3 5 4 5 8 2 4 4 4 5 5 3 4 7 5 5 5 4 3 3 5 6 0 3 3 3 5]
 Dunn Index 9 : 0.0747077439764
---------------------------------------------------------------------------------------------------------
chromosome 10 : [  7.59259259e-01   8.12342812e-02   1.21430643e-17 ...,   0.00000000e+00
   0.00000000e+00   0.00000000e+00]
 Objectives (Sil) : 0.241026982231
 Objectives (PBM) : 64122.8561238
Cluster size 10 :4
Predicted Label for 10: [1 1 1 2 2 2 1 2 0 1 0 2 2 1 1 1 1 2 1 1 1 1 2 2 2 2 1 2 0 1 2 1 1 1 1 2 2
 0 1 1 0 1 2 0 1 0 2 1 1 0 1 0 1 1 0 1 1 1 2 1 2 1 1 1 1 1 2 1 1 0 1 2 2 1
 1 1 2 2 0 0 2 1 2 0 2 1 1 1 2 1 2 2 0 1 1 1 2 2 2 2 2 2 0 1 1 1 2 2 2 1 0
 0 1 2 2 1 1 2 0 1 1 2 1 2 0 3 1 2 0 2 1 0 1 0 2 2 2 2 2 2 2 2 2 2 2 2 0 2
 2 2 2 1 1 1 2 1 0 1 1 1 2 1 1 0 2 0 0 2 2 2 2 1 2 1 2 1 1 2 1 1 2 0 1 2 1
 1 1 1 2 2 0 0 2 0 0 2 1 1 1 0 1 0 1 1 1 2 1 0 0 1 0 1 2 0 0 1 0 2 0 0 0 0
 1 0 1 1 1 2 2 2 2 2 0 2 1 1 0 0 0 2 2 2 2 2 1 2 1 0 0 2 1 2 2 2 0 2 0 2 0
 1 1 0 1 0 0 1 1 0 2 2 1 1 0 1 1 0 2 2 0 1 2 2 0 2 0 0 1 2 0 1 1 1 2 1 2 2
 1 1 1 1 1 2 1 0 1 1 1 2 1 0 1 1 2 1 2 0 1 1 1 1 1 1 1 2 0 0 0 1 2 1 1 2 2
 1 2 1 0 1 0 2 1 0 0 2 2 2 1 1 2 2 1 1 0 1 2 0 0 2 0 1 1 1 2 2 0 2 2 1 1 0
 2 2 0 1 1 2 1 1 2 1 2 0 2 2 1 1 1 2 2 0 1 1 1 1 2 1 1 0 1 2 1 2 1]
 Dunn Index 10 : 0.0917915875448
---------------------------------------------------------------------------------------------------------
chromosome 11 : [ 0.57971014  0.17391304  0.01449275 ...,  0.          0.          0.        ]
 Objectives (Sil) : 0.194627330967
 Objectives (PBM) : 8096.07826727
Cluster size 11 :7
Predicted Label for 11: [0 6 2 1 1 5 2 1 3 0 3 0 1 2 2 0 2 1 0 5 0 2 5 1 1 0 5 1 3 2 0 2 2 2 2 0 1
 6 2 2 6 0 1 3 6 3 0 0 2 3 0 3 2 0 2 2 0 0 1 5 5 5 5 0 5 5 0 2 5 3 2 0 5 2
 2 0 1 0 2 6 5 2 1 3 0 2 5 5 1 5 1 0 3 5 0 5 0 5 5 5 1 0 3 0 5 5 5 1 6 2 4
 4 5 5 1 0 2 5 3 2 5 1 2 5 4 1 0 0 3 1 0 2 0 6 1 5 5 5 1 0 0 5 1 1 5 1 3 1
 1 1 1 2 0 2 5 2 3 5 5 6 1 5 5 4 1 4 3 1 5 5 1 6 1 0 5 2 0 5 5 0 1 3 2 1 5
 2 5 0 1 1 3 6 1 3 2 0 5 0 2 6 2 3 0 5 0 5 2 4 4 5 3 5 1 4 2 5 3 0 3 6 3 6
 5 3 0 0 5 1 1 1 1 1 4 0 2 2 4 4 3 1 0 0 5 1 2 0 0 2 2 1 5 5 5 1 3 1 6 5 2
 2 5 6 5 4 6 0 0 3 0 1 2 5 3 6 6 2 1 1 2 2 0 5 2 1 4 6 2 1 2 0 2 2 5 6 1 0
 6 2 5 5 0 5 5 2 0 0 0 1 2 4 0 5 1 5 5 3 2 2 2 2 5 6 5 5 3 3 2 5 5 6 0 1 1
 2 1 0 4 5 4 0 5 6 3 1 1 1 5 2 5 5 5 2 3 0 0 3 4 0 2 0 0 2 5 1 2 0 1 2 5 2
 0 5 2 0 2 1 5 5 0 2 1 4 0 0 0 2 2 5 0 4 2 5 0 0 5 5 5 3 0 5 5 5 2]
 Dunn Index 11 : 0.0756850891238
---------------------------------------------------------------------------------------------------------
chromosome 12 : [  4.07407407e-01   2.22222222e-01  -3.46944695e-18 ...,   0.00000000e+00
   0.00000000e+00   0.00000000e+00]
 Objectives (Sil) : 0.154635912467
 Objectives (PBM) : 10915.1974605
Cluster size 12 :16
Predicted Label for 12: [14 11  5  7  7  7  5  4  2 13  0  6  7  5 13  6  0  4 13  5  6  5  7  4  4
  6  1  7  2 13  7  5  5  0 13  6  7 11 13  5 12 13  7  2 11  2  7  6  0  2
  6  3  0 13  2  5 13 13  4  1  1  1  1  6  5  1  6  5  1  0  5  6  7  5  5
  6  7  6  2 11  1  5  4  2  7 13  1  7  4  5  4  7  2  5 13  5  7  1  1  7
  7  6  0 13  1  5  1  7 11  5  9 14 13  6  4 13  2  1  3 13  5  7  0  1 15
  8 13  7  2  4 13  2 13 11  7  1  1  1  4  6  6  7  4  7  1  7  3  4  4  7
  7 13  6  5  1  0  0  1  5  6  7  1  5 12  7 14  3  4  7  1  7 11  1 13  7
  5 13  1  5 13  4  2  5  4  1 13 13  6  4  4  2 12  4  3  0  6  1 13 13 15
 13  3 13  1  6  1  5 15 12  1  0  5  7 14  0  5  0  7  0  2  2 11  5  2 13
  6  1  4  4  7  4  4 12  6  5  5 14 14  2  4  6  6  1  4  5  6 13  0  2  7
 13  1  1  4  3  4 11  1  0  5  1 15  1 10 11 14  6  0  7  4 13  5  3  6 11
  2  4  7  0  5  6  7  2  7 14 11  5  4  2  6 13 13  1 14  4  6  6 13  1  1
 13  1  1  2 13  5 13  4  5 14 13  5  4  5  7  3  5  5  5 13 13 11 13  1  0
  2 14  1  1  6 13  6  4 13  7 13 12  1 12  6  5 11  3  7  7  6  5  5  7  7
  1  5  3  6  6  3 12  7  2 14  6  5  1  7  2  6  4  5  1  2  7  7  0  6  5
  4  1  5  7 13  4 12  6  7 13  5 13  1  6 12 13  5 13  7  1  1  5  2 14  7
  1  1  5]
 Dunn Index 12 : 0.172673184828
---------------------------------------------------------------------------------------------------------
chromosome 13 : [ 0.52555983  0.1449501   0.01706865 ...,  0.          0.          0.        ]
 Objectives (Sil) : 0.186427752155
 Objectives (PBM) : 11965.4770935
Cluster size 13 :15
Predicted Label for 13: [13 10  8  1  0  1  8  0  6  8  9 13  0  8  7 13 12  0  7  8 13  7  1  0  0
 13  1  0  9  8 13  8  8 12  7 13  0 10  7  7  9  7  1  5 10  4 13 13 12  9
 13  4 12 13  7  8 13 13  0  1  1  1  1 13  8  8 13  8  1 12  8 13  1  8  8
 13  1 13  7 10  1  7  0  6 13  7 13  1  0  8  0 13  6  8 13  8 13  1  1  1
  0 13 12  7  1  8  1  0 10  7  2  6  8  1  0 13  7  1  5  7  8  1 12  1 10
 14  7 13  9  0  7  7  7 10  1  1  1  1  0 13 13  1  0  1  1  0  6  0  0  0
  0  8 13  8  1 12 12  8  8 13  0  1  8  2  0  6  5  0  1  1  0 10  1  7  1
  8 13  1  8 13  0  4  8  0  1  7  8 13  0  0  6 10  0  3 12 13 13 13  7 10
  7  6 13  1 13  1  7 10  6  1  9  8  0  6 12  8 12 13 11  9  6 10  8  5 13
 13  1  0  0  0  0  0  6 13  8  8  6  6  9  0 13 13  1  0  8 13  7 12  7  0
  8  1  1  0  3  0 10  1  9  8  1 10  1  2 10  7 13  9 13  0  7  8  4 13 10
  7  0  0 12  8 13  1  7  0  6 10  8  0  7 13  8  7  1 10  0 13 13  7  1  1
 13  1  8  7 13 13  7  0  8  6 13  8  0  8  1  4  8  8  8  7 13 10  8  1  9
  6  7  1  1 13  7  0  0  7 13 13  2  1  6 13  8 10  5  0  0  0  8  8  1  1
  1  8  4 13 13  5  2 13  7  7 13  8  1  0  9 13  0  7  1  7 13  1 12 13  8
  0  1  8 13  8  0  6 13 13 13  8  8  1 13  2  8  8  8 13  1  1  8  9  7  1
  1  1  8]
 Dunn Index 13 : 0.163164696098
---------------------------------------------------------------------------------------------------------
chromosome 14 : [  9.17553421e-317   9.17552236e-317   9.17551050e-317 ...,
   0.00000000e+000   0.00000000e+000   0.00000000e+000]
 Objectives (Sil) : 0.177819059379
 Objectives (PBM) : 7545.09849652
Cluster size 14 :8
Predicted Label for 14: [4 2 6 7 3 7 6 3 5 4 1 7 7 6 4 7 1 3 4 6 4 4 7 3 3 7 6 3 1 6 7 6 6 1 4 7 3
 2 4 4 2 4 7 1 2 1 7 7 1 1 7 0 6 7 4 6 4 4 3 7 7 7 7 4 6 6 7 6 6 1 6 7 7 6
 4 7 3 7 4 2 7 4 3 5 7 4 7 7 3 6 3 7 5 6 4 6 7 7 7 7 3 7 1 4 6 6 7 3 2 4 2
 5 6 7 3 7 4 7 0 4 6 3 1 6 2 3 4 7 1 3 4 4 4 2 3 7 7 7 3 7 7 7 3 7 7 3 5 3
 3 3 3 6 7 6 7 1 1 6 6 7 3 7 6 2 3 5 0 3 7 7 7 2 3 4 7 6 7 7 6 7 3 5 6 3 6
 4 6 7 3 3 5 2 3 0 1 7 7 4 4 2 4 5 7 7 7 7 4 2 2 7 1 6 3 5 1 6 1 7 1 2 5 2
 6 1 4 4 7 3 3 3 3 3 5 7 6 6 5 5 1 3 7 7 7 3 6 7 4 1 4 7 6 7 7 3 0 3 2 7 1
 6 6 2 7 2 2 4 7 1 7 3 4 6 0 7 2 5 3 3 1 6 7 7 4 7 5 2 6 3 4 7 4 4 7 4 3 7
 7 4 6 7 4 7 6 1 7 4 4 3 6 5 7 6 3 7 7 0 6 6 6 4 7 2 6 7 1 5 4 6 7 4 4 3 3
 4 7 7 2 7 5 7 6 2 0 3 7 7 6 6 7 7 6 6 0 4 7 1 2 7 1 4 4 6 6 3 1 7 3 4 7 4
 7 7 1 7 6 3 7 6 7 6 3 5 7 7 7 6 6 7 7 2 6 6 4 7 7 7 6 1 4 7 7 7 6]
 Dunn Index 14 : 0.0723196067675
---------------------------------------------------------------------------------------------------------
chromosome 15 : [ 0.0182198  -0.07611052 -0.00015697 ...,  0.          0.          0.        ]
 Objectives (Sil) : 0.186764117566
 Objectives (PBM) : 12110.3661435
Cluster size 15 :13
Predicted Label for 15: [ 2  9 10  3  3  5 12  3  6 12  6  8  3 12 12  8 10  3 12  5  8 12  5  3  3
  8  5  3 11 12  8 12 12 10 12  8  3  9 12 12 11 12  3  6  9  6  8  8 10  6
  8  0 10  8 12 12  8 12  3  5  5  5  5  8  5  5  8 12  5 10 12  8  5 12 12
  8  3  8 12  9  5 11  3  6  8 12  5  5  3 12  3  8  6  5  8  5  8  5  5  5
  3  8 10 12  5  5  5  3  8 12  9  2 12  8  3  8 12  5  1 12  5  3 10  5  2
  4 12  8  6  3 12 12 12  9  3  5  5  5  3  8  8  5  3  3  5  3  7  3  3  3
  3 12  8 12  5 10 10  5  5  8  3  5  5  9  3  2  1  3  5  5  3  9  3 12  3
 12 12  5  5 12  3  6 10  3  5 12 12  8  3  3  7 11  3  0 10  8  5  8 12  9
 12  7 12  5  8  5 12  9  2  5  6  5  3  2 10  5 10  8  6 11  6 11  5  6 12
 12  5  3  3  3  3  3  7  8 10 12  2  2 11  3  8  8  5  3 10  8  8  6 11  3
 12  5  5  3  0  3 11  5 11 12  5 11  5  9  9  2  8  6  8  3 12  5  0  8  9
  6  3  3 10 12  8  5  6  3  2 11 12  3  2  8 12 12  5  2  3  8  8 12  5  5
  8  5  5  6  8 12 12  3 12  2  8 12  3 12  3  0 10 12 12 12  5  9 12  5  6
  6  2  5  5  8 12  8  3 12  8 12 11  5  7  8  5  9  1  3  3  8 12 12  5  5
  5 12  0  8  8  6  9  8  6  2  8 12  5  3  6  8  3 12  5  2  8  5 10  8 12
  3  5 12  8 12  3  7  8  8  8 12 12  5  8 11 12  5 12  8  5  5 12  6  2  8
  5  5 12]
 Dunn Index 15 : 0.117530446256
---------------------------------------------------------------------------------------------------------
chromosome 16 : [ 0.47438994  0.04024208  0.00317029 ...,  0.          0.          0.        ]
 Objectives (Sil) : 0.191250136975
 Objectives (PBM) : 8323.47622743
Cluster size 16 :9
Predicted Label for 16: [5 0 7 8 8 4 4 8 1 5 7 8 8 7 5 5 7 8 5 4 5 5 4 8 8 5 4 8 7 5 5 4 7 7 5 8 8
 0 5 7 7 5 8 1 0 1 5 5 7 1 5 6 7 5 1 4 5 5 8 4 8 4 4 5 4 4 5 5 4 7 4 8 8 4
 5 5 8 5 1 0 4 7 8 1 8 1 4 4 8 4 8 8 1 4 5 4 8 4 4 8 8 5 7 5 4 4 8 8 5 7 0
 1 4 8 8 5 1 8 3 5 4 8 7 4 0 8 5 8 1 8 5 1 5 0 8 4 4 4 8 5 5 8 8 8 4 8 3 8
 8 8 8 5 5 4 4 7 7 4 4 5 8 4 4 0 8 1 3 8 8 8 8 0 8 5 8 4 5 4 4 5 8 1 7 8 4
 5 4 5 8 8 1 0 8 2 7 5 4 5 5 0 5 3 5 4 5 4 5 0 0 4 7 4 8 1 7 4 7 5 7 0 1 0
 4 7 5 5 4 8 8 8 8 8 1 5 4 4 1 1 7 8 8 5 4 8 7 8 5 7 1 8 4 4 4 8 2 8 0 4 7
 4 4 0 4 0 0 5 5 7 5 8 5 4 6 5 0 1 8 8 7 4 8 4 1 8 1 0 4 8 1 5 5 5 4 5 8 8
 5 5 4 4 5 4 4 7 5 5 5 8 4 1 5 4 8 4 8 2 7 4 4 5 4 0 4 4 7 1 1 4 4 5 5 8 8
 7 8 5 0 4 1 8 4 0 3 8 8 8 4 4 8 4 4 4 6 5 5 3 0 8 7 5 5 7 4 8 7 8 8 5 4 1
 8 8 7 5 4 8 4 4 8 5 8 6 8 8 5 4 4 4 5 0 4 4 5 5 4 4 4 1 5 8 4 4 4]
 Dunn Index 16 : 0.074545539318
---------------------------------------------------------------------------------------------------------
chromosome 17 : [  5.50000000e-01   1.75000000e-01   3.46944695e-18 ...,   0.00000000e+00
   0.00000000e+00   0.00000000e+00]
 Objectives (Sil) : 0.142613379047
 Objectives (PBM) : 7439.09475555
Cluster size 17 :18
Predicted Label for 17: [15  9 13  6  6 12  5  4  8 10  1 14  6  5  2 15 13  4  2  5 15  0 12  3 11
  7  5  3  0 10 14  5 13 13  2  3  6  9  2  0  0  2  6  1  9  1 14 14 13  1
 14  1 13 14  2  5 14 10 11 12  4 12 12 15 10  5 14 10 12 13  5  7 12  5  5
  7  4  7  0  9 12  0 11  8  3  2 10 10  3 10  3  6  8 10 14  5 14 12 12  6
  3 14  1 15 12  5  4  3  7  0 17  8 10  7 11 10  0 12  1  2  5  4 13 12  8
 16  2  6  0  4 15  0  2  9  4 12 12 12 11 14  7  6  3  6 12  3  8 11  4  6
  6 10  7  5 12 13 13  5  5  7  6 12  5 17  4  8  1  4  6  4  6  9  4  2  6
  5 10 12  5 10 11  8 13  4  5 10 10 14  4  3  8  9 11  1 13  7 10 14  2  9
  2  8 14  5  7 12 10  9  8 12  1 10  3  8 13  5  1 14  1  0  8  9  5  1  2
 15 12  3  4  6 11 11  8  7 13 10  8  8  0  4  7  7 12 11 13  7  2  0  0  6
 10 12 12 11  1 11  9 12  0  5  5  9 12 17  9 15  7  1 14  4  2 10  1  7  9
  0 11  6 13  5  3 12  0  6  8  9  5  4  0 14 10  2 12 15 11  7  7  2  5 12
 14 12  5  0 14  5  2  4  5  8 14  5 11  5  6  1 13 10 10  2 10  9 10 12  1
  8  2  5  4 15  2  3 11  2  6 14 17 12  8  7  5  9  1  6  6  3 10  5  6  6
 12 10  1 15 14  1 17  6  0 15 15  0 12  6  0  3  3  0 12  0 14 12 13  7  5
  6 12  5 14 10  4  8  7  6 14  5 10 12  7 17 10  5 14 14 12 12  5  0 15  6
 12 12  5]
 Dunn Index 17 : 0.149753450112
---------------------------------------------------------------------------------------------------------
chromosome 18 : [ 0.65        0.175       0.05       ...,  2.94117647  2.94117647
  2.94117647]
 Objectives (Sil) : 0.127721989077
 Objectives (PBM) : 7230.09155146
Cluster size 18 :19
Predicted Label for 18: [ 2  4  0 11  9  1  0  9 13  7 14  2  9  0 13 18  6 16 13  1  7  4 11  8 16
 18  5  9 14  3  2  3  0  6 13  8  9 10 13  4 14  7  9 15  4 15  2  7  6 14
  7 15  0  7 13  3  2  7 16  1 11  1  1  4  1  5  2  3  5  6  0 18 11  3  4
  7 11 18 13 10  1  4 16 12  9 13  1 11  8  3  8  9 15  3  2  3  2  1 11 11
  9 18  6  4  5  3 11  9  8 13 10 12  3 18 16  7 13 11 15 13  3 11  6  5 12
 17 13  9 14 11  4 13  7  4 11  1 11 11 16 18 18 11  8  9 11  9 15 16 16  9
  9  3 18  3  5  6  6  1  1  4  9  1  5 10 11 12 15 16 11 11  9  4 11 13 11
  3  7  5  3  7 16 15  0 16  1 13  3 18 16  8 15 14 16 15  6 18  1  2 13 10
 13 15  7  1 18  5 13 10 12  1  6  3  8 12  6  3  6  2  6 14 15 14  3 15  7
  4  1  9  9  9 16 16 12  8  0  3 12 12 14 16 18 18 11 16  0  8  2  6  4  9
  3  5  1 16 15 16  4 11 14  3  1  4  5 10 10 12 18 14 18 16 13  3 15 18 10
 13 16  9  6  3  2 11 13  9 12  4  0 16 13  7  7 13  1 12 16 18 18 13  5  1
  7 11  5 13  7  1  7 16  3 12  7  1 16  1  9 15  0  3  0 13  7 10  3  5 14
 12 13  5 11  4 13  8 16 13  9  7 14  5 12 18  1 10 15  9  9  8  3  3 11 11
  5  3 15 18 18 15 10  9 13 12  7  4  5  9 14  8  9  4  1 13 18 11  6  1  3
  9  1  3  2  7 16 15 18  9  7  3  3  1 18 14  3  3  7  1  1  1  3 14  4  9
  1 11  4]
 Dunn Index 18 : 0.115856889273
---------------------------------------------------------------------------------------------------------
chromosome 19 : [ 0.70833333  0.25        0.04166667 ...,  0.          0.          0.        ]
 Objectives (Sil) : 0.179347031186
 Objectives (PBM) : 11760.7229957
Cluster size 19 :14
Predicted Label for 19: [ 3  0  8  7  6  7  8  2 10  3 13  6  6  8  3  3  1  2  3  8  3  8  7  6  2
  6  7  6 13  8  6  8  8  1  3  6  6 11  3  8 13  3  6 10  0 10  6  3  1 10
  3 12  1  3 10  8  3  3  2  7  7  7  7  3  8  8  6  8  7  1  8  6  7  8  8
  3  7  6 10  0  7 13  2 10  6 10  7  7  6  8  6  6 10  8  3  8  6  7  7  7
  6  6  1  3  7  8  7  6  0  8  4 10  8  7  2  3  8  7 12  8  8  7  1  7 11
  9  3  6 13  2  3 10  3  0  7  7  7  7  2  6  6  7  6  6  7  6 12  2  2  2
  2  8  3  8  7  1  1  7  8  0  6  7  8  5  2 10 12  2  7  7  6  0  7  3  7
  8  3  7  8  3  2 10  8  2  7  8  8  3  2  2 10 13  2 12  1  6  7  3  3 11
  3 12  3  7  3  7  8 11  5  7  1  8  6 10  1  8  1  6  1 13 10 13  8  1  3
  3  7  6  6  2  2  2  5  6  8  8 10 10 13  2  6  6  7  2  8  6  3  1 13  6
  8  7  7  2 12  2  0  7 13  8  7  0  7 11  0  3  6  1  6  2  8  8 12  0  0
 10  2  2  1  8  6  7 10  6 10  0  8  2 10  3  3  8  7  0  2  6  0  3  7  7
  3  7  7  1  3  3  3  2  8 10  3  8  2  8  6 12  8  8  8  3  3  0  8  7  1
 10 10  7  7  0  3  6  2  8  6  3  5  7  5  6  8 11 12  6  6  6  8  8  7  7
  7  8 12  3  6 12  5  6  1  3  3  8  7  6 13  6  6  8  7 10  6  7  1  3  8
  2  7  8  6  8  2  5  6  6  3  8  8  7  6  5  8  8  3  7  7  7  8 10  3  6
  7  7  8]
 Dunn Index 19 : 0.172695256021
---------------------------------------------------------------------------------------------------------
chromosome 20 : [ 0.48836486  0.19149573  0.0154835  ...,  0.          0.          0.        ]
 Objectives (Sil) : 0.241375046721
 Objectives (PBM) : 17765.2063067
Cluster size 20 :3
Predicted Label for 20: [0 0 0 2 2 2 0 2 1 0 1 2 2 0 0 0 0 2 0 0 0 0 2 2 2 2 0 2 1 0 2 0 0 0 0 2 2
 1 0 0 1 0 2 1 0 1 2 0 0 1 0 1 0 0 1 0 0 0 2 0 2 0 0 0 0 0 2 0 0 1 0 2 2 0
 0 0 2 2 1 1 2 1 2 1 2 0 0 0 2 0 2 2 1 0 0 0 2 2 2 2 2 0 1 0 0 0 2 2 2 0 1
 1 0 2 2 0 0 2 1 0 0 2 1 0 1 2 0 2 1 2 0 1 0 1 2 2 2 2 2 2 2 2 2 2 2 2 1 2
 2 2 2 0 0 0 2 0 1 0 0 0 2 0 0 1 2 1 1 2 2 2 2 0 2 0 2 0 0 2 0 0 2 1 0 2 0
 0 0 0 2 2 1 1 2 1 1 0 0 0 0 1 0 1 0 0 0 0 0 1 1 0 1 0 2 1 1 0 1 2 1 1 1 1
 0 1 0 0 0 2 2 2 2 2 1 2 0 0 1 1 1 2 2 2 2 2 0 2 0 1 1 2 0 2 2 2 1 2 1 2 1
 0 0 1 0 1 1 0 0 1 2 2 0 0 1 0 0 1 2 2 1 0 2 2 1 2 1 1 0 2 1 0 0 0 2 0 2 2
 0 0 0 0 0 2 0 1 0 0 0 2 0 1 0 0 2 0 2 1 0 0 0 0 0 0 0 0 1 1 1 0 2 0 0 2 2
 0 2 0 1 0 1 2 0 1 1 2 2 2 0 0 2 2 0 0 1 0 2 1 1 2 1 0 0 0 0 2 1 2 2 0 0 1
 2 2 1 0 0 2 0 0 2 0 2 1 2 2 0 0 0 0 2 1 0 0 0 0 0 0 0 1 0 2 0 2 0]
 Dunn Index 20 : 0.0811186055507
---------------------------------------------------------------------------------------------------------
chromosome 21 : [  3.02369930e-01   2.18114790e-02  -1.56965337e-04 ...,   0.00000000e+00
   0.00000000e+00   0.00000000e+00]
 Objectives (Sil) : 0.352740756904
 Objectives (PBM) : 14435.8312645
Cluster size 21 :2
Predicted Label for 21: [0 0 0 1 1 1 0 1 0 1 0 1 1 0 0 1 0 1 0 1 1 0 1 1 1 1 1 1 0 1 1 1 0 0 0 1 1
 0 0 0 0 1 1 0 0 0 1 1 0 0 1 0 0 1 0 0 1 1 1 1 1 1 1 1 1 1 1 1 1 0 0 1 1 1
 0 1 1 1 0 0 1 0 1 0 1 0 1 1 1 1 1 1 0 1 1 1 1 1 1 1 1 1 0 0 1 1 1 1 1 0 0
 0 1 1 1 1 0 1 0 0 1 1 0 1 0 1 0 1 0 1 0 0 1 0 1 1 1 1 1 1 1 1 1 1 1 1 0 1
 1 1 1 0 1 1 1 0 0 1 1 1 1 1 1 0 1 0 0 1 1 1 1 0 1 0 1 0 1 1 1 1 1 0 0 1 1
 0 1 1 1 1 0 0 1 0 0 1 1 1 0 0 0 0 1 1 1 1 0 0 0 1 0 1 1 0 0 1 0 1 0 0 0 0
 1 0 1 1 1 1 1 1 1 1 0 1 1 1 0 0 0 1 1 1 1 1 0 1 1 0 0 1 1 1 1 1 0 1 0 1 0
 1 1 0 1 0 0 0 1 0 1 1 0 1 0 1 0 0 1 1 0 1 1 1 0 1 0 0 0 1 0 1 1 0 1 0 1 1
 1 0 1 1 1 1 1 0 1 1 0 1 0 0 1 1 1 1 1 0 0 0 1 0 1 0 1 1 0 0 0 1 1 1 0 1 1
 0 1 1 0 1 0 1 1 0 0 1 1 1 1 1 1 1 1 1 0 1 1 0 0 1 0 0 1 0 1 1 0 1 1 0 1 0
 1 1 0 1 1 1 1 1 1 1 1 0 1 1 1 1 1 1 1 0 1 1 1 1 1 1 1 0 0 1 1 1 0]
 Dunn Index 21 : 0.0716594361789
---------------------------------------------------------------------------------------------------------
chromosome 22 : [  1.96761901e-01  -5.55111512e-17  -3.46944695e-18 ...,   0.00000000e+00
   0.00000000e+00   0.00000000e+00]
 Objectives (Sil) : 0.152499672363
 Objectives (PBM) : 10329.8720923
Cluster size 22 :18
Predicted Label for 22: [11  9  0 17  3 17  0  3 14 12  1  6  3  0 12  6  0  5 12 16  6 12 17  3  5
  6 16  3 15 12  6  0  0  0 12  6  3  8 12  0 15 12  3 14  9 13  6  6  1 14
  6 10  0 16 12  0  6 16  5 16 17 16 16  6 16 16  6 12 16  1  0  6 17  0  0
  6 17  6 12  9 17 15  5 14  3 12 16 16  3 16  3  3 14 16  6 16  6 17 17 17
  3  6  1 12 17 16 17  3  9  0  2 11 16 17  5 16 12 17 10 12 16 17  1 17  8
  7 12  6 14 17 12 14 12  9 17 17 17 17  5  6  6 17  3  3 17  3 10  5  5  3
  3 12  6  0 17  0  1 16 16  9  3 16 16  4 17 11 10  5 17 17  3  9 17 12 17
  0 16 17 16 16  5 13  0  5 16 12 16  6  5  3 14 15  5 10  1  6 16  6 12  8
 12 10 16 16  6 17 12  8  4 17  1 16  3 11  1 16  1  6  1 15 14 15 16  1 12
 16 16  3  3  3  5  5  4  6  0 16 11 11 15  5  6  6 17  5  0  6 12  1 15  3
 16 17 17  5 10  5  9 17 15  0 16  9 17  8  9 11  6  1  6  5 12 16 10  9  9
 14  5  3  1  0  6 17 14  3 11  9  0  5 14  6 12 12 17 11  5  6  9 12 16 16
  6 17 16 14  6 16 12  5  0 11  6 16  5 16  3 10  0  0  0 12 16  9 16 17  1
 14 11 16 17  9 12  3  5 12  3 16  4 17  4  6 16  8 10  3  3  3 16  0 17 17
 17  0 10  6  6 10  4  6  0 11  6  0 17  3 15  6  3 12 16 14  6 17  1 16 16
  3 16 16  6 16  5  4  6  3  6  0 16 17  6  4 12 16 16  6 17 16 16 14 11  3
 16 17  0]
 Dunn Index 22 : 0.15671328393
---------------------------------------------------------------------------------------------------------
chromosome 23 : [  4.41860465e-01   1.16279070e-01   5.20417043e-18 ...,   0.00000000e+00
   0.00000000e+00   0.00000000e+00]
 Objectives (Sil) : 0.160373303012
 Objectives (PBM) : 18202.0184378
Cluster size 23 :11
Predicted Label for 23: [ 5  1  6  4  4  4  6  4  0  5  2  9  9  6  5 10  6  8  5  3 10  5  4  9  8
 10  3  9  0  5  9  3  6  6  5  9  9  1  5  6  1  5  4  0  1  0 10 10  6  0
 10  2  6  5  5  6  5  5  8  3  4  3  3 10  3  3 10  5  3  6  6 10  4  6  5
 10  4 10  5  1 10  6  8  0  9  5  3  4  9  3  9  4  0  3  5  3 10 10  4  4
  9 10  2  5  3  3  4  9 10  6  1  0  3 10  8  5  5  4  2  5  3  4  6  3  1
  7  5  4  0  4  5  0  5  1  4  3  4  4  8 10 10  4  9  4  4  9  0  8  8  4
  4  5 10  6  4  6  2  3  3 10  4  3  3  1  4  0  2  8  4  4  4  1  4  5  4
  6  5  4  3  5  8  0  6  8  3  5  5 10  8  9  0  1  8  2  6 10  3  5  5  1
  5  0  3  3 10  3  5  1  1  3  2  3  9  0  6  3  2 10  2  1  0  1  3  2  5
 10  3  9  4  4  8  8  0  9  6  3  0  0  0  8 10 10  4  8  6  9  5  6  0  9
  3  4  4  8  2  8  1  4  6  3  3  1  3  1  1  5 10  2 10  8  5  3  2 10  1
  0  8  4  6  6  9  4  0  4  0  1  6  8  0 10  5  5  4  5  8 10 10  5  3  3
  5  4  3  6 10  3  5  8  6  0 10  3  8  3  4  2  6  6  6  5  3  1  3  3  2
  0  0  3  4 10  5  9  8  5  9  5  1  3  0 10  3  1  2  9  4  9  3  6  4  4
  3  3  2 10 10  2  1 10  6  5 10  6  3  4  0  9  9  5  3  0 10  4  6 10  3
  8  3  3 10  5  8  0 10  4  5  6  5  3 10  1  5  3  5 10  3  3  3  0  5  4
  3  4  6]
 Dunn Index 23 : 0.11848989439
---------------------------------------------------------------------------------------------------------
chromosome 24 : [ 0.4245283   0.10377358  0.00943396 ...,  0.          0.          0.        ]
 Objectives (Sil) : 0.150619748274
 Objectives (PBM) : 14339.3699062
Cluster size 24 :12
Predicted Label for 24: [ 3  9  4  0  0  5  4  0  1  3  6  8  0  4  2  3  4 10  3  4  3  2  5 10 10
  8  5  0  2  4  0  4  4  4  2  8  0  9  2  2  9  3  0  6  9  6  0  3  6  6
  3  6  4  3  2  4  3  3 10  5  5  5  5  3  3  4  8  4  5  6  4  8  5  4  2
  3  5  8  2  9  5  2  7  1  0  2  3  5  8  4 10  0  1  4  3  4  0  5  5  0
  0  8  6  3  5  4  5  0  8  2  9  1  4  5 10  3  2  5  6  3  4  5  6  5  9
 11  3  0  6 10  3  2  3  9  5  5  5  5  7  8  8  0  8  0  5  0  1 10 10  0
  0  4  3  4  5  4  6  5  4  3  0  5  4  9  0  1  6 10  0  5  0  9  5  3  0
  4  3  5  4  3 10  1  4 10  5  4  4  3 10 10  1  9 10  6  6  8  3  3  3  9
  3  1  3  5  3  5  2  9  1  5  6  4  8  1  2  4  6  0  6  9  1  9  4  6  3
  3  5 10  0  0 10 10  1  8  4  4  1  1  2 10  8  8  5 10  4  8  3  6  2  0
  4  5  5 10  6 10  9  5  2  4  5  9  5  9  9  3  8  6  0 10  2  4  6  8  9
  2 10  0  6  4  8  5  2  0  1  9  4 10  2  3  3  2  5  3 10  8  8  3  5  5
  3  5  5  2  3  3  3 10  4  1  3  4 10  3  0  6  4  4  4  3  3  9  4  5  6
  1  1  5  5  3  3  8 10  2  0  3  9  5  1  8  4  9  6  0  0  8  4  4  0  0
  5  4  6  3  8  6  9  0  2  3  3  2  5  0  2  8  0  2  5  2  0  5  6  3  4
 10  5  4  0  4 10  1  8  0  3  4  4  5  8  9  4  4  3  3  5  5  4  1  3  0
  5  5  4]
 Dunn Index 24 : 0.109034796999
---------------------------------------------------------------------------------------------------------
chromosome 25 : [  7.26711786e-01   1.69741165e-01  -3.46944695e-18 ...,   0.00000000e+00
   0.00000000e+00   0.00000000e+00]
 Objectives (Sil) : 0.18414361665
 Objectives (PBM) : 10045.7964127
Cluster size 25 :17
Predicted Label for 25: [12 13  7  1  0  1  7  0 11 15 14 16  0  7 15 16  4  0 15  7 16 15  1  0  0
 16  1  0 14  7 16  7  7  4 15 16  0 13 15 15 14 15  1 11 13  8 16 16  4 11
 16  6  4 16 15  7 16 16  0  1  1  1  1 16  7  7 16  7  1  4  7 16  1  7 15
 16  1 16 15 13  1 15  0 11 16 15 16  1  0  7  0 16 11  7 16  7 16  1  1  1
  0 16  4 15  1  7  1  0 13 15  2 12  7  1  0 16 15  1  9 15  7  1  4  1 10
  3 15 16 14  0 15 15 15 13  1  1  1  1  0 16 16  1  0  1  1  0 11  0  0  0
  0  7 16  7  1  4  4  7  7 13  0  1  7  2  0 12  9  0  1  1  0 13  1 15  1
  7 16  1  7 16  0  8  7  0  1 15  7 16  0  0 11 13  0  9  4 16 16 16 15 13
 15 11 16  1 16  1 15 10 10  1 14  7  0 12  4  7  4 16  8 14 11 13  7 11 16
 16  1  0  0  0  0  0 10 16  7  7 12 10 14  0 16 16  1  0  7 16 16  4 15  0
  7  1  1  0  5  0 13  1 14  7  1 13  1 10 13 12 16 14 16  0 15  7  8 13 13
 11  0  0  4  7 16  1 15  0 12 13  7  0 15 16 15 15  1 12  0 16 13 15  1  1
 16  1  7 15 16 16 15  0  7 10 16  7  0  7  1  6  7  7  7 15 16 13  7  1 14
 11 15  1  1 13 15  0  0 15 16 16 10  1 10 16  7 13  9  0  0  0  7  7  1  1
  1  7  6 12 16 11  2 16 15 12 16  7  1  0 14 16  0 15  1 15 16  1  4 16  7
  0  1  7 16  7  0 10 16 16 16  7  7  1 16 10  7  7 16 16  1  1  7 11 12  1
  1  1  7]
 Dunn Index 25 : 0.172310540495
---------------------------------------------------------------------------------------------------------
chromosome 26 : [  4.40000000e-01   2.00000000e-01  -3.46944695e-18 ...,   0.00000000e+00
   0.00000000e+00   0.00000000e+00]
 Objectives (Sil) : 0.155896895259
 Objectives (PBM) : 9893.09702233
Cluster size 26 :14
Predicted Label for 26: [11  1  7  9  5  9  7  5 11  4  2 13 13  7 11 13  7  5 11  8 13  7  9  5  5
 13  8  5 10  4 13  8  4  7  4 13  5  1 11  7 10 11  9  6  1 12 13 13  2  6
 13  6  4 13 11  7 13  4  5  8  9  8  8 13  8  8 13  4  8  2  4 13  9  4  7
 13  9 13 11 10  9  7  5  6 13 11  8  9  5  4  5 13  6  4 13  8 13  9  9  9
  5 13  2 11  8  8  9  5  1  7  0 11  4  9  5  4 11  9  6  4  8  9  2  9  0
  3 11 13 10  9 11  7 11  1  9  9  9  9  5 13 13  9  5  9  9  5  6  5  5  5
  5  4 13  4  9  2  2  8  8  1  5  8  8  0  9 11  6  5  9  9 13  1  9 11  9
  7  4  9  8  4  5  6  7  5  8  4  4 13  5  5  6 10  5  6  2 13  8 13 11  0
  4  6  8  8 13  9  7  0  0  8  2  8  5 11  2  8  2 13 12 10  6 10  8  2 13
  8  8  5  5  5  5  5  0 13  4  4 11  0 10  5 13 13  9  5  4  1 11  2 10  5
  4  9  9  5  6  5 10  9 10  8  8 10  9  0  1 11 13  2 13  5 11  8  6  1  1
 11  5  5  2  4 13  9 11  5 11 10  4  5 11 13  4 11  9 11  5 13  1  4  8  8
 13  9  8  2 13  8 11  5  4  0 13  8  5  8  9  6  7  4  4 11  8  1  4  9  2
 11 11  8  9  1 11 13  5  4 13  8  0  8  0 13  8  0  6 13  5 13  4  8  9  9
  9  4  6 13 13  6  0 13  7 11 13  7  9  5 10 13  5  7  8 10 13  9  2  8  4
  5  8  8 13  4  5  0 13 13 13  7  4  9 13  0  4  8  8 13  9  8  8  6 11  9
  8  9  7]
 Dunn Index 26 : 0.10401944798
---------------------------------------------------------------------------------------------------------
chromosome 27 : [  5.68445588e-01  -2.35448005e-03  -1.56965337e-04 ...,   0.00000000e+00
   0.00000000e+00   0.00000000e+00]
 Objectives (Sil) : 0.352740756904
 Objectives (PBM) : 14435.8312645
Cluster size 27 :2
Predicted Label for 27: [0 0 0 1 1 1 0 1 0 1 0 1 1 0 0 1 0 1 0 1 1 0 1 1 1 1 1 1 0 1 1 1 0 0 0 1 1
 0 0 0 0 1 1 0 0 0 1 1 0 0 1 0 0 1 0 0 1 1 1 1 1 1 1 1 1 1 1 1 1 0 0 1 1 1
 0 1 1 1 0 0 1 0 1 0 1 0 1 1 1 1 1 1 0 1 1 1 1 1 1 1 1 1 0 0 1 1 1 1 1 0 0
 0 1 1 1 1 0 1 0 0 1 1 0 1 0 1 0 1 0 1 0 0 1 0 1 1 1 1 1 1 1 1 1 1 1 1 0 1
 1 1 1 0 1 1 1 0 0 1 1 1 1 1 1 0 1 0 0 1 1 1 1 0 1 0 1 0 1 1 1 1 1 0 0 1 1
 0 1 1 1 1 0 0 1 0 0 1 1 1 0 0 0 0 1 1 1 1 0 0 0 1 0 1 1 0 0 1 0 1 0 0 0 0
 1 0 1 1 1 1 1 1 1 1 0 1 1 1 0 0 0 1 1 1 1 1 0 1 1 0 0 1 1 1 1 1 0 1 0 1 0
 1 1 0 1 0 0 0 1 0 1 1 0 1 0 1 0 0 1 1 0 1 1 1 0 1 0 0 0 1 0 1 1 0 1 0 1 1
 1 0 1 1 1 1 1 0 1 1 0 1 0 0 1 1 1 1 1 0 0 0 1 0 1 0 1 1 0 0 0 1 1 1 0 1 1
 0 1 1 0 1 0 1 1 0 0 1 1 1 1 1 1 1 1 1 0 1 1 0 0 1 0 0 1 0 1 1 0 1 1 0 1 0
 1 1 0 1 1 1 1 1 1 1 1 0 1 1 1 1 1 1 1 0 1 1 1 1 1 1 1 0 0 1 1 1 0]
 Dunn Index 27 : 0.0716594361789
---------------------------------------------------------------------------------------------------------
chromosome 28 : [  3.52941176e-01  -5.55111512e-17   2.60208521e-18 ...,   0.00000000e+00
   0.00000000e+00   0.00000000e+00]
 Objectives (Sil) : 0.149340019275
 Objectives (PBM) : 9485.5247703
Cluster size 28 :16
Predicted Label for 28: [ 5 15  1  9  9  9  1  9  7  3  2  8  9  1  5  0  1 13  5 10  0  6  4  8 13
  0 10  8  6  3  9 10  1  1  3  8  9 15  5  6  6  3  9  2 15  2  9  0  1  7
  3  7  1  3  5 10  3  3 13 10  4 10 10  0 10 10  0  3 10  2  1  0  4  1 10
  0  4  0  6 15  0  6 12  7  9  5 10  4  8  3  8  9  7 10  3 10  9  4  4  4
  8  0  2  5  4 10  4  8  0  6 14  5  3  0 13  3  5  4  2  3 10  4  1  4 15
 11  3  9  2 13  3  5  3 15  4  4  4  4 12  0  0  4  8  9  4  8  7 13 13  9
  9  3  0  1  4  1  2 10 10  0  9 10 10 14  9  5  2 13  9  4  9 15  4  3  9
  1  3  4 10  3 13  7  1 13 10  3  3  0 13  8  7  6 13  2  1  0 10  3  3 15
  3  7  3 10  0  4  3 15  7 10  2 10  8  5  1 10  2  9  2  6  7  6 10  2  3
  0 10  8  9  9 13 13  7  0  1 10  5  5  6 13  0  0  4 13  1  0  3  1  6  9
  3  4  4 13  2 13  6  4  6 10 10  6  4 15 15  5  0  2  9 13  5 10  2  0 15
  5 13  9  1  1  8  4  6  9  5  6  1 13  5  3  3  3  9  5 13  0  0  3 10  4
  3  4 10  1  3 10  3 13  1  7  3 10 13 10  9  7  1  1  1  3  3 15  3  4  2
  7  5 10  4  0  3  8 13  3  9  3 14  4  7  0 10 15  2  9  9  8 10  1  4  4
  4  3  2  0  0  2 14  9  1  5  0  6  4  9  6  8  8  6 10  6  9  4  1  0 10
 13 10 10  9  3 13  7  0  9  3  1  3  4  0 14  3 10  3  9  4 10 10  7  5  9
 10  4 10]
 Dunn Index 28 : 0.171356674828
---------------------------------------------------------------------------------------------------------
chromosome 29 : [ 0.67433597  0.13937274  0.00657895 ...,  0.          0.          0.        ]
 Objectives (Sil) : 0.183464790248
 Objectives (PBM) : 20094.4590017
Cluster size 29 :10
Predicted Label for 29: [3 7 0 2 4 2 0 4 3 0 9 2 2 0 3 0 6 4 3 0 0 0 2 4 4 2 0 4 9 0 2 0 0 6 0 4 4
 7 3 0 9 0 2 3 7 3 2 2 6 9 2 8 6 0 3 0 0 0 4 2 2 2 2 0 0 0 2 0 0 6 0 2 2 0
 0 2 2 2 3 7 2 9 4 3 2 3 0 2 4 0 4 2 3 0 0 0 2 2 2 2 4 2 6 0 2 0 2 4 7 0 1
 3 0 2 4 0 3 2 8 0 0 2 6 2 7 5 0 2 9 4 0 3 0 7 2 2 2 2 4 2 2 2 4 2 2 4 8 4
 4 4 4 0 2 0 2 6 6 0 0 0 4 2 0 1 2 3 8 4 2 2 2 7 2 0 2 0 0 2 0 0 4 3 6 4 0
 0 0 2 4 4 3 9 4 8 6 2 2 0 0 7 0 8 0 0 2 2 0 7 9 2 6 0 4 3 6 0 6 2 6 9 3 9
 0 6 0 0 2 4 4 4 4 4 3 2 0 0 3 3 9 4 2 2 2 4 6 2 0 6 9 2 0 2 2 4 8 4 7 2 9
 0 0 7 2 7 7 3 2 6 2 4 0 0 8 2 7 3 4 4 6 0 2 2 3 2 3 7 0 4 3 0 0 0 2 7 4 2
 7 0 0 2 0 2 0 6 0 0 0 4 0 3 2 0 4 0 2 8 0 0 0 0 2 7 0 2 6 3 3 0 2 0 0 4 4
 0 2 0 9 2 9 2 0 7 8 4 2 4 0 0 2 2 2 0 8 0 2 8 1 2 6 3 0 0 2 4 9 2 4 0 0 3
 2 2 6 0 0 4 2 0 2 0 4 8 2 2 0 0 0 2 2 9 0 0 0 2 2 2 0 3 3 2 2 2 0]
 Dunn Index 29 : 0.143036256865
---------------------------------------------------------------------------------------------------------
chromosome 30 : [-0.10001318 -0.07611052  0.04007444 ...,  0.          0.          0.        ]
 Objectives (Sil) : 0.240992698493
 Objectives (PBM) : 10134.0156498
Cluster size 30 :3
Predicted Label for 30: [2 2 2 1 1 1 2 1 0 2 0 1 1 2 2 2 2 1 2 2 2 2 1 1 1 1 2 1 0 2 1 2 2 2 2 1 1
 0 2 2 0 2 1 0 2 0 1 2 2 0 2 0 2 2 0 2 2 2 1 2 1 2 2 2 2 2 1 2 2 0 2 1 1 2
 2 2 1 1 0 0 1 2 1 0 1 2 2 2 1 2 1 1 0 2 2 2 1 1 1 1 1 2 0 2 2 2 1 1 2 2 0
 0 2 1 1 2 2 1 0 2 2 1 0 1 0 1 2 1 0 1 2 0 2 2 1 1 1 1 1 1 1 1 1 1 1 1 0 1
 1 1 1 2 2 2 1 2 0 2 2 2 1 2 2 0 1 0 0 1 1 1 1 2 1 2 1 2 2 1 2 2 1 0 2 1 2
 2 2 2 1 1 0 0 1 0 0 2 2 2 2 0 2 0 2 2 2 1 2 0 0 2 0 2 1 0 0 2 0 1 0 0 0 0
 2 0 2 2 2 1 1 1 1 1 0 1 2 2 0 0 0 1 1 1 1 1 2 1 2 0 0 1 2 1 1 1 0 1 0 1 0
 2 2 0 2 0 2 2 2 0 1 1 2 2 0 2 2 0 1 1 0 2 1 1 0 1 0 0 2 1 0 2 2 2 1 2 1 1
 2 2 2 2 2 1 2 0 2 2 2 1 2 0 2 2 1 2 1 0 2 2 2 2 2 2 2 1 0 0 0 2 1 2 2 1 1
 2 1 2 0 2 0 1 2 0 0 1 1 1 2 2 1 1 2 2 0 2 1 0 0 1 0 2 2 2 1 1 0 1 1 2 2 0
 1 1 0 2 2 1 2 2 1 2 1 0 1 1 2 2 2 1 1 0 2 2 2 2 1 2 2 0 2 1 2 1 2]
 Dunn Index 30 : 0.0746219011661
---------------------------------------------------------------------------------------------------------
chromosome 31 : [  5.13513514e-01   1.35135135e-01   1.73472348e-18 ...,   0.00000000e+00
   0.00000000e+00   0.00000000e+00]
 Objectives (Sil) : 0.194947980173
 Objectives (PBM) : 9780.12465645
Cluster size 31 :7
Predicted Label for 31: [4 2 6 3 1 3 6 1 0 4 5 4 1 6 6 4 6 1 4 3 4 6 3 1 1 4 3 1 0 6 4 6 6 6 6 4 1
 2 6 6 2 4 3 0 2 5 4 4 6 0 4 5 6 4 6 6 4 4 1 3 3 3 3 4 3 3 4 6 3 6 6 4 3 6
 6 4 3 4 6 2 3 6 1 0 4 6 3 3 1 3 1 4 0 3 4 3 4 3 3 3 1 4 5 4 3 6 3 1 4 6 2
 0 3 3 1 4 6 3 5 6 3 3 6 3 2 1 4 4 0 1 4 6 4 2 3 3 3 3 1 4 4 3 1 3 3 1 0 1
 1 1 1 6 4 6 3 6 5 3 3 4 1 3 3 2 1 0 5 1 3 3 1 2 3 4 3 6 4 3 3 4 1 0 6 1 3
 6 6 4 1 1 0 2 1 5 6 4 3 4 6 2 6 0 4 3 4 3 6 2 2 3 5 3 1 0 6 3 5 4 5 2 0 2
 3 5 4 4 3 1 1 1 1 1 0 4 6 6 0 0 0 1 4 4 3 1 6 4 4 6 0 1 6 3 3 1 5 1 2 3 6
 6 3 2 3 2 2 4 4 5 4 1 6 3 5 4 2 0 1 1 6 6 4 3 0 1 0 2 6 1 0 4 6 6 3 4 1 4
 4 6 3 3 4 3 3 6 4 4 4 1 6 0 4 6 1 4 3 5 6 6 6 6 3 2 3 3 5 0 0 3 3 4 4 1 1
 6 1 4 2 3 0 4 3 2 5 1 1 1 6 6 3 3 3 6 5 4 4 5 2 4 6 4 4 6 3 1 0 4 1 6 3 0
 4 3 6 4 6 1 3 6 4 6 1 0 4 4 4 6 6 3 4 2 6 3 4 4 3 3 3 0 4 3 3 3 6]
 Dunn Index 31 : 0.079681907289
---------------------------------------------------------------------------------------------------------
chromosome 32 : [  5.71428571e-01   2.85714286e-01   1.73472348e-18 ...,   0.00000000e+00
   0.00000000e+00   0.00000000e+00]
 Objectives (Sil) : 0.154964345326
 Objectives (PBM) : 5950.38419925
Cluster size 32 :12
Predicted Label for 32: [ 2  1  5  4  4 10  5  4  2 11  7  6  6  5  2 11  3  4 11  5 11  1 10  4  4
  6 10  4  3 11  6  5  5  3 11  6  4  9  2  3  3 11  4  7  1  7  6 11  3  7
 11  7  3 11  2  5 11 11  4 10 10 10 10  1 11  5  6  5 10  3  5  6 10  5  5
 11  4  6  2  9 10  3  0  2  6  2 11 10  6 11  4  6  2  5 11  5  6 10 10  4
  6  6  7 11 10  5 10  6  1  3  8  2 11 10  4 11  2 10  7 11  5  4  3 10  8
  0 11  6  7  4 11  2 11  1  4 10 10 10  0  6  6  4  6  4 10  4  7  4  4  4
  4 11  6  5 10  3  3 10  5  1  4 10  5  8  4  2  7  4  4 10  6  1  4 11  4
  5 11 10  5 11  4  2  3  4 10 11 11  6  4  0  2  8  4  7  3  6 11 11 11  9
 11  7 11 10 11 10 11  8  8 10  7  5  6  2  3  5  7  6  7  1  2  9  5  7 11
 11 10  4  4  4  0  0  8  6  5  5  2  2  3  4  6  6 10  4  5  6 11  3  2  4
 11 10 10  0  7  4  1 10  3  5 10  1 10  8  9  2  6  7  6  4  2  5  7  1  1
  2  0  4  3  5  6 10  2  4  2  1  5  4  2 11 11 11 10  1  0  6  1 11 10 10
 11 10 10  3 11 11 11  4  5  8 11  5  0 11  4  7  5  5  5 11 11  9 11 10  7
  2  2 10 10  1 11  6  0 11  6 11  8 10  8  6  5  9  7  6  4  6  5  5  4 10
 10  5  7 11  6  7  8  6  3  2 11  5 10  4  3  6  4 11 10  2  6 10  3 11  5
  4 10  5  6 11  4  8  6  6 11  5  5 10  6  8 11  5 11 11 10 10  5  2  2  4
 10 10  5]
 Dunn Index 32 : 0.0770913200669
---------------------------------------------------------------------------------------------------------
chromosome 33 : [  4.34782609e-01   3.04347826e-01  -3.46944695e-18 ...,   0.00000000e+00
   0.00000000e+00   0.00000000e+00]
 Objectives (Sil) : 0.15863337536
 Objectives (PBM) : 15497.6657983
Cluster size 33 :13
Predicted Label for 33: [ 4 11  0 12  6 12  3  2  4  3  5  6  6  3  4  1  0  2  3  1  1 10 12  6  2
  6 12  6 10  3  6  3  3  0  3  6  6  9  3  3 10  3 12  5 11  5  6  6  0  5
  6  5  0  1  3  3  3  3  2  1 12 12  1 11  1  1  6  3 12  0  3  6 12  3  3
  1 12  6  3 10  1 10  2  4  6  3  1 12  6  3  6  6  4  3  3  3  6  1 12 12
  6  6  0  3 12  3 12  6 11  3  8  4  3  1  2  1  3 12  5  3  1 12  0 12  9
  7  3  6  5  2  3  4  3 11 12 12 12 12  2  6  6 12  6  6 12  6  5  2  2  2
  2  3  1  3 12  0  0  1  1 11  6  1 12  8 12  4  5  2 12 12  6 11 12  3 12
  3  3 12  3  1  2  4  0  2  1  3  3  1  2  2  4 10  2  5  0  1  1  6  3  9
  3  5  1  1  1 12  3  9  4  1  5  3  6  4  0  3  0  6  0 10  4 10  3  5  3
  1  1  6  6 12  2  2  4  6  3  3  4  4 10  2  6  6 12  2  0 11  3  0 10  6
  3 12 12  2  5  2 10 12 10  3  1 10 12  9  9  4  1  5  6  2  3  1  5 11 11
  4  2  2  0  3  6 12  4  6  4 10  3  2  4  1  3  3 12 11  2  6 11  3 12 12
  1 12 12  0  1  1  3  2  3  4  1  1  2  1  6  5  0  3  3  3  3  9  3 12  5
  4  4  1 12 11  3  6  2  3  6  1  8 12  4  6  1  9  5  6  6  6  3  3 12 12
 12  3  5  1  6  5  8  6  0  4  1  3 12  6 10  6  6  3  1  4  6 12  0  1  3
  2  1  3  6  3  2  8  6  6  3  3  3 12  6  8  3  3  3  1 12  1  1  4  4  6
  1 12  1]
 Dunn Index 33 : 0.144668040484
---------------------------------------------------------------------------------------------------------
chromosome 34 : [  7.88285498e-002   6.01086747e-316   1.31121228e-003 ...,
   0.00000000e+000   0.00000000e+000   0.00000000e+000]
 Objectives (Sil) : 0.241026982231
 Objectives (PBM) : 41038.6279192
Cluster size 34 :4
Predicted Label for 34: [0 0 0 2 2 2 0 2 3 0 3 2 2 0 0 0 0 2 0 0 0 0 2 2 2 2 0 2 3 0 2 0 0 0 0 2 2
 3 0 0 3 0 2 3 0 3 2 0 0 3 0 3 0 0 3 0 0 0 2 0 2 0 0 0 0 0 2 0 0 3 0 2 2 0
 0 0 2 2 3 3 2 0 2 3 2 0 0 0 2 0 2 2 3 0 0 0 2 2 2 2 2 2 3 0 0 0 2 2 2 0 3
 3 0 2 2 0 0 2 3 0 0 2 0 2 3 1 0 2 3 2 0 3 0 3 2 2 2 2 2 2 2 2 2 2 2 2 3 2
 2 2 2 0 0 0 2 0 3 0 0 0 2 0 0 3 2 3 3 2 2 2 2 0 2 0 2 0 0 2 0 0 2 3 0 2 0
 0 0 0 2 2 3 3 2 3 3 2 0 0 0 3 0 3 0 0 0 2 0 3 3 0 3 0 2 3 3 0 3 2 3 3 3 3
 0 3 0 0 0 2 2 2 2 2 3 2 0 0 3 3 3 2 2 2 2 2 0 2 0 3 3 2 0 2 2 2 3 2 3 2 3
 0 0 3 0 3 3 0 0 3 2 2 0 0 3 0 0 3 2 2 3 0 2 2 3 2 3 3 0 2 3 0 0 0 2 0 2 2
 0 0 0 0 0 2 0 3 0 0 0 2 0 3 0 0 2 0 2 3 0 0 0 0 0 0 0 2 3 3 3 0 2 0 0 2 2
 0 2 0 3 0 3 2 0 3 3 2 2 2 0 0 2 2 0 0 3 0 2 3 3 2 3 0 0 0 2 2 3 2 2 0 0 3
 2 2 3 0 0 2 0 0 2 0 2 3 2 2 0 0 0 2 2 3 0 0 0 0 2 0 0 3 0 2 0 2 0]
 Dunn Index 34 : 0.0917915875448
---------------------------------------------------------------------------------------------------------
chromosome 35 : [  5.81384521e-01   1.29397200e-01  -3.46944695e-18 ...,   0.00000000e+00
   0.00000000e+00   0.00000000e+00]
 Objectives (Sil) : 0.17995312352
 Objectives (PBM) : 20339.3220347
Cluster size 35 :10
Predicted Label for 35: [9 0 7 2 6 2 7 6 3 7 4 9 6 7 5 9 8 6 5 7 9 5 2 6 6 9 2 6 4 7 9 7 7 8 5 9 6
 0 5 5 0 5 2 4 0 4 9 9 8 4 9 4 8 9 5 7 9 7 6 2 2 2 2 5 7 7 9 7 2 8 7 9 2 7
 5 9 2 9 5 0 2 5 6 3 9 5 2 2 6 7 6 9 3 7 9 7 9 2 2 2 6 9 8 5 2 7 2 6 9 5 0
 3 7 2 6 9 5 2 4 7 7 2 8 2 3 1 5 9 4 6 5 5 5 0 2 2 2 2 6 9 9 2 6 2 2 6 4 6
 6 6 6 7 9 7 2 8 8 7 7 9 6 2 7 0 6 3 4 6 2 2 6 0 2 5 2 7 7 2 7 9 6 3 7 6 2
 5 7 9 6 6 3 0 6 4 8 9 2 9 5 0 5 4 7 2 9 2 5 0 3 2 4 7 6 3 8 7 8 9 8 0 3 0
 7 4 9 5 2 6 6 6 6 6 3 9 7 7 3 3 4 6 9 9 2 6 7 9 9 8 5 6 7 2 2 6 4 6 0 2 5
 7 2 0 2 0 0 3 9 4 9 6 5 7 4 9 0 3 6 6 8 7 9 2 5 6 3 0 7 6 3 9 7 5 2 5 6 9
 9 5 2 2 9 2 7 8 9 7 5 6 7 3 9 7 6 7 2 4 7 7 7 5 2 0 7 2 4 3 3 2 2 5 5 9 6
 5 9 9 0 2 3 9 7 0 4 6 6 9 7 7 2 2 2 7 4 9 9 4 0 9 8 5 9 5 2 6 5 9 6 5 2 5
 9 2 8 9 7 6 2 7 9 7 6 3 9 9 9 7 7 2 9 0 7 7 7 9 2 2 7 4 5 2 2 2 7]
 Dunn Index 35 : 0.109034796999
---------------------------------------------------------------------------------------------------------
chromosome 36 : [  3.06960433e-01  -5.55111512e-17   3.90312782e-18 ...,   0.00000000e+00
   0.00000000e+00   0.00000000e+00]
 Objectives (Sil) : 0.169354336259
 Objectives (PBM) : 2442.29257501
Cluster size 36 :20
Predicted Label for 36: [14 13  7 18  0 18  7  0 12 19 16 14 14  7 19 17 15  0 19  7 14 17 18  0  0
 14 18  0 16  7 14  7  7 15 19 14  0 13 19 17 10 19 18  5 13 11 14 14 15 16
 14  6 15 14 19 17 14  7  0 18 18 18 18 17  7  7 14  7 18 15  7 14 18  7 17
 14 18 14 19 13 18 17  0 12 14 19 18 18  0  7  0 14 12  7 14  7 14 18 18 18
  0 14 15 17 18  7 18 14 13 17  3 12  7 18  0 14 19 18  5 19  7 18 15 18 13
  0 19 14 16  0 17 12 19 13 18 18 18 18  0 14 14 18  0 14 18  0  9  0  0  0
  0 19 14  7 18 15 15  7 17 17  0 18  7  3 18 12  1  0 18 18 14 13 18 19 18
 17  7 18  7  7  0 11  7  0 18 19  7 14  0  0 12 10  0  4 15 14 18 14 19 13
 19  9  7 17 14 18 17 13 12 18 16  7 14 12 15  7 15 14 15 10 12 10  7  5 19
 17 18  0  0  0  0  0 12 14  7  7 12 12 16  0 14 14 18  0  7 14 19 16 17 14
  7 18 18  0  2  0 10 18 16  7 17 13 18 13 13 12 17 16 14  0 19  7 11 17 13
 12  0  0 15  7 14 18 19 14 12 13  7  0 12 14 17 19 18 13  0 14 17 19 18 18
 14 18  7  5 14 17 19  0  7 12 14 17  0 17 18  9  7  7  7 19 18 13  7 18 16
 12 19 18 18 17 19 14  0 19 14 14 10 18 12 14  7 13  1 14 14 14  7  7 18 18
 18  7  8 14 14  5  3 14 19 12 14 17 18  0 16 14  0 17 18 12 14 18 15 17  7
  0 18  7 14  7  0  6 14 14 14  7  7 18 14 10  7  7  7 14 18 18  7 16 17 18
 18 18 17]
 Dunn Index 36 : 0.0761544673657
---------------------------------------------------------------------------------------------------------
chromosome 37 : [ 0.4         0.13333333  0.         ...,  0.          0.          0.        ]
 Objectives (Sil) : 0.147160128589
 Objectives (PBM) : 7390.13725021
Cluster size 37 :20
Predicted Label for 37: [15  3 17  8  8 10 17  8 11  0  4 14 14 17 15 13  5  8 15 10 13  9 10 12 12
 14 10 14  9  0 14 17 17 17  0 14 14 19 15  9  6  0  8  4 19  4 14 14  5  4
 14 16  5  0  9 17 15  0 12 13  8 10 13 13  0 17 14  0 10  5 17 14 10 17 13
 13  8 14  9  3 13  9 12 11 14 15 13 10 14  0 14 14 11 17 15 17 14 13 10  8
 14 14  5 15 10 17 10 14 19  9  2 11  0 13 12  0  9 10  1  0 17  8  5 10 11
 18  0 14  4  8 15  9  0  3  8 10 10 10 12 14 14  8 14 14 10 14 16 12  8  8
  8  0 13 17 10  5  5 10 13 13  8 13 17  2  8 11  1  8  8  8 14 19  8 15  8
 17  0 10 17  0 12 11 17  8 13  0  0 13  8 12 11  3 12 16  5 13 13  0  0 19
  0  1  0 13 13 10  9  3 11 10  4 17 14 11  5 17  5 14  5  3 11  3 17  4  0
 13 10 14  8  8 12 12 11 14 17 17 11 11  9  8 14 14 10 12 17 14 15  9  9 14
  0 10 10 12 16 12  3 10  9 17 13  3 10 19 19 15 13  4 14  8  9  0 16 13 19
  9 12  8  5 17 14 10  9 14 11  3 17  8  9 13  0  0 10 15 12 14 13  0 10 10
  0 10 10  9  0 13  0  8 17 11  0 13 12 13  8 16 17 17 17 15  0 19  0 10  4
 11 15 10 10 13 15 14 12  9 14  0  6 10 11 14 13 19  1 14 14 14 17 17  8 10
 10 17 16 15 14  4  2 14  9 15 15  9 10  8  9 14 14  9 13  9 14  8  5 13 17
  8 10 17 14  0  8  7 14 14  0 17  0 10 14  6  0 17  0 13 10 10 17  4 15 14
 13 10 17]
 Dunn Index 37 : 0.162140934189
---------------------------------------------------------------------------------------------------------
chromosome 38 : [ 0.53333333  0.06666667  0.         ...,  0.          0.          0.        ]
 Objectives (Sil) : 0.188228254338
 Objectives (PBM) : 36847.2306596
Cluster size 38 :6
Predicted Label for 38: [3 3 5 2 2 1 5 2 0 1 0 3 2 5 3 3 5 2 3 1 3 5 1 2 2 3 1 2 0 5 1 5 5 5 5 3 2
 3 5 5 0 3 1 0 3 0 1 3 5 0 1 0 5 1 5 5 3 1 2 1 1 1 1 3 1 1 3 5 1 5 5 1 1 5
 5 3 2 1 5 3 1 5 2 0 2 5 1 1 2 1 2 1 0 1 1 1 1 1 1 1 2 3 5 3 1 5 1 2 3 5 0
 0 1 1 2 1 5 1 0 5 1 2 5 1 3 4 3 1 0 2 3 5 3 3 2 1 1 1 2 1 3 1 2 2 1 2 0 2
 2 2 2 5 3 5 1 5 5 1 1 3 2 1 1 0 2 0 0 2 1 1 2 3 2 5 1 5 1 1 1 1 2 0 5 2 1
 5 1 3 2 2 0 0 2 0 5 3 1 1 5 3 5 0 1 1 3 1 5 0 0 1 0 1 2 0 5 1 0 1 5 0 0 0
 1 0 3 3 1 2 2 2 2 2 0 3 5 5 0 0 0 2 1 3 1 2 5 3 3 5 5 2 1 1 1 2 0 2 3 1 5
 5 1 3 1 0 3 3 3 0 1 2 5 1 0 3 3 0 2 2 5 5 2 1 0 2 0 3 5 2 5 1 5 5 1 3 2 1
 3 5 1 1 3 1 1 5 1 1 3 2 5 0 1 1 2 1 1 0 5 5 5 5 1 3 1 1 0 0 0 1 1 3 5 2 2
 5 2 1 0 1 0 3 1 3 0 2 2 2 1 5 1 1 1 5 0 3 1 0 0 1 5 3 3 5 1 2 0 3 2 5 1 0
 1 1 5 1 5 2 1 1 1 1 2 0 3 1 1 5 5 1 3 0 5 1 1 1 1 1 1 0 3 1 1 1 5]
 Dunn Index 38 : 0.0820958539678
---------------------------------------------------------------------------------------------------------
chromosome 39 : [  6.30841544e-01   9.83458375e-02   4.33680869e-18 ...,   0.00000000e+00
   0.00000000e+00   0.00000000e+00]
 Objectives (Sil) : 0.176141252595
 Objectives (PBM) : 23380.5415592
Cluster size 39 :11
Predicted Label for 39: [ 7  0  9  6  4  6  9  4  5  7  1 10  4  9  7 10  1  4  7  9 10  7  6  4  4
 10  9  4  1  9 10  9  9  1  7 10  4  0  7  7  0  7  6  3  0  3 10 10  1  3
 10  2  1 10  7  9 10 10  4  6  6  6 10 10  9  9 10  9  9  1  9 10  6  9  9
 10  6 10  7  0  6  7  4  5 10  7 10  6  4  9  4 10  5  9 10  9 10  6  6  6
  4 10  1  7  6  9  6  4 10  7  0  5  9  6  4 10  7  6  3  7  9  6  1  6  0
  8  7 10  3  4  7  7  7  0  6  6  6  6  4 10 10  6  4  6  6  4  5  4  4  4
  4  9 10  9  6  1  1  9  9 10  4  6  9  0  4  5  3  4  6  6  4  0  6  7  6
  9 10  6  9 10  4  5  9  4  9  7  9 10  4  4  5  0  4  2  1 10 10 10  7  0
  7  5 10  9 10  6  7  0  0  6  1  9  4  5  1  9  1 10  1  0  5  0  9  3  7
 10  6  4  4  4  4  4  5 10  9  9  5  5  1  4 10 10  6  4  9 10  7  1  7  4
  9  6  6  4  2  4  0  6  1  9  9  0  6  0  0  7 10  1 10  4  7  9  2 10  0
  7  4  4  1  9 10  6  7  4  5  0  9  4  7 10  9  7  6  7  4 10 10  7  9  6
 10  6  9  1 10 10  7  4  9  5 10  9  4  9  6  2  9  9  9  7 10  0  9  6  1
  5  7  9  6 10  7  4  4  7 10 10  0  6  5 10  9  0  3  4  4 10  9  9  6  6
  6  9  2 10 10  3  0 10  1  7 10  9  6  4  1 10  4  7  9  7 10  6  1 10  9
  4  6  9 10  9  4  5 10 10 10  9  9  6 10  0  9  9  9 10  6  6  9  3  7  6
  6  6  9]
 Dunn Index 39 : 0.109034796999
---------------------------------------------------------------------------------------------------------
chromosome 40 : [  3.52854369e-01   3.47901277e-02  -3.46944695e-18 ...,   0.00000000e+00
   0.00000000e+00   0.00000000e+00]
 Objectives (Sil) : 0.14592727422
 Objectives (PBM) : 11710.4292461
Cluster size 40 :13
Predicted Label for 40: [ 5 11  6 10 10 12  4 10  1  2  0  5 10  6  1  5  6  7  2  4  5  6 12  7  7
  5  4 10  6  2  5  4  6  6  2  5 10 11  1  6  8  2 10  0 11  0  5  5  6  0
  5  0  6  2  1  4  2  2  7  4 12 12  4 11  4  4  5  2  4  6  4  5 12  4  4
  5 12  5  6  8 12  6  7  1 10  1  4 12  7  2  7 10  1  4  2  4  5 12 12 12
 10  5  0  2 12  4 12 10 11  6  3  1  2 12  7  2  6 12  0  2  4 12  6 12  8
  9  2 10  0 12  2  1  2 11 12 12 12 12  7  5  5 10  7 10 12 10  0  7  7 10
 10  2  5  4 12  6  6  4  4 11 10  4  4  3 10  1  0  7 10 12 10 11 12  2 10
  4  2 12  4  2  7  1  6  7  4  2  2  5  7  7  1  8  7  0  6  5  2  2  2  8
  2  0  2  4  5 12  2  8  8 12  0  4 10  1  6  4  0  5  0  8  1  8  4  0  2
  2 12 10 10 10  7  7  8  5  4  4  1  1  6  7  5  5 12  7  6  5  2  6  1 10
  2 12 12  7  0  7  8 12  6  4  4  8 12  8 11  1  5  0  5  7  2  4  0 11 11
  1  7 10  6  4  5 12  1 10  1  8  4  7  1  2  2  2 12 11  7  5 11  2  4 12
  2 12  4  6  2  4  2  7  4  1  2  4  7  4 10  0  6  4  4  2  2 11  2 12  0
  1  1  4 12 11  2  5  7  6 10  2  8 12  8  5  4  8  0 10 10  5  4  4 12 12
 12  4  0  5  5  0  3 10  6  1  5  6 12 10  6  5 10  6  4  1  5 12  6  4  4
  7  4  4  5  2  7  3  5 10  2  4  2 12  5  8  2  4  2  5 12 12  4  1  1 10
  4 12  4]
 Dunn Index 40 : 0.13887186155
---------------------------------------------------------------------------------------------------------
chromosome 41 : [  5.68445588e-01  -2.35448005e-03  -1.56965337e-04 ...,   0.00000000e+00
   0.00000000e+00   0.00000000e+00]
 Objectives (Sil) : 0.353132865847
 Objectives (PBM) : 181011.576798
Cluster size 41 :3
Predicted Label for 41: [2 2 2 1 1 1 2 1 2 1 2 1 1 2 2 1 2 1 2 1 1 2 1 1 1 1 1 1 2 1 1 1 2 2 2 1 1
 2 2 2 2 1 1 2 2 2 1 1 2 2 1 2 2 1 2 2 1 1 1 1 1 1 1 1 1 1 1 1 1 2 2 1 1 1
 2 1 1 1 2 2 1 2 1 2 1 2 1 1 1 1 1 1 2 1 1 1 1 1 1 1 1 1 2 2 1 1 1 1 1 2 2
 2 1 1 1 1 2 1 2 2 1 1 2 1 2 0 2 1 2 1 2 2 1 2 1 1 1 1 1 1 1 1 1 1 1 1 2 1
 1 1 1 2 1 1 1 2 2 1 1 1 1 1 1 2 1 2 2 1 1 1 1 2 1 2 1 2 1 1 1 1 1 2 2 1 1
 2 1 1 1 1 2 2 1 2 2 1 1 1 2 2 2 2 1 1 1 1 2 2 2 1 2 1 1 2 2 1 2 1 2 2 2 2
 1 2 1 1 1 1 1 1 1 1 2 1 1 1 2 2 2 1 1 1 1 1 2 1 1 2 2 1 1 1 1 1 2 1 2 1 2
 1 1 2 1 2 2 2 1 2 1 1 2 1 2 1 2 2 1 1 2 1 1 1 2 1 2 2 2 1 2 1 1 2 1 2 1 1
 1 2 1 1 1 1 1 2 1 1 2 1 2 2 1 1 1 1 1 2 2 2 1 2 1 2 1 1 2 2 2 1 1 1 2 1 1
 2 1 1 2 1 2 1 1 2 2 1 1 1 1 1 1 1 1 1 2 1 1 2 2 1 2 2 1 2 1 1 2 1 1 2 1 2
 1 1 2 1 1 1 1 1 1 1 1 2 1 1 1 1 1 1 1 2 1 1 1 1 1 1 1 2 2 1 1 1 2]
 Dunn Index 41 : 0.0976456184621
---------------------------------------------------------------------------------------------------------
chromosome 42 : [ 0.57725149  0.19836377  0.01706865 ...,  0.          0.          0.        ]
 Objectives (Sil) : 0.146823645897
 Objectives (PBM) : 9025.33182796
Cluster size 42 :18
Predicted Label for 42: [14 10 15 11 11 11 15 11 14  7  0  6  6 15 14 13  1  5 14 15  7  3 11  6  5
  6  9  6  3 15  7 15 15  1 15  6  6 16 14  3  3  7 11  0 10  0  7  7  1  0
  7  0  1  7 14 15  7  7  5 13 11  9 13 10  7  9  6 15  9  1 15  6 11 15 15
  7 11  7 14 16 13  3  5 14  6 14 13 11  6 15  6 11  0 15  7 15  7 13  9 11
  6  7  1 14  9 15  9  6 10  3  2 14 15 13  5  7 14 11  0 15 15 11  1  9  8
 12  7 11  0 11  7 14  7 10 11 13 11  9  5 13  6 11  6 11 11  6  0  5  5 11
 11 15  7 15  9  1  1  9 13 10 11 13 15  4 11 14  0  5 11 11 11 10 11  7 11
 15  7  9 15  7  5  0  1  5 13 15 15  7  5  6  0  3  5  0  1 13 13  7  7 16
 15  0  7 13 13  9 15  8 17 13  0 15  6 14  1 15  1  7  1  3  0  3 15  0  7
 13 13  6  6 11  5  5 17  6 15 15 14 14  3  5  6  6 11  5 15  6  7  1  3  6
 15  9  9  5  0  5  3  9  3 15 13  3  9  8 16 14 13  0  7  5 14 15  0 10 10
 14  5 11  1 15  6 11 14  6 14  3 15  5 14  7 15 15 11 14  5  6 10  7  9  9
  7 13  9  1  7 13  7  5 15 17  7 13  5 13 11  0 15 15 15 14  7 16 15  9  0
 14 14 13  9 10  7  6  5 15  6  7 17  9 17  6 13 16  0  6 11  6 15 15 11 11
  9 15  0  7  7  0  4  6  1 14  7  3  9 11  3  6  6  3 13 14 11 11  1 13 15
  5  9 15  7 15  5 17  6 11  7 15 15  9  6 17 15 15  7  7 11 13 15  0 14 11
 13 11 13]
 Dunn Index 42 : 0.144496856359
---------------------------------------------------------------------------------------------------------
chromosome 43 : [  4.00000000e-01   5.00000000e-02   3.46944695e-18 ...,   0.00000000e+00
   0.00000000e+00   0.00000000e+00]
 Objectives (Sil) : 0.154740957762
 Objectives (PBM) : 14395.9882078
Cluster size 43 :11
Predicted Label for 43: [ 2  0  1  5  5  7  1  5  4  3  4  6  5  1  2  6  1  9  2  3  6  1  7  5  9
  6  7  5  1  3  6  3  1  1  2  6  5  0  2  1  0  2  5  4  0  4  6  6  1  4
  6  4  1  3  2  3  2  3  9  7  7  7  6  6  3  3  6  3  7  1  3  6  7  3  3
  6  7  6  1  0  7  1  9  4  5  2  3  7  5  3  5  5  4  3  2  3  6  7  7  7
  5  6  4  2  7  3  7  5  6  1 10  2  3  7  9  3  1  7  4  2  3  7  1  7  0
  8  2  5  4  9  2  1  2  0  7  7  7  7  9  6  6  7  5  5  7  5  4  9  9  5
  5  3  6  3  7  1  1  3  3  6  5  3  3 10  5  2  4  9  7  7  5  0  7  2  5
  3  3  7  3  3  9  4  1  9  3  3  3  6  9  9  4  0  9  4  1  6  3  2  2  0
  2  4  3  3  6  7  3  0  0  7  4  3  5  0  1  3  4  6  4  0  4  0  3  4  2
  6  7  5  5  5  9  9  0  6  3  3  0  0  1  9  6  6  7  9  1  6  2  1  1  5
  3  7  7  9  4  9  0  7  1  3  3  0  7  0  0  2  6  4  6  9  2  3  4  6  0
  2  9  5  1  3  5  7  2  5  2  0  3  9  2  6  3  2  7  2  9  6  6  2  3  7
  6  7  3  1  6  3  2  9  3  0  6  3  9  3  5  4  1  3  3  2  3  0  3  7  4
  4  2  3  7  6  2  5  9  1  5  3  0  7  0  6  3  0  4  5  5  5  3  3  7  7
  7  3  4  6  6  4 10  5  1  2  6  1  7  5  1  6  5  1  3  0  6  7  1  6  3
  5  3  3  6  3  9  4  6  5  6  3  3  7  6  0  3  3  3  6  7  7  3  4  2  5
  3  7  3]
 Dunn Index 43 : 0.116097977374
---------------------------------------------------------------------------------------------------------
chromosome 44 : [ 0.30734886  0.08686512  0.02479024 ...,  0.          0.          0.        ]
 Objectives (Sil) : 0.165041278982
 Objectives (PBM) : 26543.0177739
Cluster size 44 :10
Predicted Label for 44: [7 2 9 6 6 0 9 6 3 9 1 7 6 9 9 7 1 5 7 0 7 9 0 6 5 7 0 6 1 9 7 9 9 1 9 7 6
 2 9 9 1 9 6 3 2 4 7 7 1 3 7 4 1 7 9 9 7 9 5 0 0 0 0 7 9 0 7 9 0 1 9 7 0 9
 9 7 0 7 9 2 0 9 5 3 6 9 0 0 6 9 6 6 3 9 7 9 7 0 0 0 6 7 1 9 0 9 0 6 7 9 2
 3 9 0 5 7 9 0 4 9 9 0 1 0 2 8 9 6 1 5 9 3 7 2 0 0 0 0 5 7 7 0 6 6 0 6 4 5
 5 6 6 9 7 9 0 1 1 0 9 7 6 0 0 2 6 3 4 5 6 0 6 2 0 9 6 9 9 0 9 9 5 3 9 5 0
 9 9 7 5 5 3 2 5 4 1 7 0 7 9 2 9 4 9 0 7 0 9 2 2 0 1 9 6 3 1 9 1 7 1 2 3 2
 9 1 7 7 0 6 6 6 5 5 3 7 9 9 3 3 1 5 7 7 0 5 9 7 7 1 3 6 9 0 0 5 4 5 2 0 1
 9 0 2 0 2 2 3 7 1 7 5 9 9 4 7 2 3 5 6 1 9 7 0 3 6 3 2 9 5 3 7 9 9 0 2 5 7
 7 9 0 0 7 0 0 1 7 9 9 5 9 3 7 9 5 9 6 4 9 9 9 9 0 2 9 0 1 3 3 0 0 7 9 6 5
 9 6 7 2 0 3 7 9 2 4 6 6 6 9 9 0 0 0 9 4 7 7 4 2 6 1 3 7 9 0 6 1 7 6 9 0 3
 7 0 1 7 9 6 0 9 7 9 5 3 7 6 7 9 9 0 7 2 9 9 9 7 0 0 9 3 7 6 0 0 9]
 Dunn Index 44 : 0.108156650108
---------------------------------------------------------------------------------------------------------
chromosome 45 : [-0.10001318 -0.05074257 -0.00015697 ...,  0.          0.          0.        ]
 Objectives (Sil) : 0.243724339436
 Objectives (PBM) : 17642.8371841
Cluster size 45 :3
Predicted Label for 45: [2 2 2 0 0 0 2 0 1 2 1 0 0 2 2 2 2 0 2 2 2 2 0 0 0 0 2 0 1 2 0 2 2 2 2 0 0
 1 2 2 1 2 0 1 2 1 0 2 2 1 2 1 2 2 1 2 2 2 0 2 0 2 2 2 2 2 0 2 2 1 2 0 0 2
 2 2 0 0 1 1 0 2 0 1 0 2 2 2 0 2 0 0 1 2 2 2 0 0 0 0 0 0 1 2 2 2 0 0 0 2 1
 1 2 0 0 2 2 0 1 2 2 0 2 2 1 0 2 0 1 0 2 1 2 1 0 0 0 0 0 0 0 0 0 0 0 0 1 0
 0 0 0 2 2 2 0 2 1 2 2 2 0 2 2 1 0 1 1 0 0 0 0 2 0 2 0 2 2 0 2 2 0 1 2 0 2
 2 2 2 0 0 1 1 0 1 2 0 2 2 2 1 2 1 2 2 2 0 2 1 1 2 1 2 0 1 1 2 1 0 1 1 1 1
 2 1 2 2 2 0 0 0 0 0 1 0 2 2 1 1 1 0 0 0 0 0 2 0 2 1 1 0 2 0 0 0 1 0 1 0 1
 2 2 1 2 1 1 2 2 1 0 0 2 2 1 2 2 1 0 0 2 2 0 0 1 0 1 1 2 0 1 2 2 2 0 2 0 0
 2 2 2 2 2 0 2 1 2 2 2 0 2 1 2 2 0 2 0 1 2 2 2 2 2 1 2 0 1 1 1 2 0 2 2 0 0
 2 0 2 1 2 1 0 2 1 1 0 0 0 2 2 0 0 2 2 1 2 0 1 1 0 1 2 2 2 2 0 1 0 0 2 2 1
 0 0 1 2 2 0 2 2 0 2 0 1 0 0 2 2 2 0 0 1 2 2 2 2 2 2 2 1 2 0 2 0 2]
 Dunn Index 45 : 0.0749517559019
---------------------------------------------------------------------------------------------------------
chromosome 46 : [  6.48140763e-01   1.55610060e-01   3.46944695e-18 ...,   0.00000000e+00
   0.00000000e+00   0.00000000e+00]
 Objectives (Sil) : 0.160237190127
 Objectives (PBM) : 10655.1352806
Cluster size 46 :16
Predicted Label for 46: [10  1  8  2 15  2  0 11  3 14 13 15 15  0 14  4  8 11 14  0  4 14  2 15 11
  4  0 15  3 14 15  0  8  8 14 15 15  1 14  3  3 14  2 13  1  3  4  4  8  3
  4  7  8  4  3  0 14 14 11  0  2  2  4  4  0  0 15 14  0  8  0  4  2  0  0
  4  2  4  3  1  4  3  9  3 15 14  4  2 15  0 15 15  3  0 14  0 15  4  2  2
 15  4 13 14  2  0  2 15  1  3  6 10 14  4 11 14  3  2 13 14  0  2  8  2 10
  5 14 15  3 11 14  3 14  1  2  2  2  2  9  4  4  2 15 15  2 15  7 11 11 11
 11 14  4  0  2  8  8  0  0  4 15  4  0  6 11 10  7 11  2  2 15  1  2 14  2
  0 14  2  0 14 11  3  8 11  0 14 14  4 11 15  3  1 11  7  8  4  4 14 14  1
 14  7 14  4  4  2 14  1  6  2 13  0 15 10  8  0 13  4 12  3  3  1  0 13 14
  4  2 15 15 11  9  9  6 15  0  0 10 10  3 11  4  4  2 11  8 15 14  3  3 15
 14  2  2 11  7 11  1  2  3  0  0  1  2  6  1 10  4 13  4 11 14  0  7  4  1
  3 11 11  8  0 15  2  3 15 10  1  0 11  3  4 14 14  2 10 11  4  4 14  0  2
 14  2  0  3  4  4 14 11  0 10  4  0 11  4  2  7  8  0  0 14 14  1 14  2 13
  3 10  0  2  4 14 15  9 14 15  4  6  2  6 15  0  1 13 15 15 15  0  0  2  2
  2  0  7  4  4 13  6 15  3 10  4  0  2 15  3 15 15 14  0  3  4  2  8  4  0
 11  2  0 15 14 11  6 15 15 14  0 14  2  4  6 14  0 14  4  2  2  0  3 10  2
  4  2  0]
 Dunn Index 46 : 0.128378071377
---------------------------------------------------------------------------------------------------------
chromosome 47 : [ 0.75925926  0.13048807  0.00657895 ...,  0.          0.          0.        ]
 Objectives (Sil) : 0.145027055419
 Objectives (PBM) : 8322.40339373
Cluster size 47 :20
Predicted Label for 47: [18 13 17  5  5 19 17  5  0  1  2 10  5 17 18 10 17  7 18  1 10  1 19  6  7
 10 19  5  0  1 10  1 17 17  1  6  5  9 18 17 11  1  5  2 13  2 10 10 17  0
 10  2 17 10 18  1 10  1  7 19 19 19 19 13  1 19 10  1 19 17  1 10 19  1  1
 10  5 10  0 11 19 11  7  0  5 18  1 19  6  1  6  5  0  1 10  1 10 19 19  5
  5 10 12 18 19  1 19  5 13 17  4 18  1 19  7  1 18 19  2  1  1  5 17 19 16
 14  1  5  0  5  1  0  1 11  5 19 19 19  7 10 10  5  6  5 19  5  2  7  7  5
  5  1 10  1 19 17 12 19  1 13  5 19  1 15  5 18  3  7  5 19  5 13 19 18  5
  1  1 19  1  1  7  2 17  7 19  1  1 10  7  6  0 11  7  2 17 10  1 10  1 16
  1  2  1 19 10 19  1 16 15 19  2  1  6 18 17  1 12 10 12 11  0 11  1  2 10
  1 19  6  5  5  7  7 15 10 17  1  0  0  0  7 10 10 19  7 17  6 18 17  0  5
  1 19 19  7  2  7 11 19 11  1 19 16 19  8  9 18 13  2 10  7 18  1  2 13 13
  0  7  5 17  1 10 19  0  5 18 11  1  7 18 10  1 18 19 18  7 10 13  1 19 19
 10 19 19 17 10  1  1  7  1 15 10  1  7  1  5  2 17  1  1 18  1  9  1 19  2
  0 18 19 19 13 18  6  7 17  5  1 15 19 15 10  1  9  3  5  5  6  1  1  5  5
 19  1  2 10 10  2 15 10 17 18 10  1 19  5  0 10  5  1 19  0 10 19 17  1  1
  5 19  1 10  1  7 15 10  5 10  1  1 19 10 15  1  1  1 10 19 19  1  0 18  5
 19 19  1]
 Dunn Index 47 : 0.152633854077
---------------------------------------------------------------------------------------------------------
chromosome 48 : [  3.26603208e-01   3.04347826e-01   7.84826684e-05 ...,   0.00000000e+00
   0.00000000e+00   0.00000000e+00]
 Objectives (Sil) : 0.242474705646
 Objectives (PBM) : 40836.0652017
Cluster size 48 :4
Predicted Label for 48: [2 2 2 3 3 3 2 3 0 2 0 3 3 2 2 2 2 3 2 2 2 2 3 3 3 3 2 3 0 2 3 2 2 2 2 3 3
 0 2 2 0 2 3 0 2 0 3 2 2 0 2 0 2 2 0 2 2 2 3 2 3 2 2 2 2 2 3 2 2 0 2 3 3 2
 2 2 3 3 0 0 3 2 3 0 3 2 2 2 3 2 3 3 0 2 2 2 3 3 3 3 3 3 0 2 2 2 3 3 3 2 0
 0 2 3 3 2 2 3 0 2 2 3 2 3 0 1 2 3 0 3 2 0 2 0 3 3 3 3 3 3 3 3 3 3 3 3 0 3
 3 3 3 2 2 2 3 2 0 2 2 2 3 2 2 0 3 0 0 3 3 3 3 2 3 2 3 2 2 3 2 2 3 0 2 3 2
 2 2 2 3 3 0 0 3 0 2 3 2 2 2 0 2 0 2 2 2 3 2 0 0 3 0 2 3 0 0 2 0 3 0 0 0 0
 2 0 2 2 2 3 3 3 3 3 0 3 2 2 0 0 0 3 3 3 3 3 2 3 2 0 0 3 2 3 3 3 0 3 0 3 0
 2 2 0 2 0 0 2 2 0 3 3 2 2 0 2 2 0 3 3 2 2 3 3 0 3 0 0 2 3 0 2 2 2 3 2 3 3
 2 2 2 2 2 3 2 0 2 2 2 3 2 0 2 2 3 2 3 0 2 2 2 2 2 0 2 3 0 0 0 2 3 2 2 3 3
 2 3 2 0 2 0 3 2 0 0 3 3 3 2 2 3 3 2 2 0 2 3 0 0 3 0 2 2 2 3 3 0 3 3 2 2 0
 3 3 0 2 2 3 2 2 3 2 3 0 3 3 2 2 2 3 3 0 2 2 2 2 3 2 2 0 2 3 2 3 2]
 Dunn Index 48 : 0.0880177029756
---------------------------------------------------------------------------------------------------------
chromosome 49 : [  7.59259259e-01   6.31289468e-02  -1.56965337e-04 ...,   0.00000000e+00
   0.00000000e+00   0.00000000e+00]
 Objectives (Sil) : 0.241375046721
 Objectives (PBM) : 9992.9285475
Cluster size 49 :3
Predicted Label for 49: [0 0 0 2 2 2 0 2 1 0 1 2 2 0 0 0 0 2 0 0 0 0 2 2 2 2 0 2 1 0 2 0 0 0 0 2 2
 1 0 0 1 0 2 1 0 1 2 0 0 1 0 1 0 0 1 0 0 0 2 0 2 0 0 0 0 0 2 0 0 1 0 2 2 0
 0 0 2 2 1 1 2 1 2 1 2 0 0 0 2 0 2 2 1 0 0 0 2 2 2 2 2 0 1 0 0 0 2 2 2 0 1
 1 0 2 2 0 0 2 1 0 0 2 1 0 1 2 0 2 1 2 0 1 0 1 2 2 2 2 2 2 2 2 2 2 2 2 1 2
 2 2 2 0 0 0 2 0 1 0 0 0 2 0 0 1 2 1 1 2 2 2 2 0 2 0 2 0 0 2 0 0 2 1 0 2 0
 0 0 0 2 2 1 1 2 1 1 0 0 0 0 1 0 1 0 0 0 0 0 1 1 0 1 0 2 1 1 0 1 2 1 1 1 1
 0 1 0 0 0 2 2 2 2 2 1 2 0 0 1 1 1 2 2 2 2 2 0 2 0 1 1 2 0 2 2 2 1 2 1 2 1
 0 0 1 0 1 1 0 0 1 2 2 0 0 1 0 0 1 2 2 1 0 2 2 1 2 1 1 0 2 1 0 0 0 2 0 2 2
 0 0 0 0 0 2 0 1 0 0 0 2 0 1 0 0 2 0 2 1 0 0 0 0 0 0 0 0 1 1 1 0 2 0 0 2 2
 0 2 0 1 0 1 2 0 1 1 2 2 2 0 0 2 2 0 0 1 0 2 1 1 2 1 0 0 0 0 2 1 2 2 0 0 1
 2 2 1 0 0 2 0 0 2 0 2 1 2 2 0 0 0 0 2 1 0 0 0 0 0 0 0 1 0 2 0 2 0]
 Dunn Index 49 : 0.0811186055507
---------------------------------------------------------------------------------------------------------

-------------------------------------------------------------------------------------------------------------

-------------------------------------------------------------------------------------------------------------

 Maximum dunn_index for 19th chromosome : 0.172695256021

 Maximum silhouette score : 0.353132865847

 Maximum pbm index : 181011.576798
Final label corresponding to max Dunn for 19 chromosome : [ 3  0  8  7  6  7  8  2 10  3 13  6  6  8  3  3  1  2  3  8  3  8  7  6  2
  6  7  6 13  8  6  8  8  1  3  6  6 11  3  8 13  3  6 10  0 10  6  3  1 10
  3 12  1  3 10  8  3  3  2  7  7  7  7  3  8  8  6  8  7  1  8  6  7  8  8
  3  7  6 10  0  7 13  2 10  6 10  7  7  6  8  6  6 10  8  3  8  6  7  7  7
  6  6  1  3  7  8  7  6  0  8  4 10  8  7  2  3  8  7 12  8  8  7  1  7 11
  9  3  6 13  2  3 10  3  0  7  7  7  7  2  6  6  7  6  6  7  6 12  2  2  2
  2  8  3  8  7  1  1  7  8  0  6  7  8  5  2 10 12  2  7  7  6  0  7  3  7
  8  3  7  8  3  2 10  8  2  7  8  8  3  2  2 10 13  2 12  1  6  7  3  3 11
  3 12  3  7  3  7  8 11  5  7  1  8  6 10  1  8  1  6  1 13 10 13  8  1  3
  3  7  6  6  2  2  2  5  6  8  8 10 10 13  2  6  6  7  2  8  6  3  1 13  6
  8  7  7  2 12  2  0  7 13  8  7  0  7 11  0  3  6  1  6  2  8  8 12  0  0
 10  2  2  1  8  6  7 10  6 10  0  8  2 10  3  3  8  7  0  2  6  0  3  7  7
  3  7  7  1  3  3  3  2  8 10  3  8  2  8  6 12  8  8  8  3  3  0  8  7  1
 10 10  7  7  0  3  6  2  8  6  3  5  7  5  6  8 11 12  6  6  6  8  8  7  7
  7  8 12  3  6 12  5  6  1  3  3  8  7  6 13  6  6  8  7 10  6  7  1  3  8
  2  7  8  6  8  2  5  6  6  3  8  8  7  6  5  8  8  3  7  7  7  8 10  3  6
  7  7  8]

 No of clusters detected automatically : 14
 For chromosome : 19