Initial Clusters : [6, 2, 19, 17, 4, 10, 19, 18, 2, 4, 2, 13, 18, 7, 17, 16, 8, 20, 20, 11, 9, 18, 13, 10, 4, 3, 10, 13, 12, 13, 12, 10, 11, 12, 13, 19, 11, 13, 12, 17, 3, 8, 19, 8, 6, 2, 15, 15, 8, 8]
Initial PBM : [26.654498049502777, 16.934615237711775, 23.37183184078858, 31.958526089342485, 24.155467159272565, 23.15908802836027, 17.813533685164085, 18.41022132595831, 15.366553647655206, 52.94269607411697, 16.899251772814008, 33.9362430930563, 21.921034378758357, 19.526384335466727, 27.57341526615433, 26.165449634865155, 34.75083053356209, 9.122925888182197, 73.64267477114788, 4.44181987434291, 27.90937016352632, 15.346704922640276, 19.54413591504847, 15.191836835569895, 34.41454019602, 20.12448597112127, 13.355028381857329, 13.948636791174895, 24.99458364082283, 17.18961647050495, 11.779109180452236, 40.092639964909324, 39.71410925145814, 22.697524467468337, 39.833949378130484, 20.6995540252539, 16.439773567622616, 26.929390971937654, 35.23361729350698, 14.368836350561152, 28.87661571329684, 162.18462489802477, 18.004076477036303, 19.605229836417976, 15.169267511931288, 16.88672882377064, 18.4604889000441, 23.01016605322332, 15.658952537152368, 18.570545528094502]
Initial Sil score : [0.40332422006258195, 0.52301617905568287, 0.28649796601274058, 0.33620819174724037, 0.4439069489004055, 0.33586442801389033, 0.26916737796747564, 0.26988897359975644, 0.52008641194749905, 0.4840021202860037, 0.52592991944345313, 0.34580497102708507, 0.30478553158224087, 0.35460522856745713, 0.29249581184085821, 0.31615192639397377, 0.39318903135083744, 0.22517951674659564, 0.31267351482630579, 0.26766600759548331, 0.35319675183738186, 0.25857175279886757, 0.32407473790852581, 0.33180615604965785, 0.48832637826329917, 0.49135891287486227, 0.3126840407898091, 0.29132916394530883, 0.32243480719997442, 0.28692611145629954, 0.28159042010681901, 0.3863702606685232, 0.37638716063276528, 0.31589453505648757, 0.32725198870419131, 0.29466604397803825, 0.31783970263251715, 0.32481192483196925, 0.38067857381102793, 0.31024597224810641, 0.50169986613532558, 0.39152054837847661, 0.30259571537638552, 0.32201336059240843, 0.38066550151357009, 0.52991340752254101, 0.27637679273188875, 0.304898598684122, 0.30711152560116656, 0.28407871518698441]
Initial Dunn : [0.0073636924947634999, 0.010318894151159125, 0.0078092599330764996, 0.008723750321112415, 0.0073930908117128781, 0.0044779248123199521, 0.0051839080015140607, 0.0056876480426303767, 0.0051307681663986136, 0.0076541068757181759, 0.0057653527155718956, 0.0073797047574223704, 0.0056007919865399425, 0.0052258590374805293, 0.0070346125578219674, 0.006105115427931131, 0.007651265864403769, 0.0047915233687699605, 0.017452014725675872, 0.0057728681258707509, 0.0059601196770232984, 0.0070870654648646945, 0.0049820303409712982, 0.0046325210882083197, 0.004738865653232162, 0.0080214815235620015, 0.0086366253748470876, 0.0057941443785900241, 0.0063409620720773288, 0.0045871412765937205, 0.006317820361672645, 0.0074562032899766015, 0.0069750632965834367, 0.0062127446719094448, 0.0063809606366365991, 0.0061840575086225865, 0.0057852119627803877, 0.0060480633557758352, 0.0056953761589025285, 0.0078099943326493627, 0.0056692298438454957, 0.013761176785239025, 0.0061308924355933823, 0.0052396987050849783, 0.0061410222737143571, 0.013936808393042838, 0.0057005717879480061, 0.0076018858444044622, 0.0061336719827760162, 0.0054728543870211678]
Max Dunn and corresponding cluster, PBM, Sil : 0.0174520147257,20,73.6426747711,0.312673514826
------------------------------------------------------------------------------------------
-------------------------------------------------------------------------------------------------------------------------

-------------------------------------------------------------------------------------------------------------------------

-------------------------------------------------------------------------------------------------------------------------

-------------------------------------------------------------------------------------------------------------------------

-------------------------------------------------------------------------------------------------------------------------

-------------------------------------------------------------------------------------------------------------------------

-------------------------------------------------------------------------------------------------------------------------

-------------------------------------------------------------------------------------------------------------------------

-------------------------------------------------------------------------------------------------------------------------

-------------------------------------------------------------------------------------------------------------------------

-------------------------------------------------------------------------------------------------------------------------

-------------------------------------------------------------------------------------------------------------------------

-------------------------------------------------------------------------------------------------------------------------

-------------------------------------------------------------------------------------------------------------------------

-------------------------------------------------------------------------------------------------------------------------

-------------------------------------------------------------------------------------------------------------------------

-------------------------------------------------------------------------------------------------------------------------

-------------------------------------------------------------------------------------------------------------------------

-------------------------------------------------------------------------------------------------------------------------

-------------------------------------------------------------------------------------------------------------------------

-------------------------------------------------------------------------------------------------------------------------

-------------------------------------------------------------------------------------------------------------------------

-------------------------------------------------------------------------------------------------------------------------

-------------------------------------------------------------------------------------------------------------------------

-------------------------------------------------------------------------------------------------------------------------

-------------------------------------------------------------------------------------------------------------------------

-------------------------------------------------------------------------------------------------------------------------

-------------------------------------------------------------------------------------------------------------------------

-------------------------------------------------------------------------------------------------------------------------

-------------------------------------------------------------------------------------------------------------------------

-------------------------------------------------------------------------------------------------------------------------

-------------------------------------------------------------------------------------------------------------------------

-------------------------------------------------------------------------------------------------------------------------

-------------------------------------------------------------------------------------------------------------------------

-------------------------------------------------------------------------------------------------------------------------

-------------------------------------------------------------------------------------------------------------------------

-------------------------------------------------------------------------------------------------------------------------

-------------------------------------------------------------------------------------------------------------------------

-------------------------------------------------------------------------------------------------------------------------

-------------------------------------------------------------------------------------------------------------------------

-------------------------------------------------------------------------------------------------------------------------

-------------------------------------------------------------------------------------------------------------------------

-------------------------------------------------------------------------------------------------------------------------

-------------------------------------------------------------------------------------------------------------------------

-------------------------------------------------------------------------------------------------------------------------

-------------------------------------------------------------------------------------------------------------------------

-------------------------------------------------------------------------------------------------------------------------

-------------------------------------------------------------------------------------------------------------------------

-------------------------------------------------------------------------------------------------------------------------

-------------------------------------------------------------------------------------------------------------------------

chromosome 0 : [ 0.28433377 -0.00862384 -0.16201867 ...,  0.          0.          0.        ]
 Objectives (Sil) : 0.425405447149
 Objectives (PBM) : 141.791126699
Cluster size 0 :13
Predicted Label for 0: [ 4  6  9  0 11  0 11  6  6  5  6  5  8  5  3  9 11  8  5  9  8  9  4  9  9
  0 11  4 11  4  8  9  3  9 11  0  8  9  9 11  9  7  9 11  9  0  3  5  9  0
 11  6  6 11  9 11 11  0  9  7 12  9  0  9  4  0  0  0  9  7 12  9 11 11 11
  3  9  0  4  0  8  8  9  7  0  6 12  9  6 11  8 12  4 11  9  0  8  0  0 11
  4  0  9  4  3  7  8 11  6  2  9 12  0  9 10  9  7 12  7  7  8  0  5  9  9
  1  2 11  0  8  8  0  0 11  8 12  8  7  9  4  0  4  3  4  8  8 11 11  9  5
  0  0  8  3 12  3 11 12  0 11  8  0  8 12 12  0  3 11  7 12  8  9  8  0  0
  7  8  6 12 11  8  9  9 10  6 12  2  2  0  9  5 12  6  9  0  8  8  0  9  7
  8  0  2  8  0  0  6 12 11  4  6 12  5  6 11  8  7  0  2  0  7  9  9  9  9
 12 11  9  8  6  8  7 11  0 11 11  7  9  0  9  6  6  6 11  9  8  7  0 11 11
  4  0  8  8  4  9  8  9  9 12 11  4  9  3  9 11  7  2 11  0  9  2  0  0  6
  7  3  2  4 12  6  6  9  0 12  9  0 12  7 11 11 12  0  4  9  9 11  0  0  9
  9  0  7  0  8  0  6  0 11  6  0  0  0  9  9  9  9  0  6  0  0  0  7 11  5
  9  3  2  8  0  6  5  4  7  8  9  9 12 11  7 11  0  9  8 11  5  3  9  9  4
 11  9  8  6 11 11  0 11  0  4  3  9  8  3  2  6 11  0  9  6  3 10  0  0  0
  9 10  0  0  6 12  0 11  3  8  0 11  6  9  7  9  8 11  0  0  5  9 11  6 11
  9 12  8]
 Dunn Index 0 : 0.0446922194743
---------------------------------------------------------------------------------------------------------
chromosome 1 : [ 0.23567674 -0.0068002  -0.13428504 ...,  0.          0.          0.        ]
 Objectives (Sil) : 0.506353188023
 Objectives (PBM) : 154.049747581
Cluster size 1 :8
Predicted Label for 1: [3 0 7 6 7 6 7 0 0 3 0 3 6 3 0 7 7 6 3 7 4 7 0 7 7 6 7 0 7 0 4 7 0 7 7 6 6
 7 7 7 7 0 7 7 7 6 0 3 7 6 7 0 0 7 7 7 7 6 7 0 4 7 6 7 0 6 6 6 7 0 4 6 7 7
 7 0 7 6 0 6 6 4 7 0 6 0 4 7 0 7 4 4 0 7 7 6 4 6 6 7 0 6 7 0 0 0 4 7 0 3 7
 4 6 7 5 7 0 4 0 0 4 6 3 6 7 1 3 7 6 4 6 6 6 7 4 5 4 0 6 0 6 3 0 0 4 4 7 7
 6 3 6 6 4 0 4 0 7 4 6 7 6 6 4 4 4 6 0 7 0 4 4 7 6 6 6 0 4 0 4 7 6 7 6 5 0
 4 3 3 6 7 3 4 0 7 6 6 4 6 7 0 4 6 3 6 6 6 0 4 7 0 0 4 3 0 7 4 0 6 3 6 0 7
 7 7 7 4 7 7 4 0 4 0 7 6 7 7 0 7 6 7 0 0 7 7 7 6 0 6 7 7 3 6 4 4 3 7 6 7 7
 4 7 0 7 0 7 7 0 3 7 6 7 3 6 6 0 0 0 3 0 4 0 0 6 6 4 7 6 4 0 7 7 4 6 0 7 6
 7 6 6 7 6 6 0 6 4 6 0 6 7 0 6 6 6 6 7 7 7 6 0 6 6 6 0 7 3 7 0 3 4 6 0 3 3
 0 6 7 7 4 7 0 7 6 7 4 7 3 0 7 7 0 7 7 4 0 7 7 6 7 6 0 0 7 4 0 3 0 7 6 7 7
 0 5 6 6 6 7 5 6 6 0 4 6 7 0 4 6 7 0 7 0 6 4 7 6 6 3 7 7 0 7 7 4 4]
 Dunn Index 1 : 0.0266711918652
---------------------------------------------------------------------------------------------------------
chromosome 2 : [ 0.21805206 -0.00694211 -0.12420201 ...,  0.          0.          0.        ]
 Objectives (Sil) : 0.421760187701
 Objectives (PBM) : 110.495104681
Cluster size 2 :17
Predicted Label for 2: [ 2  8 15 12  1 12  1  8  8  2  8  2 10  2  2 15  1 10 16 15  9 15  2 15 15
 12  1  2 15  2  9 15  8 15  1 10 10 15 15  1 15  8 15  1 15 12  8  2 15 12
 15  8  1  1 12  1  1 10 12  8  6 15 11 15  2 10 11 10 15  8  3 12  1  1  1
  8 15 11  2 10 10  9 15  8 10  1  3 12  1  1 13  3  2  1 12 11  9 11 11  1
  2 12 12  2  8  8  9  1  8 16 15  3 12 15  5 15  8  3  8  8  9 11  2 12 15
  0 16  1 11 13 10 11 11  1 13  6  9  8 12  2 12  2  8  2 13  9  1  1 12  2
 11 10  9  2  9  8  1  3 12 15 10 11 13  9  9 12  2  1  8  9  9 15 10 11 10
  8  9  8  3  1 13 15 12  5  8  6 16 16 10 15 16  9  8 15 10 10 13 11 12  8
  9 12 16 10 11 11  8  6  1  2  8  9  2  8  1 13  8 10 16 12  8 15 15 15 15
  3  1 15  9  8 13  8  1 11  1  1  8 15 11 15  8  1  1  1 15 10  8 12  1 15
  2 12 13  9  2 15 13 15 15  3  1  2 15  8 15  1  8 16  1 11 15 16 12 10  8
  8  2 16  2  6  8  8 12 10  3 12 11  9  8  1  1  9 10  2 15 12  1 10 11 12
 12 11  8 10  9 11  8 10  1  8 12 11 12 12 15 15 15 11  8 11 12 12  8 15  2
 15  2 16  9 11  8 16  2  8 10 12 15  6  1  8  1 11 15 13 15  2  8 15 12  2
  1 15  9  1  1  1 11  1 10  2  8 15 13  8 16  8  1 10 12  1  2 14 11 12 11
 12  4 11 11  8  3 11  1  8 13 11  1  8 15  8 12 13  1 11 11 16 15 15  8  1
 15  3 13]
 Dunn Index 2 : 0.0292680333272
---------------------------------------------------------------------------------------------------------
chromosome 3 : [ 0.23753291 -0.00719074 -0.13535915 ...,  0.          0.          0.        ]
 Objectives (Sil) : 0.462196696285
 Objectives (PBM) : 160.282588641
Cluster size 3 :9
Predicted Label for 3: [0 7 6 5 7 5 7 8 7 0 7 0 5 0 8 6 7 5 0 6 4 6 8 6 6 5 7 8 6 8 4 6 8 6 7 5 5
 6 6 7 6 8 6 7 6 5 8 0 6 5 6 7 7 7 6 7 7 5 6 8 3 6 5 6 8 5 5 5 6 8 3 6 7 7
 7 8 6 5 8 5 5 4 6 8 5 7 3 6 7 7 4 3 8 7 6 5 4 5 5 7 8 6 6 8 8 8 4 7 7 0 6
 3 5 6 2 6 8 3 8 8 4 5 0 6 6 1 0 7 5 4 5 5 5 7 4 3 4 8 6 8 5 0 8 8 4 4 7 7
 6 0 5 5 4 8 4 8 7 3 6 6 5 5 4 4 4 5 8 7 8 4 4 6 5 5 5 8 4 7 3 7 4 6 6 2 7
 3 0 0 5 6 0 4 8 6 5 5 4 5 6 8 4 5 0 5 5 5 7 3 7 8 8 4 0 7 7 4 8 5 0 5 8 6
 6 6 6 3 7 6 4 8 4 8 7 5 7 7 8 6 5 6 7 7 7 7 6 5 8 5 7 6 0 5 4 4 0 6 4 6 6
 3 7 8 6 8 6 7 8 0 7 5 6 0 5 5 8 8 8 0 8 3 7 8 6 5 3 6 5 4 8 7 7 4 5 8 6 6
 7 5 5 6 6 5 8 5 4 5 8 5 7 7 5 5 6 6 6 6 6 5 8 5 5 5 8 6 0 6 8 0 4 5 8 0 0
 8 5 6 6 3 7 8 7 5 6 4 6 0 8 6 6 8 7 6 4 7 7 7 5 7 5 8 8 6 4 8 0 7 7 5 6 7
 8 2 5 5 5 6 2 5 5 7 3 5 7 8 4 5 7 7 6 8 6 4 7 5 5 0 6 6 7 7 6 3 4]
 Dunn Index 3 : 0.0321844709962
---------------------------------------------------------------------------------------------------------
chromosome 4 : [ 0.26095789 -0.0071404  -0.14869469 ...,  0.          0.          0.        ]
 Objectives (Sil) : 0.508135096716
 Objectives (PBM) : 17.4987714104
Cluster size 4 :3
Predicted Label for 4: [1 0 0 0 0 0 0 1 0 1 0 1 2 1 1 0 0 2 1 0 2 0 1 0 0 0 0 1 0 1 2 0 1 0 0 2 2
 0 0 0 0 1 0 0 0 0 1 1 0 0 0 0 0 0 0 0 0 2 0 1 2 0 2 0 1 2 2 2 0 1 2 0 0 0
 0 1 0 2 1 2 2 2 0 1 2 0 2 0 0 0 2 2 1 0 0 2 2 2 0 0 1 0 0 1 1 1 2 0 0 1 0
 2 0 0 2 0 1 2 1 1 2 0 1 0 0 1 1 0 2 2 2 2 2 0 2 2 2 1 0 1 0 1 1 1 2 2 0 0
 0 1 2 2 2 1 2 1 0 2 0 0 2 2 2 2 2 0 1 0 1 2 2 0 2 0 2 1 2 0 2 0 2 0 0 2 0
 2 1 1 2 0 1 2 1 0 2 2 2 2 0 1 2 0 1 2 2 2 0 2 0 1 1 2 1 0 0 2 1 2 1 0 1 0
 0 0 0 2 0 0 2 1 2 1 0 2 0 0 1 0 2 0 0 0 0 0 0 2 1 0 0 0 1 0 2 2 1 0 2 0 0
 2 0 1 0 1 0 0 1 1 0 2 0 1 0 2 1 1 1 1 1 2 0 1 0 2 2 0 2 2 1 0 0 2 2 1 0 0
 0 2 2 0 0 2 1 2 2 2 1 2 0 1 0 2 0 0 0 0 0 0 1 2 0 0 1 0 1 0 1 1 2 0 1 1 1
 1 2 0 0 2 0 1 0 0 0 2 0 1 1 0 0 1 0 0 2 0 0 0 2 0 2 1 1 0 2 1 1 0 0 2 0 0
 1 2 2 0 2 0 2 2 2 0 2 2 0 1 2 2 0 0 0 1 0 2 0 2 2 1 0 0 0 0 0 2 2]
 Dunn Index 4 : 0.00893855302627
---------------------------------------------------------------------------------------------------------
chromosome 5 : [ 0.22465697 -0.00728153 -0.12796256 ...,  0.          0.          0.        ]
 Objectives (Sil) : 0.509848459948
 Objectives (PBM) : 17.5734293065
Cluster size 5 :3
Predicted Label for 5: [1 2 2 2 2 2 2 1 1 1 1 1 0 1 1 2 2 0 1 2 0 2 1 2 2 2 2 1 2 1 0 2 1 2 2 0 0
 2 2 2 2 1 2 2 2 2 1 1 2 2 2 2 2 2 2 2 2 0 2 1 0 2 2 2 1 0 0 0 2 1 0 2 2 2
 2 1 2 0 1 0 0 0 2 1 0 2 0 2 2 2 0 0 1 2 2 2 0 0 2 2 1 2 2 1 1 1 0 2 1 1 2
 0 2 2 0 2 1 0 1 1 0 2 1 2 2 1 1 2 0 0 0 0 0 2 0 0 0 1 2 1 2 1 1 1 0 0 2 2
 2 1 2 0 0 1 0 1 2 0 2 2 0 0 0 0 0 2 1 2 1 0 0 2 0 2 0 1 0 2 0 2 0 2 2 0 2
 0 1 1 0 2 1 0 1 2 0 0 0 0 2 1 0 2 1 0 2 2 1 0 2 1 1 0 1 1 2 0 1 0 1 2 1 2
 2 2 2 0 2 2 0 1 0 1 2 0 2 2 1 2 0 2 1 2 2 2 2 0 1 2 2 2 1 2 0 0 1 2 0 2 2
 0 2 1 2 1 2 2 1 1 2 2 2 1 2 0 1 1 1 1 1 0 1 1 2 0 0 2 0 0 1 2 2 0 0 1 2 2
 2 0 0 2 2 0 1 0 0 2 1 0 2 1 2 2 2 2 2 2 2 2 1 0 2 2 1 2 1 2 1 1 0 2 1 1 1
 1 0 2 2 0 2 1 2 2 2 0 2 1 1 2 2 1 2 2 0 2 2 2 0 2 0 1 1 2 0 1 1 1 2 0 2 2
 1 0 0 2 0 2 0 0 0 2 0 2 2 1 0 2 2 1 2 1 2 0 2 0 2 1 2 2 1 2 2 0 0]
 Dunn Index 5 : 0.00942066265367
---------------------------------------------------------------------------------------------------------
chromosome 6 : [  9.07839695e-317   9.07838510e-317   9.07837324e-317 ...,
   0.00000000e+000   0.00000000e+000   0.00000000e+000]
 Objectives (Sil) : 0.427373223691
 Objectives (PBM) : 61.811272806
Cluster size 6 :16
Predicted Label for 6: [ 9 11 13 13 12 13 12 11 11  9 11  7 14  7 10 13 12 14  7 13 15 13  9 13 13
 13 12  9 12  9 15 12 10 13 12 14 14 12 13 12 13 10 12 12 12 13 10  9 13 13
 12 11 11 12 13 12 12 14 13 10 15 13 14 13  9 14 14 14 13 11 15 13 12 12 12
 10 13 14  9 14 14 15 12 10 14 11 15 13 11 12 14 15  9 12 13 14 15 14 14 12
  9 13 13  9 10 11 15 12 11  2 13 15 13 12 15 13 10 15 11 10 15 13  9 13 13
  0  5 12 14 14 14 14 14 12 14 15 15 11 13  9 13  9 10  9 14 15 12 12 13  9
 14 14 15 10 15 10 12 15 13 12 14 14 14 15 15 13 10 12 11 15 15 13 14 13 14
 11 15 11 15 12 14 13 13 15 11 15  4  1 14 13  7 15 11 13 14 14 14 14 13 10
 15 13  5 14 14 14 11 15 12  9 11 15  7 11 12 14 10 14  8 13 10 13 13 12 13
 15 12 12 15 11 14 10 12 14 12 12 11 12 14 13 11 11 11 12 13 14 11 13 12 12
  9 13 14 15  9 12 14 13 12 15 12  9 13 10 12 12 10  6 12 14 13  4 13 14 11
 10 10  3  9 15 11 11 13 14 15 13 14 15 10 12 12 15 14  9 12 13 12 14 14 13
 13 14 10 14 15 14 11 14 12 11 13 14 13 13 12 13 13 13 11 14 13 13 11 12  9
 13 10  5 15 14 11  7  9 10 14 13 13 15 12 10 12 13 13 14 12  9 10 13 13  9
 12 13 15 11 12 12 14 12 14  9 10 13 14 10  5 11 12 14 13 11 10 15 14 13 14
 13 15 14 14 11 15 14 12 10 14 14 12 11 13 11 13 14 12 14 14  7 12 12 11 12
 12 15 14]
 Dunn Index 6 : 0.017330053443
---------------------------------------------------------------------------------------------------------
chromosome 7 : [ 0.23920796 -0.00772733 -0.13631575 ...,  0.          0.          0.        ]
 Objectives (Sil) : 0.447873570198
 Objectives (PBM) : 122.172754125
Cluster size 7 :13
Predicted Label for 7: [ 1 12  9  9  7  9  7 12 12  1 12  2  8  2  1  9  7  8  2  9  0  9  1  9  9
  9  7  1  7  1  0  7 12  9  7  8  8  7  9  7  9 12  7  7  7  9 12  1  9  9
  7 12 12  7  9  7  7  8  9 12 10  9  8  9  1  8  8  8  9 12 11  9  7  7  7
 12  9  8  1  8  8  0  7 12  8 12 11  9 12  7  0 11  1  7  9  8  0  8  8  7
  1  9  9  1 12 12  0  7 12  3  9 11  9  7  5  9 12 11 12 12  0  8  1  9  9
  4  3  7  8  0  8  8  8  7  0 10  0 12  9  1  9  1 12  1  0  0  7  7  9  1
  8  8  0  1 11 12  7 11  9  7  8  8  0 11 11  9  1  7 12 11  0  9  8  8  8
 12  0 12 11  7  0  9  9  5 12 10  3  3  8  9  2 11 12  9  8  8  0  8  9 12
  0  9  2  8  8  8 12 10  7  1 12 11  2 12  7  0 12  8  3  8 12  9  9  7  9
 11  7  7  0 12  0 12  7  8  7  7 12  7  8  9 12 12  7  7  9  8 12  9  7  7
  1  9  0  0  1  7  0  9  7 11  7  1  9 12  9  7 12  3  7  8  9  3  9  8 12
 12  1  3  1 10 12 12  9  8 11  9  8 11 12  7  7 11  8  1  7  9  7  8  8  9
  9  8 12  8  0  8 12  8  7 12  8  8  9  9  7  9  9  8 12  8  9  9 12  7  1
  9  1  2  0  8 12  2  1 12  8  9  9 10  7 12  7  8  9  0  7  1 12  9  9  1
  7  9  0 12  7  7  8  7  8  1 12  9  0 12  2 12  7  8  9  7  1 10  8  9  8
  9  5  8  8 12 11  8  7 12  0  8  7 12  9 12  9  0  7  8  8  2  7  7 12  7
  9 11  0]
 Dunn Index 7 : 0.0493237669813
---------------------------------------------------------------------------------------------------------
chromosome 8 : [ 0.22465697 -0.00728153 -0.12796256 ...,  0.          0.          0.        ]
 Objectives (Sil) : 0.489777120191
 Objectives (PBM) : 26.9844959825
Cluster size 8 :4
Predicted Label for 8: [1 3 0 0 3 0 3 3 3 1 3 1 2 1 3 0 3 2 1 0 2 0 1 0 0 0 3 1 0 1 2 0 3 0 3 0 2
 0 0 3 0 3 0 3 0 0 3 1 0 0 0 3 3 3 0 3 3 0 0 3 2 0 0 0 1 0 0 0 0 3 2 0 3 3
 3 3 0 0 1 0 2 2 0 3 0 3 2 0 3 3 2 2 1 3 0 0 2 0 0 3 1 0 0 1 3 3 2 3 3 1 0
 2 0 0 2 0 3 2 3 3 2 0 1 0 0 1 1 3 0 2 2 0 0 3 2 2 2 3 0 1 0 1 3 1 2 2 3 3
 0 1 0 0 2 3 2 3 3 2 0 0 2 0 2 2 2 0 3 3 3 2 2 0 2 0 0 3 2 3 2 3 2 0 0 2 3
 2 1 1 0 0 1 2 3 0 0 2 2 0 0 3 2 0 1 2 0 0 3 2 3 1 3 2 1 3 3 2 3 0 1 0 3 0
 0 0 0 2 3 0 2 3 2 3 3 0 3 3 3 0 0 0 3 3 3 3 0 2 3 0 3 0 1 0 2 2 1 0 2 0 0
 2 3 1 0 3 0 3 3 1 3 0 0 1 0 0 3 3 3 1 1 2 3 3 0 0 2 0 0 2 3 3 3 2 0 1 0 0
 3 0 0 0 0 0 3 0 2 0 3 0 3 3 0 0 0 0 0 0 0 0 3 0 0 0 3 0 1 0 3 1 2 0 3 1 1
 3 2 0 0 2 3 3 3 0 0 2 0 1 3 0 0 1 3 0 2 3 3 3 0 3 0 1 3 0 2 3 1 3 3 0 0 3
 3 2 0 0 0 0 2 0 0 3 2 0 3 3 2 0 3 3 0 3 0 2 3 0 0 1 0 0 3 3 0 2 2]
 Dunn Index 8 : 0.0120176379525
---------------------------------------------------------------------------------------------------------
chromosome 9 : [ 0.26862301 -0.00806257 -0.15303571 ...,  0.          0.          0.        ]
 Objectives (Sil) : 0.532994139421
 Objectives (PBM) : 139.072003314
Cluster size 9 :3
Predicted Label for 9: [0 0 2 2 0 2 0 0 0 0 0 0 2 0 0 2 0 2 0 2 2 2 0 2 2 2 0 0 0 0 2 0 0 2 0 2 2
 0 2 0 2 0 2 0 0 2 0 0 2 2 0 0 0 0 2 0 0 2 2 0 2 2 2 2 0 2 2 2 2 0 2 2 0 0
 0 0 2 2 0 2 2 2 0 0 2 0 2 2 0 0 2 2 0 0 2 2 2 2 2 0 0 2 2 0 0 0 2 0 0 0 2
 2 2 0 2 2 0 2 0 0 2 2 0 2 2 1 0 0 2 2 2 2 2 0 2 2 2 0 2 0 2 0 0 0 2 2 0 0
 2 0 2 2 2 0 2 0 0 2 2 0 2 2 2 2 2 2 0 0 0 2 2 2 2 2 2 0 2 0 2 0 2 2 2 2 0
 2 0 0 2 2 0 2 0 2 2 2 2 2 2 0 2 2 0 2 2 2 0 2 0 0 0 2 0 0 0 2 0 2 0 2 0 2
 2 2 2 2 0 2 2 0 2 0 0 2 0 0 0 2 2 2 0 0 0 0 2 2 0 2 0 0 0 2 2 2 0 2 2 2 0
 2 0 0 2 0 2 0 0 0 0 2 2 0 2 2 0 0 0 0 0 2 0 0 2 2 2 2 2 2 0 0 0 2 2 0 0 2
 0 2 2 2 2 2 0 2 2 2 0 2 0 0 2 2 2 2 0 2 2 2 0 2 2 2 0 0 0 2 0 0 2 2 0 0 0
 0 2 2 2 2 0 0 0 2 2 2 0 0 0 2 2 0 0 2 2 0 0 0 2 0 2 0 0 2 2 0 0 0 0 2 2 0
 0 2 2 2 2 2 2 2 2 0 2 2 0 0 2 2 0 0 2 0 2 2 0 2 2 0 0 0 0 0 2 2 2]
 Dunn Index 9 : 0.0117772538201
---------------------------------------------------------------------------------------------------------
chromosome 10 : [ 0.25620003 -0.00822001 -0.14603571 ...,  0.          0.          0.        ]
 Objectives (Sil) : 0.536063115003
 Objectives (PBM) : 16.37223638
Cluster size 10 :2
Predicted Label for 10: [1 1 0 0 1 0 1 1 1 1 1 1 0 1 1 0 1 0 1 0 0 0 1 0 0 0 1 1 0 1 0 0 1 0 1 0 0
 0 0 1 0 1 0 1 0 0 1 1 0 0 0 1 1 1 0 1 1 0 0 1 0 0 0 0 1 0 0 0 0 1 0 0 1 1
 1 1 0 0 1 0 0 0 0 1 0 1 0 0 1 1 0 0 1 1 0 0 0 0 0 1 1 0 0 1 1 1 0 1 1 1 0
 0 0 0 0 0 1 0 1 1 0 0 1 0 0 1 1 1 0 0 0 0 0 1 0 0 0 1 0 1 0 1 1 1 0 0 1 1
 0 1 0 0 0 1 0 1 1 0 0 0 0 0 0 0 0 0 1 1 1 0 0 0 0 0 0 1 0 1 0 1 0 0 0 0 1
 0 1 1 0 0 1 0 1 0 0 0 0 0 0 1 0 0 1 0 0 0 1 0 1 1 1 0 1 1 1 0 1 0 1 0 1 0
 0 0 0 0 1 0 0 1 0 1 1 0 1 1 1 0 0 0 1 1 1 1 0 0 1 0 1 0 1 0 0 0 1 0 0 0 0
 0 1 1 0 1 0 1 1 1 1 0 0 1 0 0 1 1 1 1 1 0 1 1 0 0 0 0 0 0 1 1 1 0 0 1 0 0
 1 0 0 0 0 0 1 0 0 0 1 0 1 1 0 0 0 0 0 0 0 0 1 0 0 0 1 0 1 0 1 1 0 0 1 1 1
 1 0 0 0 0 1 1 1 0 0 0 0 1 1 0 0 1 1 0 0 1 1 1 0 1 0 1 1 0 0 1 1 1 1 0 0 1
 1 0 0 0 0 0 0 0 0 1 0 0 1 1 0 0 1 1 0 1 0 0 1 0 0 1 0 0 1 1 0 0 0]
 Dunn Index 10 : 0.00985353316072
---------------------------------------------------------------------------------------------------------
chromosome 11 : [ 0.24846743 -0.00817559 -0.14159781 ...,  0.          0.          0.        ]
 Objectives (Sil) : 0.511683276621
 Objectives (PBM) : 61.0543064757
Cluster size 11 :5
Predicted Label for 11: [1 1 3 4 3 4 3 1 1 1 1 0 4 0 1 3 3 4 0 3 2 3 1 3 3 4 3 1 3 1 2 3 1 3 3 4 4
 3 3 3 3 1 3 3 3 4 1 1 3 4 3 1 1 3 3 3 3 4 3 1 2 3 4 3 1 4 4 4 3 1 2 4 3 3
 3 1 3 4 1 4 4 2 3 1 4 1 2 3 1 3 4 2 1 3 3 4 2 4 4 3 1 4 3 1 1 1 2 3 1 0 3
 2 4 3 2 3 1 2 1 1 2 4 1 3 3 0 0 3 4 4 4 4 4 3 4 2 2 1 3 1 4 1 1 1 4 2 3 3
 4 1 4 4 2 1 2 1 3 2 4 3 4 4 4 2 2 4 1 3 1 2 2 3 4 4 4 1 2 1 2 3 4 3 3 2 1
 2 0 0 4 3 0 2 1 3 4 4 2 4 3 1 2 4 0 4 4 4 1 2 3 1 1 2 0 1 3 4 1 4 0 4 1 3
 3 3 3 2 3 3 2 1 4 1 3 4 3 3 1 3 4 3 1 1 3 3 3 4 1 4 3 3 1 4 4 2 1 3 4 3 3
 2 3 1 3 1 3 3 1 0 3 4 3 0 4 4 1 1 1 0 1 2 1 1 4 4 2 3 4 2 1 3 3 2 4 1 3 4
 3 4 4 3 4 4 1 4 2 4 1 4 3 1 4 4 4 3 3 3 3 4 1 4 4 4 1 3 1 3 1 0 2 4 1 0 1
 1 4 3 3 2 3 1 3 4 3 4 3 1 1 3 3 1 3 3 2 3 3 3 4 3 4 1 1 3 2 1 0 1 3 4 3 3
 1 2 4 4 4 3 2 4 4 1 2 4 3 1 4 4 3 1 3 1 4 4 3 4 4 0 3 3 1 3 3 2 4]
 Dunn Index 11 : 0.00998142089884
---------------------------------------------------------------------------------------------------------
chromosome 12 : [ 0.24783628 -0.00752895 -0.1412295  ...,  0.          0.          0.        ]
 Objectives (Sil) : 0.437738409734
 Objectives (PBM) : 97.1133204621
Cluster size 12 :18
Predicted Label for 12: [ 4  1 16 15  0 15  0  1  1  4  1  4 13  4  4 16  0 13 17 16 12 16  4 16 16
 15  0  4 16  4 12 16  1 16  0 14 13 16 16  0 16  1 16  0 16 15  1  4 16 15
 16  1  0  0 16  0  0 14 16  1 11 16 15 16  4 14 14 14 16  1 10 15  0  0  0
  1 16 14  4 14 13 12 16  1 14  0 10 16  0  0 13 10  4  0 15 15 12 14 15  0
  4 15 16  4  1  1 12  0  1 17 16 10 15 16  3 16  1 10  1  1 12 15  4 15 16
  2 17  0 14 13 13 14 14  0 13  8 12  1 15  4 15  4  1  4 13 12  0  0 15  4
 15 14 12  4 12  1  0 10 15 16 13 14 13 12 12 15  4  0  1 12 12 16 13 15 14
  1 12  1 10  0 13 16 15  5  1 11 17 17 14 16 17 12  1 16 14 13 12 14 16  1
 12 15 17 13 15 15  1 11  0  4  1 12  4  1  0 13  1 14 17 15  1 16 16 16 16
 10  0 16 12  1 13  1  0 14  0  0  1 16 14 16  1  0  0  0 16 13  1 15  0 16
  4 15 13 12  4 16 13 16 16 10  0  4 16  1 16  0  1 17  0 15 16 17 15 14  1
  1  4 17  4  9  1  1 15 14 10 16 14 12  1  0  0 12 14  4 16 15  0 14 14 15
 15 14  1 14 12 15  1 14  0  1 15 15 15 15 16 16 16 15  1 14 15 15  1 16  4
 16  4 17 12 15  1 17  4  1 13 16 16  9  0  1  0 15 16 13 16  4  1 16 16  4
  0 16 12  0  0  0 14  0 14  4  1 16 13  1 17  1  0 14 16  0  4  7 14 15 14
 16  6 14 14  1 10 15  0  1 13 15  0  1 16  1 15 13  0 14 15 17 16 16  1  0
 16 10 13]
 Dunn Index 12 : 0.0368553508473
---------------------------------------------------------------------------------------------------------
chromosome 13 : [ 0.27578355 -0.00757208 -0.1571433  ...,  0.          0.          0.        ]
 Objectives (Sil) : 0.495913994195
 Objectives (PBM) : 130.12651163
Cluster size 13 :7
Predicted Label for 13: [6 5 3 4 3 4 5 5 5 6 5 6 4 6 6 3 3 4 1 3 0 3 6 3 3 4 5 6 3 6 0 3 5 3 3 4 4
 3 3 3 3 5 3 3 3 4 5 6 3 4 3 5 5 5 3 3 3 4 3 5 0 3 4 3 6 4 4 4 3 5 0 4 3 3
 3 5 3 4 6 4 4 0 3 5 4 5 0 3 5 3 4 0 6 3 3 4 0 4 4 3 6 4 3 6 5 5 0 3 5 1 3
 0 4 3 0 3 5 0 5 5 0 4 6 3 3 2 1 3 4 4 4 4 4 3 4 0 0 5 3 6 4 6 5 6 4 0 5 3
 4 6 4 4 0 6 0 5 3 0 4 3 4 4 4 0 0 4 6 3 5 0 0 3 4 4 4 5 0 5 0 3 4 3 3 0 5
 0 1 1 4 3 1 0 5 3 4 4 0 4 3 5 0 4 1 4 4 4 5 0 3 6 5 0 6 5 3 4 5 4 1 4 5 3
 3 3 3 0 3 3 0 5 4 5 3 4 3 3 5 3 4 3 5 5 5 3 3 4 5 4 3 3 6 4 4 0 6 3 4 3 3
 0 5 6 3 5 3 3 5 1 3 4 3 1 4 4 5 5 6 1 6 0 5 5 3 4 0 3 4 0 5 3 3 0 4 6 3 4
 3 4 4 3 3 4 5 4 0 4 5 4 5 5 4 4 4 3 3 3 3 4 5 4 4 4 5 3 6 3 6 1 0 4 5 1 6
 5 4 3 3 0 3 5 3 4 3 4 3 6 5 3 3 6 3 3 0 5 3 3 4 3 4 6 5 3 0 5 1 5 3 4 3 5
 6 0 4 4 4 3 0 4 4 5 0 4 3 5 4 4 5 5 3 5 3 4 5 4 4 1 3 3 5 3 3 0 4]
 Dunn Index 13 : 0.0193287219309
---------------------------------------------------------------------------------------------------------
chromosome 14 : [ 0.24353056 -0.00701225 -0.13872861 ...,  0.          0.          0.        ]
 Objectives (Sil) : 0.440265087999
 Objectives (PBM) : 180.356662127
Cluster size 14 :12
Predicted Label for 14: [ 0  2  8  1  2  1  2  2  2  0  2 11  9 11  0  8  8  9 11  8  3  8  0  8  8
  1  2  0  8  0  3  8  0  8  8  9  9  8  8  8  8  0  8  8  8  1  0  0  8  1
  8  2  2  2  1  8  8  9  1  2  7  8  1  8  0  9  9  9  8  2  6  1  2  8  8
  0  8  9  0  9  9  3  8  0  9  2  6  1  2  2  3  6  0  8  1  1  3  9  1  8
  0  1  1  0  0  2  3  8  2 11  8  6  1  8  5  8  0  6  2  2  3  1  0  1  8
 10 11  8  9  3  9  9  9  2  3  7  3  2  1  0  1  0  0  0  3  3  2  8  1  0
  1  9  3  0  6  0  2  6  1  8  9  9  3  6  6  1  0  8  2  6  3  8  9  1  9
  2  3  2  6  2  9  8  1  5  2  7 11 11  9  8 11  6  2  8  9  9  3  9  1  0
  3  1 11  9  1  1  2  7  8  0  2  6 11  2  2  3  0  9 11  1  0  8  8  8  8
  6  2  8  3  2  3  0  8  9  8  8  2  8  9  1  2  2  2  2  8  9  2  1  8  8
  0  1  3  3  0  8  9  8  8  6  2  0  8  0  8  2  0 11  8  1  8 11  1  9  2
  0  0 11  0  7  2  2  1  9  6  1  9  6  0  8  2  6  9  0  8  1  2  9  9  1
  1  9  0  9  3  1  2  9  2  2  1  1  1  1  8  8  8  1  2  9  1  1  2  8  0
  8  0 11  3  1  2 11  0  0  9  1  8  7  2  2  2  1  8  3  8  0  0  8  1  0
  2  8  3  2  2  2  9  2  9  0  0  8  3  0 11  2  8  9  1  2  0  4  9  1  9
  1  4  9  9  2  6  1  8  0  3  1  2  2  8  2  1  3  2  9  1 11  8  8  2  2
  8  6  3]
 Dunn Index 14 : 0.0395627344509
---------------------------------------------------------------------------------------------------------
chromosome 15 : [ 0.215923   -0.00728573 -0.12301769 ...,  0.          0.          0.        ]
 Objectives (Sil) : 0.446401230229
 Objectives (PBM) : 68.615238365
Cluster size 15 :10
Predicted Label for 15: [9 8 7 6 8 6 8 8 8 9 8 9 5 9 9 7 7 5 0 7 4 7 9 7 7 6 8 9 7 9 4 7 9 7 7 5 5
 7 7 7 7 9 7 7 7 6 9 9 7 6 7 8 8 8 6 7 7 5 6 8 3 7 6 7 9 5 5 5 7 8 3 6 8 7
 7 9 7 5 9 5 5 4 7 9 5 8 3 6 8 8 5 3 9 7 6 6 4 5 6 7 9 6 6 9 9 8 4 7 8 0 7
 3 6 7 1 7 9 3 8 8 4 6 9 6 7 0 0 7 5 4 5 5 5 8 4 3 4 8 6 9 6 9 9 9 4 4 8 7
 6 9 6 5 4 9 4 9 8 3 6 7 5 5 4 4 4 6 9 7 8 4 4 7 5 6 5 8 4 8 3 8 5 7 6 2 8
 3 0 0 5 7 0 4 8 7 5 5 4 5 6 8 4 6 0 5 6 6 8 3 7 9 8 4 9 8 8 5 8 5 0 6 8 7
 7 7 7 3 8 7 4 8 5 9 7 5 7 7 8 7 5 6 8 8 8 8 7 5 8 6 7 7 9 6 4 4 9 7 5 7 7
 4 8 9 7 9 7 8 9 0 7 6 7 0 6 5 8 8 9 0 9 3 8 8 6 5 3 6 5 4 9 7 8 4 5 9 7 6
 8 5 6 6 6 5 9 5 4 6 8 5 8 8 6 6 6 6 7 7 7 6 8 5 6 6 8 7 9 7 9 0 4 6 8 0 9
 9 5 6 7 3 8 8 8 6 7 4 7 9 9 7 6 9 8 7 4 8 8 8 5 8 5 9 9 7 4 9 0 8 7 5 6 8
 9 2 5 6 5 6 2 5 5 8 3 6 7 9 4 6 8 8 7 8 6 5 8 5 6 0 7 7 8 8 7 3 4]
 Dunn Index 15 : 0.00695289658966
---------------------------------------------------------------------------------------------------------
chromosome 16 : [ 0.28530436 -0.00862384 -0.16257568 ...,  0.          0.          0.        ]
 Objectives (Sil) : 0.466390459626
 Objectives (PBM) : 77.2451512868
Cluster size 16 :8
Predicted Label for 16: [4 5 6 1 5 1 5 5 5 4 5 4 0 4 4 6 5 0 7 6 0 6 4 6 6 1 5 4 6 4 0 6 4 6 6 1 0
 6 6 6 6 4 6 6 6 1 4 4 6 1 6 5 5 5 6 6 6 1 6 5 3 6 1 6 4 1 1 1 6 5 3 1 5 5
 5 4 6 1 4 1 0 0 6 4 1 5 3 6 5 5 0 3 4 6 6 1 0 1 1 6 4 1 6 4 4 5 0 6 5 7 6
 3 1 6 2 6 4 3 5 5 0 1 4 6 6 7 7 6 1 0 0 1 1 5 0 3 0 5 6 4 1 4 4 4 0 0 5 6
 1 4 1 1 0 4 3 4 5 3 1 6 0 1 0 3 3 1 4 5 5 3 0 6 0 1 1 5 0 5 3 5 0 6 6 2 5
 3 7 7 1 6 7 3 5 6 1 0 0 1 6 4 0 1 7 0 1 1 5 3 6 4 5 3 4 5 5 0 4 1 7 1 4 6
 6 6 6 3 5 6 0 5 0 4 6 1 5 6 5 6 1 6 5 5 5 5 6 0 5 1 5 6 4 1 0 0 4 6 0 6 6
 3 5 4 6 4 6 5 4 7 6 1 6 7 1 1 5 4 4 7 4 3 5 5 6 1 3 6 1 3 4 6 5 3 1 4 6 1
 5 1 1 6 6 1 4 1 0 1 5 1 5 5 1 1 1 6 6 6 6 1 5 1 1 1 5 6 4 6 4 7 0 1 5 7 4
 4 0 6 6 3 5 5 5 1 6 0 6 4 4 6 6 4 5 6 0 5 5 5 1 5 1 4 4 6 0 4 7 5 5 1 6 5
 4 2 1 1 1 6 2 1 1 5 3 1 5 4 0 1 5 5 6 5 6 0 5 1 1 7 6 6 5 5 6 3 0]
 Dunn Index 16 : 0.0094734192614
---------------------------------------------------------------------------------------------------------
chromosome 17 : [ 0.28530436 -0.00862384 -0.16257568 ...,  0.          0.          0.        ]
 Objectives (Sil) : 0.430628304968
 Objectives (PBM) : 89.9951281687
Cluster size 17 :19
Predicted Label for 17: [17 16  0 15 18 15 18 16 16 17 16 17 13 17 17  0 18 13  3  0  8  0 17  0  0
 15 18 17  0 17  8  0 16  0 18 14 13  0  0 18  0 16  0 18  0 15 16 17  0 15
  0 16 18 18  0 18 18 14  0 16  9  0 15  0 17 14 14 14  0 16  7 15 18 18 18
 16  0 14 17 14 13  6  0 16 14 18 10  0 18 18 13  9 17 18 15 15  8 14 15 18
 17 15  0 17 16 16  8 18 16  3  0  5 15  0  2  0 16  7 16 16  8 15 17 15  0
  1  3 18 14 13 13 14 14 18 13 12  8 16 15 17 15 17 16 17 13  8 18 18 15 17
 15 14  8 17  6 16 18  7 15  0 13 14  8  6  6 15 17 18 16  6  8  0 13 15 14
 16  8 16  7 18 13  0 15  2 16 12  3  3 14  0  3  6 16  0 14 13  8 14  0 16
  8 15  3 13 15 15 16 12 18 17 16  6 17 16 18 13 16 14  3 15 16  0  0  0  0
 11 18  0  8 16 13 16 18 14 18 18 16  0 14  0 16 18 18 18  0 13 16 15 18  0
 17 15 13  8 17  0 13  0  0  6 18 17  0 16  0 18 16  3 18 15  0  3 15 14 16
 16 17  3 17 12 16 16 15 14 10  0 14  6 16 18 18  6 14 17  0 15 18 14 14 15
 15 14 16 14  8 15 16 14 18 16 15 15 15 15  0  0  0 15 16 14 15 15 16  0 17
  0 17  3  6 15 16  3 17 16 13  0  0 12 18 16 18 15  0  8  0 17 16  0  0 17
 18  0  8 18 18 18 14 18 14 17 16  0  8 16  3 16 18 14  0 18 17  2 14 15 14
  0  2 14 14 16 11 15 18 16 13 15 18 16  0 16 15 13 18 14 15  3  0  0 16 18
  0  5 13]
 Dunn Index 17 : 0.0368553508473
---------------------------------------------------------------------------------------------------------
chromosome 18 : [ 0.27160857 -0.00762292 -0.15474631 ..., -0.21128022 -0.24715051
  0.0380318 ]
 Objectives (Sil) : 0.421230379032
 Objectives (PBM) : 129.782108904
Cluster size 18 :18
Predicted Label for 18: [13  4  3  2  1  2  1  4  4 13  4  5 17  5 14  3  1 17  5  3  0  3 12  3  3
  2  1 12  3 12  0  3 14  3  1 17 17  3  3  1  3 15  3  1  3  2 14 13  3  2
  3  4  4  1  3  1  1 17  3 15 16  3  2  3 12 17 17 17  3 15 16  2  1  1  1
 14  3 17 12 17 17  0  3 15 17  4 16  3  4  1 17 16 12  1  2  2  0 17  2  1
 12  2  3 12 14 15  0  1  4  8  3 16  2  3  7  3 15 16 15 15  0  2 13  2  3
  6 11  1 17  0 17 17 17  1  0 16  0 15  2 12  2 13 14 12  0  0  1  1  2 13
  2 17  0 14  0 14  1 16  2  3 17  2  0  0  0  2 14  1 15  0  0  3 17  2 17
 15  0  4 16  1 17  3  2  9  4 16 10  8 17  3  5  0  4  3 17 17  0 17  3 15
  0  2 11 17  2  2  4 16  1 12  4  0  5  4  1 17 15 17 11  2 15  3  3  3  3
 16  1  3  0  4 17 15  1  2  1  1 15  3 17  3  4  4  4  1  3 17 15  2  1  3
 13  2  0  0 13  3 17  3  3  0  1 12  3 14  3  1 15 11  1  2  3 11  2 17  4
 15 14 10 12 16  4  4  2 17 16  3 17  0 15  1  1  0 17 12  3  2  1 17  2  2
  2 17 15 17  0  2  4 17  1  4  2  2  2  2  3  3  3  2  4  2  2  2 15  3 13
  3 14 11  0  2  4  5 13 15 17  3  3 16  1 15  1  2  3  0  3 13 14  3  3 12
  1  3  0  4  1  1 17  1 17 12 14  3  0 14 11  4  1 17  3  1 14  9 17  2  2
  3  9 17 17  4 16  2  1 14 17  2  1  4  3 15  2 17  1  2  2  5  3  3  4  1
  3 16 17]
 Dunn Index 18 : 0.0485130608579
---------------------------------------------------------------------------------------------------------
chromosome 19 : [ 0.23173256 -0.00711142 -0.13202836 ...,  0.          0.          0.        ]
 Objectives (Sil) : 0.504356637763
 Objectives (PBM) : 185.851398268
Cluster size 19 :6
Predicted Label for 19: [1 2 3 5 3 5 3 2 2 1 2 1 5 1 2 3 3 5 1 3 0 3 2 3 3 5 3 2 3 2 0 3 2 3 3 5 5
 3 3 3 3 2 3 3 3 5 2 1 3 5 3 2 2 3 3 3 3 5 3 2 0 3 5 3 2 5 5 5 3 2 0 5 3 3
 3 2 3 5 2 5 5 0 3 2 5 2 0 3 2 3 5 0 1 3 3 5 0 5 5 3 1 5 3 1 2 2 0 3 2 1 3
 0 5 3 0 3 2 0 2 2 0 5 1 3 3 4 1 3 5 5 5 5 5 3 5 0 0 2 3 2 5 1 2 2 5 0 3 3
 5 1 5 5 0 2 0 2 3 0 5 3 5 5 5 0 0 5 2 3 2 0 0 3 5 5 5 2 0 2 0 3 5 3 3 0 2
 0 1 1 5 3 1 0 2 3 5 5 0 5 3 2 0 5 1 5 5 5 2 0 3 2 2 0 1 2 3 5 2 5 1 5 2 3
 3 3 3 0 3 3 0 2 5 2 3 5 3 3 2 3 5 3 2 2 2 3 3 5 2 5 3 3 1 5 5 0 1 3 5 3 3
 0 3 1 3 2 3 3 2 1 3 5 3 1 5 5 2 2 2 1 1 0 2 2 5 5 0 3 5 0 2 3 3 0 5 1 3 5
 3 5 5 3 5 5 2 5 0 5 2 5 3 2 5 5 5 3 3 3 3 5 2 5 5 5 2 3 1 3 2 1 0 5 2 1 1
 2 5 3 3 0 3 2 3 5 3 5 3 1 2 3 3 1 3 3 0 2 3 3 5 3 5 1 2 3 0 2 1 2 3 5 3 2
 2 0 5 5 5 3 0 5 5 2 0 5 3 2 5 5 3 2 3 2 5 5 3 5 5 1 3 3 2 3 3 0 5]
 Dunn Index 19 : 0.0215558542983
---------------------------------------------------------------------------------------------------------
chromosome 20 : [ 0.28530436 -0.00784992 -0.16257568 ...,  0.          0.          0.        ]
 Objectives (Sil) : 0.422745881396
 Objectives (PBM) : 28.3846770808
Cluster size 20 :20
Predicted Label for 20: [19 18 15 16 18 16 18 17 17 19 17 19 11 19 17 15 18 11 19 15 12 15 19 15 15
 16 18 19 15 19 12 15 17 15 18 13 11 15 15 18 15 17 15 18 15 16 17 19 15 16
 15 18 18 18 15 18 18 13 15 17  8 15 16 15 19 13 13 13 15 17 14 16 18 18 18
 17 15 13 19 13 11 12 15 17 13 18 14 15 18 18 11 14 19 18 16 16 12 13 16 18
 19 16 15 19 17 17 12 18 17  0 15 14 16 15  1 15 17 14 17 17 12 16 19 16 15
  0  0 18 13 11 11 13 13 18 11  5 12 17 16 19 16 19 17 19 11 12 18 18 16 19
 16 13 12 17 12 17 18 14 16 15 11 13 11 12 12 16 17 18 17 12 12 15 11 16 13
 17 12 18 14 18 11 15 16  2 18  9  0  0 13 15 19 12 17 15 13 11 12 13 15 17
 12 16  0 11 16 16 17  9 18 19 17 12 19 17 18 11 17 13  0 16 17 15 15 15 15
 10 18 15 12 17 11 17 18 13 18 18 17 15 13 15 17 18 18 18 15 11 17 16 18 15
 19 16 11 12 19 15 11 15 15 14 18 19 15 17 15 18 17  0 18 16 15  0 16 13 17
 17 17  0 19  7 17 17 16 13 14 15 13 12 17 18 18 12 13 19 15 16 18 13 13 16
 16 13 17 13 12 16 17 13 18 17 16 16 16 16 15 15 15 16 17 13 16 16 17 15 19
 15 17  0 12 16 17 19 19 17 11 15 15  6 18 17 18 16 15 11 15 19 17 15 15 19
 18 15 12 18 18 18 13 18 13 19 17 15 11 17 19 17 18 13 15 18 17  4 13 16 13
 15  3 13 13 18 10 16 18 17 11 16 18 17 15 17 16 11 18 13 16 19 15 15 17 18
 15 10 11]
 Dunn Index 20 : 0.00740842535044
---------------------------------------------------------------------------------------------------------
chromosome 21 : [ 0.2217064  -0.00669672 -0.12634885 ...,  0.          0.          0.        ]
 Objectives (Sil) : 0.432288361221
 Objectives (PBM) : 117.823398479
Cluster size 21 :15
Predicted Label for 21: [14  4 13 12  4 12  4  4  4 14  4  0 11  0 14 13 13 11  0 13  9 13 14 13 13
 12  4 14 13 14  9 13 14 13 13 11 11 13 13 13 13 14 13 13 13 12 14 14 13 12
 13  4  4  4 12 13 13 11 12  4  8 13 12 13 14 11 11 11 13  4 10 12  4 13 13
 14 13 11 14 11 11  9 13 14 11  4 10 12  4  4  9 10 14 13 12 12  9 11 12 13
 14 12 12 14 14  4  9 13  4  0 13 10 12 13  2 13 14 10  4  4  9 12 14 12 13
  1  0 13 11  9 11 11 11  4  9  7  9  4 12 14 12 14 14 14  9  9  4 13 12 14
 12 11  9 14 10 14  4 10 12 13 11 11  9 10 10 12 14 13  4 10  9 13 11 12 11
  4  9  4 10  4 11 13 12  3  4  8  0  0 11 13  0 10  4 13 11 11  9 11 12 14
  9 12  0 11 12 12  4  8 13 14  4 10  0  4  4  9 14 11  0 12 14 13 13 13 13
 10  4 13  9  4  9 14 13 11 13 13  4 13 11 12  4  4  4  4 13 11  4 12 13 13
 14 12  9  9 14 13 11 13 13 10  4 14 13 14 13  4 14  0 13 12 13  0 12 11  4
 14 14  0 14  8  4  4 12 11 10 12 11 10 14 13  4 10 11 14 13 12  4 11 11 12
 12 11 14 11  9 12  4 11  4  4 12 12 12 12 13 13 13 12  4 11 12 12  4 13 14
 13 14  0  9 12  4  0 14 14 11 12 13  8  4  4  4 12 13  9 13 14 14 13 12 14
  4 13  9  4  4  4 11  4 11 14 14 13  9 14  0  4 13 11 12  4 14  6 11 12 11
 12  5 11 11  4 10 12 13 14  9 12  4  4 13  4 12  9  4 11 12  0 13 13  4  4
 13 10  9]
 Dunn Index 21 : 0.0395627344509
---------------------------------------------------------------------------------------------------------
chromosome 22 : [ 0.27572179 -0.00773187 -0.15712353 ...,  0.          0.          0.        ]
 Objectives (Sil) : 0.471195131719
 Objectives (PBM) : 150.014000581
Cluster size 22 :10
Predicted Label for 22: [8 9 1 1 3 1 3 9 9 8 9 7 2 7 8 1 3 2 7 1 4 1 8 1 1 1 3 8 3 8 4 3 9 1 3 2 2
 3 1 3 1 9 3 3 3 1 9 8 1 1 3 9 9 3 1 3 3 2 1 9 4 1 2 1 8 2 2 2 1 9 4 1 3 3
 3 9 1 2 8 2 2 4 3 9 2 9 4 1 9 3 2 4 8 3 1 2 4 2 2 3 8 1 1 8 9 9 4 3 9 6 1
 4 1 3 0 1 9 4 9 9 4 2 8 1 1 5 6 3 2 2 2 2 2 3 2 0 4 9 1 8 1 8 9 8 2 4 3 3
 1 8 2 2 4 8 4 9 3 4 1 3 2 2 4 4 4 1 8 3 9 4 4 1 2 2 2 9 4 9 4 3 2 1 1 0 9
 4 6 6 2 1 7 4 9 1 2 2 4 2 1 9 4 1 7 2 2 2 9 4 3 8 9 4 7 9 3 2 9 2 6 1 9 1
 1 3 1 4 3 3 4 9 2 9 3 2 3 3 9 3 2 1 9 9 3 3 1 2 9 1 3 3 8 1 2 4 8 3 2 1 3
 4 3 8 1 9 1 3 9 6 3 2 1 6 1 2 9 9 8 6 8 4 9 9 1 2 4 1 2 4 9 3 3 4 2 8 3 1
 3 2 2 1 1 2 9 2 4 2 9 2 3 9 1 2 1 1 3 1 1 1 9 2 1 1 9 3 8 1 8 7 4 2 9 7 8
 9 2 1 1 4 3 9 3 1 1 4 3 8 9 1 1 8 3 1 4 9 3 3 2 3 2 8 9 1 4 9 7 9 3 2 1 3
 8 0 2 1 2 1 0 2 2 9 4 2 3 9 2 2 3 9 1 9 1 2 3 2 2 7 3 3 9 3 1 4 2]
 Dunn Index 22 : 0.0275601965091
---------------------------------------------------------------------------------------------------------
chromosome 23 : [ 0.23444566 -0.00673178 -0.13361215 ...,  0.          0.          0.        ]
 Objectives (Sil) : 0.45508217195
 Objectives (PBM) : 167.64022662
Cluster size 23 :12
Predicted Label for 23: [ 9 10  4  4  0  4  0 10 10  9 10 11  8 11  9  4  0  8 11  4  7  4  9  4  4
  4  0  9  0  9  7  0 10  4  0  8  8  0  4  0  4 10  0  0  0  4 10  9  4  4
  0 10 10  0  4  0  0  8  4 10  6  4  8  4  9  8  8  8  4 10  6  4  0  0  0
 10  4  8  9  8  8  7  0 10  8 10  6  4 10  0  7  6  9  0  4  8  7  8  8  0
  9  4  4  9 10 10  7  0 10  1  4  6  4  0  3  4 10  6 10 10  7  8  9  4  4
  2  1  0  8  7  8  8  8  0  7  6  7 10  4  9  4  9 10  9  7  7  0  0  4  9
  8  8  7  9  7 10  0  6  4  0  8  8  7  7  7  4  9  0 10  7  7  4  8  8  8
 10  7 10  6  0  8  4  4  5 10  6  1  1  8  4 11  7 10  4  8  8  7  8  4 10
  7  4 11  8  8  8 10  6  0  9 10  7 11 10  0  7 10  8  1  8 10  4  4  0  4
  6  0  0  7 10  7 10  0  8  0  0 10  0  8  4 10 10  0  0  4  8 10  4  0  0
  9  4  7  7  9  0  8  4  0  7  0  9  4 10  4  0 10  1  0  8  4  1  4  8 10
 10  9  1  9  6 10 10  4  8  6  4  8  7 10  0  0  7  8  9  0  4  0  8  8  4
  4  8 10  8  7  8 10  8  0 10  8  8  4  4  0  4  4  8 10  8  4  4 10  0  9
  4  9 11  7  8 10 11  9 10  8  4  4  6  0 10  0  8  4  7  0  9 10  4  4  9
  0  4  7 10  0  0  8  0  8  9 10  4  7 10 11 10  0  8  4  0  9  5  8  4  8
  4  5  8  8 10  6  8  0 10  7  8  0 10  4 10  4  7  0  8  8 11  0  0 10  0
  4  6  7]
 Dunn Index 23 : 0.0483314191811
---------------------------------------------------------------------------------------------------------
chromosome 24 : [ 0.21790599 -0.00754996 -0.12412452 ...,  0.          0.          0.        ]
 Objectives (Sil) : 0.536063115003
 Objectives (PBM) : 16.37223638
Cluster size 24 :2
Predicted Label for 24: [1 1 0 0 1 0 1 1 1 1 1 1 0 1 1 0 1 0 1 0 0 0 1 0 0 0 1 1 0 1 0 0 1 0 1 0 0
 0 0 1 0 1 0 1 0 0 1 1 0 0 0 1 1 1 0 1 1 0 0 1 0 0 0 0 1 0 0 0 0 1 0 0 1 1
 1 1 0 0 1 0 0 0 0 1 0 1 0 0 1 1 0 0 1 1 0 0 0 0 0 1 1 0 0 1 1 1 0 1 1 1 0
 0 0 0 0 0 1 0 1 1 0 0 1 0 0 1 1 1 0 0 0 0 0 1 0 0 0 1 0 1 0 1 1 1 0 0 1 1
 0 1 0 0 0 1 0 1 1 0 0 0 0 0 0 0 0 0 1 1 1 0 0 0 0 0 0 1 0 1 0 1 0 0 0 0 1
 0 1 1 0 0 1 0 1 0 0 0 0 0 0 1 0 0 1 0 0 0 1 0 1 1 1 0 1 1 1 0 1 0 1 0 1 0
 0 0 0 0 1 0 0 1 0 1 1 0 1 1 1 0 0 0 1 1 1 1 0 0 1 0 1 0 1 0 0 0 1 0 0 0 0
 0 1 1 0 1 0 1 1 1 1 0 0 1 0 0 1 1 1 1 1 0 1 1 0 0 0 0 0 0 1 1 1 0 0 1 0 0
 1 0 0 0 0 0 1 0 0 0 1 0 1 1 0 0 0 0 0 0 0 0 1 0 0 0 1 0 1 0 1 1 0 0 1 1 1
 1 0 0 0 0 1 1 1 0 0 0 0 1 1 0 0 1 1 0 0 1 1 1 0 1 0 1 1 0 0 1 1 1 1 0 0 1
 1 0 0 0 0 0 0 0 0 1 0 0 1 1 0 0 1 1 0 1 0 0 1 0 0 1 0 0 1 1 0 0 0]
 Dunn Index 24 : 0.00985353316072
---------------------------------------------------------------------------------------------------------
chromosome 25 : [ 0.22014587 -0.00705873 -0.12544407 ...,  0.          0.          0.        ]
 Objectives (Sil) : 0.511683276621
 Objectives (PBM) : 61.0543064757
Cluster size 25 :5
Predicted Label for 25: [4 4 1 0 1 0 1 4 4 4 4 3 0 3 4 1 1 0 3 1 2 1 4 1 1 0 1 4 1 4 2 1 4 1 1 0 0
 1 1 1 1 4 1 1 1 0 4 4 1 0 1 4 4 1 1 1 1 0 1 4 2 1 0 1 4 0 0 0 1 4 2 0 1 1
 1 4 1 0 4 0 0 2 1 4 0 4 2 1 4 1 0 2 4 1 1 0 2 0 0 1 4 0 1 4 4 4 2 1 4 3 1
 2 0 1 2 1 4 2 4 4 2 0 4 1 1 3 3 1 0 0 0 0 0 1 0 2 2 4 1 4 0 4 4 4 0 2 1 1
 0 4 0 0 2 4 2 4 1 2 0 1 0 0 0 2 2 0 4 1 4 2 2 1 0 0 0 4 2 4 2 1 0 1 1 2 4
 2 3 3 0 1 3 2 4 1 0 0 2 0 1 4 2 0 3 0 0 0 4 2 1 4 4 2 3 4 1 0 4 0 3 0 4 1
 1 1 1 2 1 1 2 4 0 4 1 0 1 1 4 1 0 1 4 4 1 1 1 0 4 0 1 1 4 0 0 2 4 1 0 1 1
 2 1 4 1 4 1 1 4 3 1 0 1 3 0 0 4 4 4 3 4 2 4 4 0 0 2 1 0 2 4 1 1 2 0 4 1 0
 1 0 0 1 0 0 4 0 2 0 4 0 1 4 0 0 0 1 1 1 1 0 4 0 0 0 4 1 4 1 4 3 2 0 4 3 4
 4 0 1 1 2 1 4 1 0 1 0 1 4 4 1 1 4 1 1 2 1 1 1 0 1 0 4 4 1 2 4 3 4 1 0 1 1
 4 2 0 0 0 1 2 0 0 4 2 0 1 4 0 0 1 4 1 4 0 0 1 0 0 3 1 1 4 1 1 2 0]
 Dunn Index 25 : 0.00998142089884
---------------------------------------------------------------------------------------------------------
chromosome 26 : [ 0.22136495 -0.0069326  -0.12616969 ...,  0.          0.          0.        ]
 Objectives (Sil) : 0.485800838661
 Objectives (PBM) : 176.893765003
Cluster size 26 :5
Predicted Label for 26: [0 4 3 3 4 3 4 4 4 0 4 0 3 0 0 4 4 3 0 4 2 4 0 4 3 3 4 0 4 0 2 4 0 3 4 3 3
 4 4 4 4 0 4 4 4 3 0 0 4 3 4 4 4 4 3 4 4 3 3 0 2 4 3 4 0 3 3 3 4 4 2 3 4 4
 4 0 3 3 0 3 3 2 4 0 3 4 2 3 4 4 3 2 0 4 3 3 2 3 3 4 0 3 3 0 0 4 2 4 4 0 4
 2 3 4 2 4 0 2 4 0 2 3 0 3 4 1 0 4 3 2 3 3 3 4 2 2 2 4 3 0 3 0 0 0 2 2 4 4
 3 0 3 3 2 0 2 0 4 2 3 4 3 3 2 2 2 3 0 4 4 2 2 4 3 3 3 4 2 4 2 4 3 4 3 2 4
 2 0 0 3 4 0 2 4 4 3 3 2 3 3 0 2 3 0 3 3 3 4 2 4 0 4 2 0 4 4 3 0 3 0 3 0 3
 4 4 4 2 4 4 2 4 3 0 4 3 4 4 4 4 3 3 4 4 4 4 4 3 4 3 4 4 0 3 2 2 0 4 3 4 4
 2 4 0 4 0 4 4 0 0 4 3 4 0 3 3 4 0 0 0 0 2 4 4 3 3 2 3 3 2 0 4 4 2 3 0 4 3
 4 3 3 3 3 3 0 3 2 3 4 3 4 4 3 3 3 3 4 4 4 3 4 3 3 3 4 4 0 4 0 0 2 3 4 0 0
 0 3 3 4 2 4 0 4 3 4 2 4 0 0 4 3 0 4 4 2 4 4 4 3 4 3 0 0 4 2 0 0 4 4 3 3 4
 0 2 3 3 3 3 2 3 3 4 2 3 4 0 3 3 4 4 4 4 3 3 4 3 3 0 4 4 4 4 4 2 3]
 Dunn Index 26 : 0.0105848896866
---------------------------------------------------------------------------------------------------------
chromosome 27 : [ 0.22915088 -0.00668869 -0.13056979 ...,  0.          0.          0.        ]
 Objectives (Sil) : 0.429924104464
 Objectives (PBM) : 61.320707457
Cluster size 27 :15
Predicted Label for 27: [ 6 11 14 14 12 14 12 11 11  6 11  9  1  9  8 14 12  1  9 14  0 14  6 14 14
 14 12  6 12  6  0 12  8 14 12  1  1 12 14 12 14  8 12 12 12 14  8  6 14 14
 12 11 11 12 14 12 12  1 14  8  0 14  1 14  6  1  1  1 14 11  0 14 12 12 12
  8 14  1  6  1  1  0 12  8  1 11  0 14 11 12  1  0  6 12 14  1  0  1  1 12
  6 14 14  6  8 11  0 12 11  3 14  0 14 12  0 14  8  0 11  8  0 14  6 14 14
 10  7 12  1  1  1  1  1 12  1  0  0 11 14  6 14  6  8  6  1  0 12 12 14  6
  1  1  0  8  0  8 12  0 14 12  1  1  1  0  0 14  8 12 11  0  0 14  1 14  1
 11  0 11  0 12  1 14 14  0 11  0  5  2  1 14  9  0 11 14  1  1  1  1 14  8
  0 14  7  1  1  1 11  0 12  6 11  0  9 11 12  1  8  1  7 14  8 14 14 12 14
  0 12 12  0 11  1  8 12  1 12 12 11 12  1 14 11 11 11 12 14  1 11 14 12 12
  6 14  1  0  6 12  1 14 12  0 12  6 14  8 12 12  8  5 12  1 14  5 14  1 11
  8  8  4  6  0 11 11 14  1  0 14  1  0  8 12 12  0  1  6 12 14 12  1  1 14
 14  1  8  1  0  1 11  1 12 11 14  1 14 14 12 14 14 14 11  1 14 14 11 12  6
 14  8  7  0  1 11  9  6  8  1 14 14  0 12  8 12 14 14  1 12  6  8 14 14  6
 12 14  0 11 12 12  1 12  1  6  8 14  1  8  7 11 12  1 14 11  8  0  1 14  1
 14  0  1  1 11  0  1 12  8  1  1 12 11 14 11 14  1 12  1  1  9 12 12 11 12
 12  0  1]
 Dunn Index 27 : 0.017330053443
---------------------------------------------------------------------------------------------------------
chromosome 28 : [ 0.25188052 -0.00691056 -0.14352259 ...,  0.          0.          0.        ]
 Objectives (Sil) : 0.44705527159
 Objectives (PBM) : 161.063032697
Cluster size 28 :15
Predicted Label for 28: [11 14  1  0 14  0 14 13 13 11 13 10 12 10 11  1 14 12 10  1  7  1 11  1  1
  0 14 11  1 11  7  1 13  1 14 12 12  1  1  1  1 13  1 14  1  0 13 11  1  0
  1 14 14 14  1  1 14 12  0 13  6  1  0  1 11 12 12 12  1 13  6  0 14 14 14
 13  1 12 11 12 12  7  1 13 12 14  6  1 14 14 12  6 11 14  0  0  7 12  0 14
 11  0  0 11 13 13  7  1 13  8  1  6  0  1  4  1 13  6 13 13  7  0 11  0  1
  2  9 14 12  7 12 12 12 14  7  6  7 13  0 11  0 11 13 11  7  7 14 14  0 11
  0 12  7 11  7 13 14  6  0  1 12  0  7  7  7  0 11 14 13  7  7  1 12  0 12
 13  7 14  6 14 12  1  0  5 14  6  9  8 12  1 10  7 13  1 12 12  7 12  0 13
  7  0  9 12  0  0 13  6  1 11 13  7 10 13 14 12 13 12  9  0 13  1  1  1  1
  6 14  1  7 13 12 13 14  0 14 14 13  1 12  1 13 14 14 14  1 12 13  0 14  1
 11  0  7  7 11  1 12  1  1  7 14 11  1 13  1 14 13  9 14  0  1  9  0 12 13
 13 11  9 11  6 13 13  0 12  6  1 12  7 13 14 14  7 12 11  1  0 14 12  0  0
  0 12 13 12  7  0 13 12 14 13  0  0  0  0  1  1  1  0 13  0  0  0 13  1 11
  1 11  9  7  0 13 10 11 13 12  0  1  6 14 13 14  0  1  7  1 11 13  1  0 11
 14  1  7 14 14 14 12 14 12 11 13  1  7 13 10 13 14 12  1 14 11  5 12  0  0
  1  5 12 12 14  6  0 14 13 12  0 14 13  1 13  0 12 14 12  0 10  1  1 13 14
  1  6 12]
 Dunn Index 28 : 0.0359201945508
---------------------------------------------------------------------------------------------------------
chromosome 29 : [ 0.24238583 -0.0070156  -0.13810482 ...,  0.          0.          0.        ]
 Objectives (Sil) : 0.424284859821
 Objectives (PBM) : 106.731982474
Cluster size 29 :19
Predicted Label for 29: [13  0  7  1 11  1 11  0  0 13  0 13 12 13 17  7 11 12  8  7  9  7 14  7  7
  1 11 14  7 14  9  7 17  7 11 12 12  7  7 11  7 17  7 11  7  1 17 13  7  1
  7  0  0 11  7 11 11 12  1 17  3  7  1  7 14 12 12 12  7 17  3  1 11 11 11
 17  7 12 14 12 12  9  7 17 12  0  3  7  0 11 12  3 14 11  1  1  9 12  1 11
 14  1  1 14 17  0  9 11  0  5  7  3  1  7  2  7 17  3  0 17  9  1 13  1  7
  4 18 11 12  9 12 12 12 11  9  6  9  0  1 14  1 13 17 14  9  9 11 11  1 13
  1 12  9 14  9 17 11  3  1  7 12 12  9  9  9  1 17 11  0  9  9  7 12  1 12
  0  9  0  3 11 12  7  1  2  0  3  5  5 12  7  8  9  0  7 12 12  9 12  1 17
  9  1 16 12  1  1  0  3 11 14  0  9  8  0 11 12 17 12 18  1 17  7  7  7  7
  3 11  7  9  0 12 17 11 12 11 11  0  7 12  7  0  0 11 11  7 12  0  1 11  7
 13  1  9  9 13  7 12  7  7  3 11 14  7 17  7 11 17 18 11  1  7 18  1 12  0
 17 14  5 14  6  0  0  1 12  3  7 12  9 17 11 11  9 12 14  7  1 11 12  1  1
  1 12 17 12  9  1  0 12 11  0  1  1  1  1  7  7  7  1  0 12  1  1  0  7 13
  7 14 16  9  1  0  8 13 17 12  1  7  6 11 17 11  1  7  9  7 13 17  7  1 14
 11  7  9  0 11 11 12 11 12 14 17  7  9 17 15  0 11 12  7 11 17  6 12  1 12
  7  2 12 12  0  3  1 11 17  9  1 11  0  7  0  1 12 11 12  1 15  7  7  0 11
  7  3  9]
 Dunn Index 29 : 0.0637954221847
---------------------------------------------------------------------------------------------------------
chromosome 30 : [ 0.23567674 -0.0068002  -0.13428504 ...,  0.          0.          0.        ]
 Objectives (Sil) : 0.509848459948
 Objectives (PBM) : 31.2416521004
Cluster size 30 :3
Predicted Label for 30: [2 1 1 1 1 1 1 2 2 2 2 2 0 2 2 1 1 0 2 1 0 1 2 1 1 1 1 2 1 2 0 1 2 1 1 0 0
 1 1 1 1 2 1 1 1 1 2 2 1 1 1 1 1 1 1 1 1 0 1 2 0 1 1 1 2 0 0 0 1 2 0 1 1 1
 1 2 1 0 2 0 0 0 1 2 0 1 0 1 1 1 0 0 2 1 1 1 0 0 1 1 2 1 1 2 2 2 0 1 2 2 1
 0 1 1 0 1 2 0 2 2 0 1 2 1 1 2 2 1 0 0 0 0 0 1 0 0 0 2 1 2 1 2 2 2 0 0 1 1
 1 2 1 0 0 2 0 2 1 0 1 1 0 0 0 0 0 1 2 1 2 0 0 1 0 1 0 2 0 1 0 1 0 1 1 0 1
 0 2 2 0 1 2 0 2 1 0 0 0 0 1 2 0 1 2 0 1 1 2 0 1 2 2 0 2 2 1 0 2 0 2 1 2 1
 1 1 1 0 1 1 0 2 0 2 1 0 1 1 2 1 0 1 2 1 1 1 1 0 2 1 1 1 2 1 0 0 2 1 0 1 1
 0 1 2 1 2 1 1 2 2 1 1 1 2 1 0 2 2 2 2 2 0 2 2 1 0 0 1 0 0 2 1 1 0 0 2 1 1
 1 0 0 1 1 0 2 0 0 1 2 0 1 2 1 1 1 1 1 1 1 1 2 0 1 1 2 1 2 1 2 2 0 1 2 2 2
 2 0 1 1 0 1 2 1 1 1 0 1 2 2 1 1 2 1 1 0 1 1 1 0 1 0 2 2 1 0 2 2 2 1 0 1 1
 2 0 0 1 0 1 0 0 0 1 0 1 1 2 0 1 1 2 1 2 1 0 1 0 1 2 1 1 2 1 1 0 0]
 Dunn Index 30 : 0.00942066265367
---------------------------------------------------------------------------------------------------------
chromosome 31 : [ 0.26078208 -0.00715087 -0.14861679 ...,  0.          0.          0.        ]
 Objectives (Sil) : 0.438562149236
 Objectives (PBM) : 156.681306887
Cluster size 31 :9
Predicted Label for 31: [7 6 8 8 5 8 6 6 6 7 6 7 0 7 3 8 5 0 1 8 4 8 7 8 8 8 6 7 5 7 4 5 3 8 5 0 0
 5 8 5 8 3 5 5 5 8 3 7 8 8 5 6 6 6 8 5 5 0 8 3 4 8 0 8 7 0 0 0 8 3 4 8 5 5
 5 3 8 0 7 0 0 4 5 3 0 6 4 8 6 5 0 4 7 5 8 0 4 0 0 5 7 8 8 7 3 3 4 5 6 1 8
 4 8 5 4 8 3 4 3 3 4 8 7 8 8 2 1 5 0 0 0 0 0 5 0 4 4 3 8 7 8 7 3 7 0 4 6 5
 8 7 0 0 4 3 4 3 5 4 8 5 0 0 0 4 4 8 3 5 6 4 4 8 0 8 0 3 4 6 4 5 0 8 8 4 6
 4 1 1 0 5 1 4 6 8 0 0 0 0 8 3 4 8 1 0 0 0 6 4 5 7 6 4 7 6 5 0 3 0 1 8 3 8
 8 5 8 4 5 5 4 6 0 3 5 0 5 5 6 5 0 8 6 6 6 5 8 0 3 8 5 5 7 8 0 4 7 5 0 8 5
 4 6 7 8 3 5 5 3 1 5 0 8 1 8 0 6 3 3 1 7 4 6 6 8 0 4 8 0 4 3 5 5 4 0 7 5 8
 5 0 0 8 8 0 3 0 4 0 6 0 6 6 8 0 8 8 5 8 8 8 6 0 8 8 3 5 7 8 3 1 4 0 6 1 7
 3 0 8 8 4 5 3 5 8 8 0 5 7 3 8 8 7 5 8 4 6 5 5 0 5 0 7 3 8 0 3 1 6 5 0 8 6
 3 4 0 8 0 8 4 0 0 6 4 0 5 3 0 0 5 6 8 3 8 0 6 0 0 1 5 5 6 5 5 4 0]
 Dunn Index 31 : 0.0166221627581
---------------------------------------------------------------------------------------------------------
chromosome 32 : [ 0.28462146 -0.00859569 -0.16221736 ...,  0.          0.          0.        ]
 Objectives (Sil) : 0.504291030851
 Objectives (PBM) : 204.681924846
Cluster size 32 :7
Predicted Label for 32: [5 0 3 1 3 1 3 0 0 5 0 5 1 5 0 3 3 1 5 3 4 3 0 3 3 1 3 0 3 0 4 3 0 3 3 1 1
 3 3 3 3 0 3 3 3 1 0 5 3 1 3 0 0 3 3 3 3 1 3 0 4 3 1 3 0 1 1 1 3 0 4 1 3 3
 3 0 3 1 0 1 1 4 3 0 1 0 4 3 0 3 4 4 5 3 3 1 4 1 1 3 5 1 3 5 0 0 4 3 0 5 3
 4 1 3 2 3 0 4 0 0 4 1 5 1 3 6 5 3 1 4 1 1 1 3 4 2 4 0 1 0 1 5 0 0 4 4 3 3
 1 5 1 1 4 0 4 0 3 4 1 3 1 1 4 4 4 1 0 3 0 4 4 3 1 1 1 0 4 0 4 3 1 3 1 2 0
 4 5 5 1 3 5 4 0 3 1 1 4 1 3 0 4 1 5 1 1 1 0 4 3 0 0 4 5 0 3 4 0 1 5 1 0 3
 3 3 3 4 3 3 4 0 4 0 3 1 3 3 0 3 1 3 0 0 0 3 3 1 0 1 3 3 5 1 4 4 5 3 1 3 3
 4 3 5 3 0 3 3 0 5 3 1 3 5 1 1 0 0 0 5 5 4 0 0 1 1 4 3 1 4 0 3 3 4 1 5 3 1
 3 1 1 3 1 1 0 1 4 1 0 1 3 0 1 1 1 1 3 3 3 1 0 1 1 1 0 3 5 3 0 5 4 1 0 5 5
 0 1 3 3 4 3 0 3 1 3 4 3 5 0 3 3 5 3 3 4 0 3 3 1 3 1 5 0 3 4 0 5 0 3 1 3 0
 0 2 1 1 1 3 2 1 1 0 4 1 3 0 4 1 3 0 3 0 1 4 3 1 1 5 3 3 0 3 3 4 4]
 Dunn Index 32 : 0.0238415815996
---------------------------------------------------------------------------------------------------------
chromosome 33 : [ 0.26095789 -0.00708783 -0.14869469 ...,  0.          0.          0.        ]
 Objectives (Sil) : 0.454575923115
 Objectives (PBM) : 193.223834977
Cluster size 33 :10
Predicted Label for 33: [9 4 0 1 4 1 4 4 4 9 4 9 3 9 9 0 0 3 8 0 6 0 9 0 0 1 4 9 0 9 6 0 9 0 0 3 3
 0 0 0 0 9 0 0 0 1 9 9 0 1 0 4 4 4 1 0 0 3 1 4 7 0 1 0 9 3 3 3 0 4 7 1 4 0
 0 9 0 3 9 3 3 6 0 9 3 4 7 1 4 4 3 7 9 0 1 1 6 3 1 0 9 1 1 9 9 4 6 0 4 8 0
 7 1 0 5 0 9 7 4 4 6 1 9 1 0 2 8 0 3 6 3 3 3 4 6 7 6 4 1 9 1 9 9 9 6 6 4 0
 1 9 1 3 6 9 6 9 4 7 1 0 3 3 6 6 6 1 9 0 4 6 6 0 3 1 3 4 6 4 7 4 3 0 1 5 4
 7 8 8 3 0 8 6 4 0 3 3 6 3 1 4 6 1 8 3 1 1 4 7 0 9 4 6 8 4 4 3 4 3 8 1 9 0
 0 0 0 7 4 0 6 4 3 9 0 3 0 0 4 0 3 1 4 4 4 4 0 3 4 1 0 0 9 1 6 6 9 0 3 0 0
 6 4 9 0 9 0 4 9 8 0 1 0 8 1 3 4 4 9 8 9 7 4 4 1 3 7 1 3 6 9 0 4 6 3 9 0 1
 4 3 1 1 1 3 9 3 6 1 4 3 4 4 1 1 1 1 0 0 0 1 4 3 1 1 4 0 9 0 9 8 6 1 4 8 9
 9 3 1 0 7 4 4 4 1 0 6 0 9 9 0 1 9 4 0 6 4 4 4 3 4 3 9 9 0 6 9 8 4 0 3 1 4
 9 5 3 1 3 1 5 3 3 4 7 1 0 9 6 1 4 4 0 4 1 3 4 3 1 8 0 0 4 4 0 7 6]
 Dunn Index 33 : 0.0315228884486
---------------------------------------------------------------------------------------------------------
chromosome 34 : [ 0.27103033 -0.00862384 -0.15444927 ...,  0.          0.          0.        ]
 Objectives (Sil) : 0.439531368336
 Objectives (PBM) : 130.27716335
Cluster size 34 :13
Predicted Label for 34: [ 0 12 11  9 12  9 12 12 12  0 12  2 10  2  0 11 11 10  2 11  8 11  0 11 11
  9 12  0 11  0  8 11  0 11 11 10 10 11 11 11 11  0 11 11 11  9  0  0 11  9
 11 12 12 12  9 11 11 10  9 12  7 11  9 11  0 10 10 10 11 12  7  9 12 11 11
  0 11 10  0 10 10  8 11  0 10 12  7  9 12 12 10  7  0 11  9  9  8 10  9 11
  0  9  9  0  0 12  8 11 12  2 11  7  9 11  3 11  0  7 12 12  8  9  0  9 11
  1  2 11 10  8 10 10 10 12  8  6  8 12  9  0  9  0  0  0  8  8 12 11  9  0
  9 10  8  0  8  0 12  7  9 11 10 10  8  8  8  9  0 11 12  8  8 11 10  9 10
 12  8 12  7 12 10 11  9  4 12  7  2  2 10 11  2  8 12 11 10 10  8 10  9  0
  8  9  2 10  9  9 12  7 11  0 12  8  2 12 12 10  0 10  2  9  0 11 11 11 11
  7 12 11  8 12 10  0 11 10 11 11 12 11 10  9 12 12 12 12 11 10 12  9 11 11
  0  9  8  8  0 11 10 11 11  7 12  0 11  0 11 12  0  2 11  9 11  2  9 10 12
  0  0  2  0  6 12 12  9 10  7  9 10  8  0 11 12  8 10  0 11  9 12 10  9  9
  9 10  0 10  8  9 12 10 12 12  9  9  9  9 11 11 11  9 12 10  9  9 12 11  0
 11  0  2  8  9 12  2  0  0 10  9 11  6 12 12 12  9 11  8 11  0  0 11  9  0
 12 11  8 12 12 12 10 12 10  0  0 11  8  0  2 12 11 10  9 12  0  6 10  9 10
  9  5 10 10 12  7  9 11  0  8  9 12 12 11 12  9 10 12 10  9  2 11 11 12 12
 11  7  8]
 Dunn Index 34 : 0.0390929126406
---------------------------------------------------------------------------------------------------------
chromosome 35 : [ 0.24541248 -0.0073954  -0.13978309 ...,  0.          0.          0.        ]
 Objectives (Sil) : 0.474223723239
 Objectives (PBM) : 222.195443978
Cluster size 35 :10
Predicted Label for 35: [4 5 1 7 0 7 0 5 5 4 5 4 8 4 4 1 0 8 2 1 9 1 4 1 1 7 0 4 1 4 9 1 5 1 0 8 8
 1 1 0 1 5 1 0 1 7 5 4 1 7 1 5 0 0 1 0 0 8 1 5 9 1 7 1 4 8 8 8 1 5 9 7 0 0
 0 5 1 7 4 8 8 9 1 5 8 0 9 1 0 0 8 9 4 0 1 7 9 7 7 0 4 7 1 4 5 5 9 0 5 2 1
 9 7 1 6 1 5 9 5 5 9 7 4 7 1 3 2 0 7 8 8 7 8 0 8 6 9 5 7 4 7 4 5 4 8 9 0 0
 7 4 7 8 9 4 9 5 0 9 7 1 8 7 8 9 9 7 4 0 5 9 9 1 8 7 8 5 9 5 9 0 8 1 7 6 5
 9 2 2 8 1 2 9 5 1 8 8 9 8 1 5 9 7 2 8 7 7 5 9 0 4 5 9 4 5 0 8 5 8 2 7 5 1
 1 1 1 9 0 1 9 5 8 5 0 7 0 0 5 1 8 1 5 0 0 0 1 8 5 7 0 1 4 7 8 9 4 1 8 1 1
 9 0 4 1 5 1 0 5 2 0 7 1 2 7 8 5 5 4 2 4 9 5 5 7 8 9 1 8 9 5 0 0 9 8 4 1 7
 0 8 7 1 7 7 5 8 9 7 5 8 0 5 7 7 7 7 1 1 1 7 5 7 7 7 5 1 4 1 4 2 9 7 5 2 4
 5 8 1 1 9 0 5 0 7 1 8 1 4 5 1 1 4 0 1 9 0 0 0 8 0 8 4 5 1 8 5 2 5 0 8 1 0
 4 6 8 7 7 1 6 8 8 5 9 7 0 5 8 7 0 5 1 5 7 8 0 7 7 2 1 1 5 0 1 9 8]
 Dunn Index 35 : 0.02989491679
---------------------------------------------------------------------------------------------------------
chromosome 36 : [ 0.22014587 -0.00705873 -0.12544407 ...,  0.          0.          0.        ]
 Objectives (Sil) : 0.51651273868
 Objectives (PBM) : 171.499568586
Cluster size 36 :4
Predicted Label for 36: [0 0 2 2 2 2 2 0 0 0 0 0 1 0 0 2 2 1 0 2 1 2 0 2 2 2 2 0 2 0 1 2 0 2 2 1 1
 2 2 2 2 0 2 2 2 2 0 0 2 2 2 0 0 2 2 2 2 1 2 0 1 2 2 2 0 1 1 1 2 0 1 2 2 2
 2 0 2 1 0 1 1 1 2 0 1 0 1 2 0 2 1 1 0 2 2 2 1 1 2 2 0 2 2 0 0 0 1 2 0 0 2
 1 2 2 1 2 0 1 0 0 1 2 0 2 2 3 0 2 1 1 1 1 1 2 1 1 1 0 2 0 2 0 0 0 1 1 2 2
 2 0 2 1 1 0 1 0 2 1 2 2 1 2 1 1 1 2 0 2 0 1 1 2 1 2 1 0 1 0 1 2 1 2 2 1 0
 1 0 0 1 2 0 1 0 2 1 1 1 1 2 0 1 2 0 1 2 2 0 1 2 0 0 1 0 0 2 1 0 1 0 2 0 2
 2 2 2 1 2 2 1 0 1 0 2 2 2 2 0 2 1 2 0 0 2 2 2 1 0 2 2 2 0 2 1 1 0 2 1 2 2
 1 2 0 2 0 2 2 0 0 2 2 2 0 2 1 0 0 0 0 0 1 0 0 2 1 1 2 1 1 0 2 2 1 1 0 2 2
 2 1 2 2 2 1 0 1 1 2 0 1 2 0 2 2 2 2 2 2 2 2 0 2 2 2 0 2 0 2 0 0 1 2 0 0 0
 0 1 2 2 1 2 0 2 2 2 1 2 0 0 2 2 0 2 2 1 2 2 2 1 2 1 0 0 2 1 0 0 0 2 1 2 2
 0 1 1 2 2 2 1 1 1 0 1 2 2 0 1 2 2 0 2 0 2 1 2 1 2 0 2 2 0 2 2 1 1]
 Dunn Index 36 : 0.016519579896
---------------------------------------------------------------------------------------------------------
chromosome 37 : [ 0.23791309 -0.00745956 -0.13550382 ...,  0.          0.          0.        ]
 Objectives (Sil) : 0.423911199563
 Objectives (PBM) : 164.4451249
Cluster size 37 :15
Predicted Label for 37: [ 1  3 11  8  7  8  7  3  3  1  3  1  4  1  6 11  7  4  0 11  9 11  6 11 11
  8  7  6 11  6  9 11  5 11  7  4  4 11 11  7 11  5 11  7 11  8  6  1 11  8
 11  3  3  7 11  7  7  4  8  5 12 11  8 11  6  4  4  4 11  5 13  8  7  7  7
  6 11  4  6  4  4  9 11  5  4  3 13 11  3  7  9 13  1  7  8  8  9  4  8  7
  1  8  8  1  6  5  9  7  3  0 11 13  8 11 14 11  5 13  5  5  9  8  1  8 11
  2  0  7  4  9  4  4  4  7  9 10  9  5  8  6  8  1  6  6  9  9  7  7  8  1
  8  4  9  6 13  6  7 13  8 11  4  4  9 13 13  8  6  7  5 13  9 11  4  8  4
  5  9  3 13  7  9 11  8 14  3 12  0  0  4 11  0 13  3 11  4  4  9  4  8  5
  9  8  0  4  8  8  3 12  7  6  3 13  1  3  7  9  5  4  0  8  5 11 11 11 11
 13  7 11  9  3  9  5  7  4  7  7  5 11  4 11  3  3  3  7 11  4  5  8  7 11
  1  8  9  9  1 11  9 11 11 13  7  1 11  6 11  7  5  0  7  8 11  0  8  4  3
  5  6  0  1 12  3  3  8  4 13 11  4 13  5  7  7 13  4  1 11  8  7  4  4  8
  8  4  5  4  9  8  3  4  7  3  8  8  8  8 11 11 11  8  3  4  8  8  5 11  1
 11  6  0  9  8  3  0  1  5  4  8 11 12  7  5  7  8 11  9 11  1  6 11  8  1
  7 11  9  3  7  7  4  7  4  1  5 11  9  6  0  3  7  4 11  7  6 10  4  8  4
 11 14  4  4  3 13  8  7  6  9  8  7  3 11  5  8  9  7  4  8  0 11 11  3  7
 11 13  9]
 Dunn Index 37 : 0.0383962869793
---------------------------------------------------------------------------------------------------------
chromosome 38 : [ 0.24018884 -0.00674813 -0.13684204 ...,  0.          0.          0.        ]
 Objectives (Sil) : 0.460507580699
 Objectives (PBM) : 153.985624005
Cluster size 38 :15
Predicted Label for 38: [ 2 14  4 13 14 13 14  0  0  2  0  2 12  2  0  4 14 12  1  4 11  4  2  4  4
 13 14  2  4  2 11  4  0  4 14 12 12  4  4 14  4  0  4 14  4 13  0  2  4 13
  4  0 14 14  4 14 14 12  4  0 10  4 13  4  2 12 12 12  4  0 10 13 14 14 14
  0  4 12  2 12 12 11  4  0 12 14 10  4 14 14 12 10  2 14  4 13 11 12 13 14
  2 13  4  2  0  0 11 14  0  1  4 10 13  4  5  4  0 10  0  0 11 13  2 13  4
  3  1 14 12 11 12 12 12 14 11  9 11  0 13  2 13  2  0  2 11 11 14 14 13  2
 13 12 11  2 11  0 14 10 13  4 12 13 11 11 11 13  0 14  0 11 11  4 12 13 12
  0 11 14 10 14 12  4 13  6 14 10  1  1 12  4  1 11  0  4 12 12 11 12  4  0
 11 13  1 12 13 13  0 10 14  2  0 11  2  0 14 12  0 12  1 13  0  4  4  4  4
 10 14  4 11  0 12  0 14 13 14 14  0  4 12  4  0 14 14 14  4 12  0 13 14  4
  2 13 11 11  2  4 12  4  4 11 14  2  4  0  4 14  0  1 14 13  4  1 13 12  0
  0  2  1  2 10  0  0 13 12 10  4 12 11  0 14 14 11 12  2  4 13 14 12 13  4
 13 12  0 12 11 13  0 12 14  0 13 13 13 13  4  4  4 13  0 13 13 13  0  4  2
  4  2  1 11 13  0  1  2  0 12  4  4  9 14  0 14 13  4 11  4  2  0  4  4  2
 14  4 11 14 14 14 12 14 12  2  0  4 11  0  1  0 14 12  4 14  2  9 12 13 13
  4  7 12 12 14 10 13 14  0 12 13 14  0  4  0 13 12 14 13 13  1  4  4  0 14
  4 10 12]
 Dunn Index 38 : 0.0408354929346
---------------------------------------------------------------------------------------------------------
chromosome 39 : [ 0.22719387 -0.00699651 -0.12944232 ...,  0.          0.          0.        ]
 Objectives (Sil) : 0.398847834129
 Objectives (PBM) : 123.556807061
Cluster size 39 :18
Predicted Label for 39: [ 0 16 15  9 16  9 16 10 10  0 10 11 17 11  0 15 16 17 11 15 14  8  0 15 15
  9 16  0  8  0 14  8 10 15  8  1 17  8  8  8 15 10  8  8  8  9 10  0 15  9
  8 16 16 16 15  8  8  1 15 10  6  8  9 15  0  1  1  1 15 10  3  9 16 16 16
 10 15  1  0  1 17 14  8 10  1 16  3 15 16 16 17  3  0  8 15  9 14  1  9  8
  0  9 15  0 10 10 14  8 10 12 15  3  9  8  2 15 10  3 10 10 14  9  0 15  8
  4 12  8  1 17 17  1  1 16 17  7 14 10 15  0  9  0 10  0 17 14 16  8  9  0
  9  1 14  0 14 10 16  3  9  8 17  1 17 14 14  9  0 16 10 14 14 15 17  9  1
 10 14 16  3 16 17 15 15  2 16  6 12 12  1  8 11 14 10  8  1 17 14  1 15 10
 14  9 11 17  9  9 10  6  8  0 10 14 11 10 16 17 10  1 12  9 10 15 15  8 15
  3 16  8 14 10 17 10  8  1 16  8 10  8  1 15 10 16 16 16 15 17 10  9 16  8
  0  9 17 14  0  8 17 15  8  3 16  0 15 10  8 16 10 12  8  9 15 12  9  1 10
 10  0 12  0  6 10 10  9  1  3 15  1 14 10  8 16 14  1  0  8  9 16  1  1 15
 15  1 10  1 14  9 10  1 16 10  9  9  9 15  8 15 15  9 10  1  9  9 10  8  0
 15  0 11 14  9 10 11  0 10 17 15 15  6 16 10 16  9 15 17  8  0 10 15 15  0
 16  8 14 16 16 16  1 16  1  0 10 15 17 10 11 10 16  1 15 16  0  7  1  9  1
 15  5  1  1 16  3  9 16 10 17  9 16 10 15 10  9 17 16  1  9 11  8  8 10 16
  8  3 17]
 Dunn Index 39 : 0.0578354027982
---------------------------------------------------------------------------------------------------------
chromosome 40 : [ 0.25188052 -0.00691056 -0.14352259 ...,  0.          0.          0.        ]
 Objectives (Sil) : 0.490495119348
 Objectives (PBM) : 175.530801165
Cluster size 40 :7
Predicted Label for 40: [2 1 3 6 1 6 1 1 1 2 1 2 6 2 2 3 3 6 5 3 0 3 2 3 3 6 1 2 3 2 0 3 2 3 3 6 6
 3 3 3 3 1 3 3 3 6 2 2 3 6 3 1 1 1 3 3 3 6 3 1 0 3 6 3 2 6 6 6 3 1 0 3 1 3
 3 2 3 6 2 6 6 0 3 1 6 1 0 3 1 1 6 0 2 3 3 6 0 6 6 3 2 3 3 2 2 1 0 3 1 5 3
 0 6 3 0 3 1 0 1 1 0 6 2 3 3 4 5 3 6 6 6 6 6 1 6 0 0 1 3 2 6 2 2 2 6 0 1 3
 3 2 6 6 0 2 0 2 1 0 6 3 6 6 6 0 0 6 2 1 1 0 0 3 6 6 6 1 0 1 0 1 6 3 3 0 1
 0 5 5 6 3 5 0 1 3 6 6 0 6 3 1 0 6 5 6 6 6 1 0 3 2 1 0 2 1 1 6 1 6 5 6 1 3
 3 3 3 0 1 3 0 1 6 1 3 6 3 3 1 3 6 3 1 1 1 1 3 6 1 6 3 3 2 6 6 0 2 3 6 3 3
 0 1 2 3 2 3 1 1 5 3 6 3 5 6 6 1 1 2 5 2 0 1 1 3 6 0 3 6 0 1 3 1 0 6 2 3 3
 1 6 6 3 3 6 1 6 0 6 1 6 1 1 6 6 3 3 3 3 3 6 1 6 6 6 1 3 2 3 2 5 0 6 1 5 2
 2 6 3 3 0 1 1 1 6 3 6 3 2 2 3 3 2 1 3 0 1 1 1 6 1 6 2 2 3 0 2 5 1 3 6 3 1
 2 0 6 6 6 3 0 6 6 1 0 6 3 2 6 6 1 1 3 1 3 6 1 6 6 5 3 3 1 1 3 0 6]
 Dunn Index 40 : 0.0199122267496
---------------------------------------------------------------------------------------------------------
chromosome 41 : [ 0.22845425 -0.00751106 -0.13013369 ...,  0.          0.          0.        ]
 Objectives (Sil) : 0.506353188023
 Objectives (PBM) : 154.049747581
Cluster size 41 :7
Predicted Label for 41: [2 0 1 4 1 4 1 0 0 2 0 2 4 2 0 1 1 4 2 1 5 1 0 1 1 4 1 0 1 0 5 1 0 1 1 4 4
 1 1 1 1 0 1 1 1 4 0 2 1 4 1 0 0 1 1 1 1 4 1 0 5 1 4 1 0 4 4 4 1 0 5 4 1 1
 1 0 1 4 0 4 4 5 1 0 4 0 5 1 0 1 5 5 0 1 1 4 5 4 4 1 0 4 1 0 0 0 5 1 0 2 1
 5 4 1 3 1 0 5 0 0 5 4 2 4 1 6 2 1 4 5 4 4 4 1 5 3 5 0 4 0 4 2 0 0 5 5 1 1
 4 2 4 4 5 0 5 0 1 5 4 1 4 4 5 5 5 4 0 1 0 5 5 1 4 4 4 0 5 0 5 1 4 1 4 3 0
 5 2 2 4 1 2 5 0 1 4 4 5 4 1 0 5 4 2 4 4 4 0 5 1 0 0 5 2 0 1 5 0 4 2 4 0 1
 1 1 1 5 1 1 5 0 5 0 1 4 1 1 0 1 4 1 0 0 1 1 1 4 0 4 1 1 2 4 5 5 2 1 4 1 1
 5 1 0 1 0 1 1 0 2 1 4 1 2 4 4 0 0 0 2 0 5 0 0 4 4 5 1 4 5 0 1 1 5 4 0 1 4
 1 4 4 1 4 4 0 4 5 4 0 4 1 0 4 4 4 4 1 1 1 4 0 4 4 4 0 1 2 1 0 2 5 4 0 2 2
 0 4 1 1 5 1 0 1 4 1 5 1 2 0 1 1 0 1 1 5 0 1 1 4 1 4 0 0 1 5 0 2 0 1 4 1 1
 0 3 4 4 4 1 3 4 4 0 5 4 1 0 5 4 1 0 1 0 4 5 1 4 4 2 1 1 0 1 1 5 5]
 Dunn Index 41 : 0.0266711918652
---------------------------------------------------------------------------------------------------------
chromosome 42 : [ 0.26675396 -0.00742595 -0.15196976 ...,  0.          0.          0.        ]
 Objectives (Sil) : 0.423626174042
 Objectives (PBM) : 122.794637439
Cluster size 42 :17
Predicted Label for 42: [ 6  2 15  0 14  0 14  2  2  6  2  6 13  6 16 15 14 13  6 15 11 15 16 15 15
  0 14 16 14 16 11 15 12 15 14 13 13 15 15 14 15 12 15 14 15  0 12  6 15  0
 15  2  2 14 15 14 14 13 15 12  8 15  0 15 16 13 13 13 15 12  9  0 14 14 14
 12 15 13 16 13 13 11 15 12 13  2  9 15  2 14 11  9 16 14 15  0 11 13  0 14
 16  0 15 16 12 12 11 14  2 10 15  9  0 15  1 15 12  9 12 12 11  0  6  0 15
  3 10 14 13 11 13 13 13 14 11  8 11 12  0 16  0  6 12 16 11 11 14 14  0  6
  0 13 11 16  9 12 14  9  0 15 13  0 11  9  9  0 16 14  2  9 11 15 13  0 13
 12 11  2  9 14 13 15  0  4  2  8 10 10 13 15  6  9  2 15 13 13 11 13 15 12
 11  0 10 13  0  0  2  8 14 16  2  9  6  2 14 11 12 13 10  0 12 15 15 15 15
  9 14 15 11  2 11 12 14  0 14 14  2 15 13 15  2  2  2 14 15 13 12  0 14 15
  6  0 11 11  6 15 13 15 15  9 14 16 15 12 15 14 12 10 14  0 15 10  0 13  2
 12 16 10 16  8  2  2  0 13  9 15 13  9 12 14 14  9 13 16 15  0 14 13  0 15
  0 13 12 13 11  0  2 13 14  2  0  0  0  0 15 15 15  0  2  0  0  0 12 14  6
 15 16 10 11  0  2  6  6 12 13 15 15  8 14 12 14  0 15 11 14  6 12 15 15 16
 14 15 11  2 14 14 13 14 13 16 12 15 11 12 10  2 14 13 15  2 16  7 13  0  0
 15  5 13 13  2  9  0 14 12 11  0 14  2 15 12  0 11 14 13  0  6 15 15  2 14
 15  9 11]
 Dunn Index 42 : 0.0497568016474
---------------------------------------------------------------------------------------------------------
chromosome 43 : [ 0.28530436 -0.00812392 -0.16257568 ...,  0.          0.          0.        ]
 Objectives (Sil) : 0.458399744449
 Objectives (PBM) : 170.936418521
Cluster size 43 :10
Predicted Label for 43: [5 1 9 3 1 3 1 2 1 5 1 5 3 5 2 9 1 3 5 9 6 9 2 9 9 3 1 2 9 2 6 9 2 9 1 3 3
 9 9 1 9 2 9 1 9 3 2 5 9 3 9 1 1 1 9 1 1 3 9 2 7 9 3 9 2 3 3 3 9 2 7 9 1 1
 1 2 9 3 2 3 3 6 9 2 3 1 7 9 1 1 6 7 2 1 9 3 6 3 3 1 2 9 9 2 2 2 6 1 1 5 9
 7 3 9 0 9 2 7 2 2 6 3 5 9 9 8 5 1 3 6 3 3 3 1 6 7 6 2 9 2 3 5 2 2 6 6 1 1
 9 5 3 3 6 2 6 2 1 7 9 9 3 3 6 6 6 3 2 1 2 6 6 9 3 3 3 2 6 1 7 1 6 9 9 0 1
 7 5 5 3 9 5 6 2 9 3 3 6 3 9 2 6 3 5 3 3 3 1 7 1 2 2 6 5 1 1 6 2 3 5 3 2 9
 9 9 9 7 1 9 6 2 6 2 1 3 1 1 2 9 3 9 1 1 1 1 9 3 2 3 1 9 5 3 6 6 5 9 6 9 9
 7 1 2 9 2 9 1 2 5 1 3 9 5 3 3 2 2 2 5 2 7 1 2 9 3 7 9 3 6 2 1 1 6 3 2 9 9
 1 3 3 9 9 3 2 3 6 3 2 3 1 1 3 3 9 9 9 9 9 3 2 3 3 3 2 9 5 9 2 5 6 3 2 5 5
 2 3 9 9 7 1 2 1 3 9 6 9 5 2 9 9 2 1 9 6 1 1 1 3 1 3 2 2 9 6 2 5 1 1 3 9 1
 2 4 3 3 3 9 4 3 3 1 7 3 1 2 6 3 1 1 9 2 9 6 1 3 3 5 9 9 1 1 9 7 6]
 Dunn Index 43 : 0.0321844709962
---------------------------------------------------------------------------------------------------------
chromosome 44 : [ 0.23398372 -0.00729624 -0.13334806 ...,  0.          0.          0.        ]
 Objectives (Sil) : 0.480536101626
 Objectives (PBM) : 181.81679577
Cluster size 44 :6
Predicted Label for 44: [1 0 5 5 0 5 0 0 0 1 0 1 5 1 1 0 0 5 1 0 4 0 1 0 5 5 0 1 0 1 4 0 1 5 0 5 5
 0 0 0 0 1 0 0 0 5 1 1 0 5 0 0 0 0 5 0 0 5 5 1 4 0 5 0 1 5 5 5 0 0 4 5 0 0
 0 1 5 5 1 5 5 4 0 1 5 0 4 5 0 0 4 4 1 0 5 5 4 5 5 0 1 5 5 1 1 0 4 0 0 1 0
 4 5 0 3 0 1 4 0 1 4 5 1 5 0 2 1 0 5 4 5 5 5 0 4 3 4 0 5 1 5 1 1 1 4 4 0 0
 5 1 5 5 4 1 4 1 0 4 5 0 5 5 4 4 4 5 1 0 0 4 4 0 5 5 5 0 4 0 4 0 4 0 5 3 0
 4 1 1 5 0 1 4 0 0 5 5 4 5 5 1 4 5 1 5 5 5 0 4 0 1 0 4 1 0 0 4 1 5 1 5 1 5
 0 0 0 4 0 0 4 0 4 1 0 5 0 0 0 0 5 5 0 0 0 0 0 5 0 5 0 0 1 5 4 4 1 0 4 0 0
 4 0 1 0 1 0 0 1 1 0 5 0 1 5 5 0 1 1 1 1 4 0 0 5 5 4 5 5 4 1 0 0 4 5 1 0 5
 0 5 5 5 5 5 1 5 4 5 0 5 0 0 5 5 5 5 0 0 5 5 0 5 5 5 0 0 1 0 1 1 4 5 0 1 1
 1 5 5 5 4 0 1 0 5 5 4 0 1 1 0 5 1 0 0 4 0 0 0 5 0 5 1 1 0 4 1 1 0 0 5 5 0
 1 3 5 5 5 5 3 5 5 0 4 5 0 1 4 5 0 0 0 0 5 4 0 5 5 1 0 0 0 0 0 4 4]
 Dunn Index 44 : 0.0183481847601
---------------------------------------------------------------------------------------------------------
chromosome 45 : [ 0.25774583 -0.00731845 -0.14682393 ...,  0.          0.          0.        ]
 Objectives (Sil) : 0.469598926285
 Objectives (PBM) : 194.167794719
Cluster size 45 :8
Predicted Label for 45: [5 7 6 0 7 6 7 2 7 5 7 5 0 5 2 6 7 0 5 6 1 6 2 6 6 0 7 2 6 2 1 6 2 6 7 0 0
 6 6 7 6 2 6 7 6 6 2 5 6 6 6 7 7 7 6 7 7 0 6 2 3 6 0 6 2 0 0 0 6 2 1 6 7 7
 7 2 6 0 2 0 0 1 6 2 0 7 1 6 7 7 0 1 2 7 6 0 1 0 0 7 2 6 6 2 2 2 1 7 7 5 6
 1 0 6 3 6 2 1 2 2 1 0 5 6 6 4 5 7 0 1 0 0 0 7 1 3 1 2 6 2 6 5 2 2 1 1 7 7
 6 5 0 0 1 2 1 2 7 1 6 6 0 0 1 1 1 0 2 7 2 1 1 6 0 0 0 2 1 7 1 7 0 6 6 3 7
 3 5 5 0 6 5 1 2 6 0 0 1 0 6 2 1 0 5 0 0 0 7 3 7 2 2 1 5 7 7 1 2 0 5 0 2 6
 6 6 6 1 7 6 1 2 1 2 7 0 7 7 2 6 0 6 7 7 7 7 6 0 2 0 7 6 5 0 1 1 5 6 0 6 6
 1 7 2 6 2 6 7 2 5 7 0 6 5 6 0 2 2 2 5 2 3 7 2 6 0 1 6 0 1 2 7 7 1 0 2 6 6
 7 0 0 6 6 0 2 0 1 0 2 0 7 7 0 0 6 6 6 6 6 0 2 0 6 0 2 6 5 6 2 5 1 0 2 5 5
 2 0 6 6 3 7 2 7 0 6 1 6 5 2 6 6 2 7 6 1 7 7 7 0 7 0 2 2 6 1 2 5 7 7 0 6 7
 2 3 0 0 0 6 3 0 0 7 1 0 7 2 1 0 7 7 6 2 6 1 7 0 0 5 6 6 7 7 6 1 1]
 Dunn Index 45 : 0.0177330721208
---------------------------------------------------------------------------------------------------------
chromosome 46 : [ 0.21805206 -0.00668869 -0.12420201 ...,  0.          0.          0.        ]
 Objectives (Sil) : 0.408399916997
 Objectives (PBM) : 115.523930644
Cluster size 46 :17
Predicted Label for 46: [ 1 15  3 16 15 16 15  6 15  1 15  1 11  1  6  3  9 11  5  3  8  3  1  3  3
 16 15  1  9  1  8  9  6  3  9  7 11  9  3  9  3  6  9  9  9 16  6  1  3 16
  9 15 15 15  3  9  9  7  3  6 10  3 16  3  1  7  7  7  3  6 12 16 15  9  9
  6  3  7  1  7 11 13  9  6  7 15 12  3 15 15 11 12  1  9  3 16  8  7 16  9
  1 16  3  1  6  6  8  9 15  5  3 12 16  9  4  3  6 13  6  6  8 16  1 16  3
  0  5  9  7 11 11  7  7 15 11 10  8  6 16  1 16  1  6  1 11  8 15  9 16  1
 16  7  8  6 13  6 15 13 16  9 11  7  8 13 13 16  6  9  6 13  8  3 11 16  7
  6  8 15 13 15 11  3  3  4 15 12  5  5  7  3  5 13  6  3  7 11  8  7  3  6
  8 16  5 11 16 16 15 12  9  1  6 13  1 15 15 11  6  7  5 16  6  3  3  9  3
 12 15  9  8  6 11  6  9  7  9  9  6  9  7  3 15 15 15 15  3 11  6 16  9  9
  1 16 11  8  1  9 11  3  9 13 15  1  3  6  3 15  6  5  9 16  3  5 16  7  6
  6  6  5  1 10 15  6 16  7 12  3  7 13  6  9 15 13  7  1  9 16 15  7  7  3
 16  7  6  7  8 16  6  7 15  6 16 16 16 16  9  3  3 16  6  7 16 16  6  9  1
  3  6  5 13 16  6  5  1  6 11  3  3 10 15  6 15 16  3  8  9  1  6  3  3  1
 15  3  8 15 15 15  7 15  7  1  6  3  8  6  5 15  9  7  3 15  6 14  7 16  7
  3  4  7  7 15 12 16  9  6 11 16 15 15  3  6 16 11 15  7 16  5  9  9 15 15
  3 12 11]
 Dunn Index 46 : 0.0367173577459
---------------------------------------------------------------------------------------------------------
chromosome 47 : [ 0.23249076 -0.00759662 -0.13245705 ...,  0.          0.          0.        ]
 Objectives (Sil) : 0.436684599859
 Objectives (PBM) : 101.899354123
Cluster size 47 :14
Predicted Label for 47: [13 12 11 10 12 10 12 12 12 13 12  0  8  0 13 11 11  8  0 11  9 11 13 11 11
 10 12 13 11 13  9 11 13 11 11  8  8 11 11 11 11 13 11 11 11 10 13 13 11 10
 11 12 12 12 10 11 11  8 10 12  6 11 10 11 13  8  8  8 11 12  7 10 12 11 11
 13 11  8 13  8  8  9 11 13  8 12  7 10 12 12  9  7 13 11 10 10  9  8 10 11
 13 10 10 13 13 12  9 11 12  0 11  7 10 11  2 11 13  7 12 12  9 10 13 10 11
  1  0 11  8  9  8  8  8 12  9  6  9 12 10 13 10 13 13 13  9  9 12 11 10 13
 10  8  9 13  7 13 12  7 10 11  8  8  9  7  7 10 13 11 12  7  9 11  8 10  8
 12  9 12  7 12  8 11 10  3 12  6  0  0  8 11  0  7 12 11  8  8  9  8 10 13
  9 10  0  8 10 10 12  6 11 13 12  7  0 12 12  9 13  8  0 10 13 11 11 11 11
  7 12 11  9 12  9 13 11  8 11 11 12 11  8 10 12 12 12 12 11  8 12 10 11 11
 13 10  9  9 13 11  8 11 11  7 12 13 11 13 11 12 13  0 11 10 11  0 10  8 12
 13 13  0 13  6 12 12 10  8  7 10  8  7 13 11 12  7  8 13 11 10 12  8  8 10
 10  8 13  8  9 10 12  8 12 12 10 10 10 10 11 11 11 10 12  8 10 10 12 11 13
 11 13  0  9 10 12  0 13 13  8 10 11  6 12 12 12 10 11  9 11 13 13 11 10 13
 12 11  9 12 12 12  8 12  8 13 13 11  9 13  0 12 11  8 10 12 13  5  8 10  8
 10  4  8  8 12  7 10 11 13  9 10 12 12 11 12 10  9 12  8 10  0 11 11 12 12
 11  7  9]
 Dunn Index 47 : 0.0395627344509
---------------------------------------------------------------------------------------------------------
chromosome 48 : [ 0.22352136 -0.00692452 -0.12736309 ...,  0.          0.          0.        ]
 Objectives (Sil) : 0.45771908908
 Objectives (PBM) : 176.37383819
Cluster size 48 :10
Predicted Label for 48: [0 8 7 6 8 6 8 9 8 0 8 0 6 0 9 7 8 6 0 7 5 7 9 7 7 6 8 9 7 9 5 7 9 7 8 6 6
 7 7 8 7 9 7 8 7 6 9 0 7 6 7 8 8 8 7 8 8 6 7 9 4 7 6 7 9 6 6 6 7 9 4 7 8 8
 8 9 7 6 9 6 6 5 7 9 6 8 4 7 8 8 5 4 9 8 7 6 5 6 6 8 9 7 7 9 9 9 5 8 8 0 7
 4 6 7 1 7 9 4 9 9 5 6 0 7 7 2 0 8 6 5 6 6 6 8 5 4 5 9 7 9 6 0 9 9 5 5 8 8
 7 0 6 6 5 9 5 9 8 4 7 7 6 6 5 5 5 6 9 8 9 5 5 7 6 6 6 9 5 8 4 8 5 7 7 3 8
 4 0 0 6 7 0 5 9 7 6 6 5 6 7 9 5 6 0 6 6 6 8 4 8 9 9 5 0 8 8 5 9 6 0 6 9 7
 7 7 7 4 8 7 5 9 5 9 8 6 8 8 9 7 6 7 8 8 8 8 7 6 9 6 8 7 0 6 5 5 0 7 5 7 7
 4 8 9 7 9 7 8 9 0 8 6 7 0 6 6 9 9 9 0 9 4 8 9 7 6 4 7 6 5 9 8 8 5 6 9 7 7
 8 6 6 7 7 6 9 6 5 6 9 6 8 8 6 6 7 7 7 7 7 6 9 6 6 6 9 7 0 7 9 0 5 6 9 0 0
 9 6 7 7 4 8 9 8 6 7 5 7 0 9 7 7 9 8 7 5 8 8 8 6 8 6 9 9 7 5 9 0 8 8 6 7 8
 9 3 6 6 6 7 3 6 6 8 4 6 8 9 5 6 8 8 7 9 7 5 8 6 6 0 7 7 8 8 7 4 5]
 Dunn Index 48 : 0.0321844709962
---------------------------------------------------------------------------------------------------------
chromosome 49 : [ 0.22853972 -0.00705016 -0.13022184 ...,  0.          0.          0.        ]
 Objectives (Sil) : 0.450423951063
 Objectives (PBM) : 181.128878504
Cluster size 49 :13
Predicted Label for 49: [ 9 12  6 11 12 11 12  0  0  9  0  8  2  8  9  6 12  2  8  6  2  6  9  6  6
 11 12  9  6  9  2  6  0  6 12 11  2  6  6 12  6  0  6 12  6 11  0  9  6 11
  6  0 12 12  6 12 12  2  6  0  7  6 11  6  9  2 11  2  6  0  7 11 12 12 12
  0  6 11  9  2  2  7  6  0 11 12  7  6 12 12  2  7  9 12  6 11  2 11 11 12
  9 11  6  9  0  0  2 12  0  1  6  7 11  6  4  6  0  7  0  0  2 11  9  6  6
  3 10 12 11  2  2 11 11 12  2  7  2  0  6  9 11  9  0  9  2  2 12 12 11  9
 11  2  2  9  7  0 12  7 11  6  2 11  2  7  7 11  9 12  0  7  2  6  2 11 11
  0  2 12  7 12  2  6  6  5 12  7 10  1 11  6  8  7  0  6 11  2  2 11  6  0
  2 11 10  2 11 11  0  7 12  9  0  7  8  0 12  2  0 11 10 11  0  6  6  6  6
  7 12  6  2  0  2  0 12 11 12 12  0  6 11  6  0 12 12 12  6  2  0 11 12  6
  9 11  2  2  9  6  2  6  6  7 12  9  6  0  6 12  0 10 12 11  6 10 11  2  0
  0  9 10  9  7  0  0  6  2  7  6 11  7  0 12 12  7 11  9  6 11 12  2 11  6
  6 11  0  2  2 11  0  2 12  0 11 11 11  6  6  6  6 11  0 11 11 11  0  6  9
  6  9 10  7 11  0  8  9  0  2  6  6  7 12  0 12 11  6  2  6  9  0  6  6  9
 12  6  2 12 12 12 11 12 11  9  0  6  2  0  8  0 12  2  6 12  9  5 11 11 11
  6  5 11 11 12  7 11 12  0  2 11 12  0  6  0  6  2 12 11 11  8  6  6  0 12
  6  7  2]
 Dunn Index 49 : 0.0570442937551
---------------------------------------------------------------------------------------------------------

-------------------------------------------------------------------------------------------------------------

-------------------------------------------------------------------------------------------------------------

 Maximum dunn_index for 29th chromosome : 0.0637954221847

 Maximum silhouette score : 0.536063115003

 Maximum pbm index : 222.195443978
Final label corresponding to max Dunn for 29 chromosome : [13  0  7  1 11  1 11  0  0 13  0 13 12 13 17  7 11 12  8  7  9  7 14  7  7
  1 11 14  7 14  9  7 17  7 11 12 12  7  7 11  7 17  7 11  7  1 17 13  7  1
  7  0  0 11  7 11 11 12  1 17  3  7  1  7 14 12 12 12  7 17  3  1 11 11 11
 17  7 12 14 12 12  9  7 17 12  0  3  7  0 11 12  3 14 11  1  1  9 12  1 11
 14  1  1 14 17  0  9 11  0  5  7  3  1  7  2  7 17  3  0 17  9  1 13  1  7
  4 18 11 12  9 12 12 12 11  9  6  9  0  1 14  1 13 17 14  9  9 11 11  1 13
  1 12  9 14  9 17 11  3  1  7 12 12  9  9  9  1 17 11  0  9  9  7 12  1 12
  0  9  0  3 11 12  7  1  2  0  3  5  5 12  7  8  9  0  7 12 12  9 12  1 17
  9  1 16 12  1  1  0  3 11 14  0  9  8  0 11 12 17 12 18  1 17  7  7  7  7
  3 11  7  9  0 12 17 11 12 11 11  0  7 12  7  0  0 11 11  7 12  0  1 11  7
 13  1  9  9 13  7 12  7  7  3 11 14  7 17  7 11 17 18 11  1  7 18  1 12  0
 17 14  5 14  6  0  0  1 12  3  7 12  9 17 11 11  9 12 14  7  1 11 12  1  1
  1 12 17 12  9  1  0 12 11  0  1  1  1  1  7  7  7  1  0 12  1  1  0  7 13
  7 14 16  9  1  0  8 13 17 12  1  7  6 11 17 11  1  7  9  7 13 17  7  1 14
 11  7  9  0 11 11 12 11 12 14 17  7  9 17 15  0 11 12  7 11 17  6 12  1 12
  7  2 12 12  0  3  1 11 17  9  1 11  0  7  0  1 12 11 12  1 15  7  7  0 11
  7  3  9]

 No of clusters detected automatically : 19
 For chromosome : 29