Initial Clusters : [6, 13, 9, 9, 9, 8, 9, 11, 2, 15, 12, 11, 13, 12, 11, 4, 18, 10, 6, 14, 4, 12, 7, 12, 15, 4, 18, 5, 7, 14, 5, 16, 8, 7, 15, 8, 15, 4, 20, 13, 16, 4, 2, 13, 11, 10, 4, 4, 3, 18]
Initial PBM : [3848.1598003353574, 3270.7701926477284, 2305.036856076688, 4360.164501280175, 6475.722325240535, 6070.046931305314, 3212.9051088729693, 3176.199739111086, 11979.698639789203, 2095.0705559854823, 2791.444637981069, 3558.62595537344, 2517.447330760826, 6483.1092403502535, 6283.376644129061, 6442.73129333373, 2392.036086500197, 5226.10022654756, 7759.635839480831, 3085.729313081846, 7236.856805034138, 5143.732114305557, 5119.554066032563, 4626.620212289233, 2038.5416085362208, 6857.955301343382, 2308.692390415844, 8547.303023938424, 4507.793497501119, 10899.3413437099, 7187.0124785625285, 3040.7199441570147, 6370.899491939111, 11694.697979859717, 2958.0475221599786, 9298.8131594312, 9079.78001186139, 10702.884496435143, 1432.5559999544496, 2145.702522145632, 3391.53898841857, 10694.753341408972, 12362.952766019194, 4059.49826312737, 3669.9250099389756, 2576.4844070929576, 10048.24835910027, 6813.102049205693, 6305.672429187722, 7049.236958057958]
Initial Sil score : [0.087227143845227673, 0.1241616479401005, 0.08015934608871006, 0.080539761974840279, 0.13813730561104956, 0.1142033500429737, 0.10870466774150742, 0.094172799240003408, 0.2638731866039134, 0.096191004218425954, 0.093975332143312537, 0.11973115473015344, 0.09806581707589386, 0.10830804480524807, 0.11177639927453549, 0.14927570949613894, 0.099707808682654095, 0.11896290391108062, 0.14849260337298209, 0.11681885903193959, 0.18028439510966293, 0.10134130177330433, 0.1109781728987994, 0.12062838046051508, 0.10587223135914092, 0.13040715912194323, 0.10947066571293754, 0.14651896071080764, 0.082561124039461059, 0.1154978729827851, 0.13073364191848152, 0.099484712790164034, 0.11913953456868313, 0.15075789367615727, 0.095691243280177876, 0.13705981992683047, 0.11040095627814568, 0.14115277847726515, 0.069941205701439496, 0.093665173701140178, 0.091863519331779803, 0.24481219708903945, 0.35226281958018341, 0.095627146029396107, 0.14425373454403612, 0.080424112006910409, 0.16128975972339699, 0.13626839674369562, 0.167490541266099, 0.097316576186528114]
Initial Dunn : [0.067705594411754638, 0.079681907288959575, 0.079024332057577196, 0.065556618356651442, 0.079698409703403666, 0.068207783023891647, 0.074001427945330586, 0.081309074056934647, 0.069163690725747046, 0.065829572201332134, 0.08688537821844973, 0.075118486713482535, 0.066390135920635543, 0.092763529815160214, 0.088204176752353577, 0.072560271681542804, 0.083155662417343942, 0.08635781764633392, 0.071782169205555843, 0.070481149065285159, 0.067799381341736062, 0.07818557937966715, 0.058465820585340181, 0.089890946358417628, 0.075396374464012331, 0.073662461115753489, 0.080552694137508332, 0.063634669633615262, 0.066593418954668249, 0.10851434153530388, 0.058189384896840814, 0.082058482286605783, 0.07989681536104383, 0.075767481219407573, 0.077331623382289064, 0.089890946358417628, 0.11875784234116304, 0.070757865763625388, 0.081891490073786224, 0.075840131313542017, 0.1015300657383551, 0.078553868183461509, 0.071659436178919858, 0.070550727849389275, 0.072319606767546465, 0.066275548791497302, 0.066042093614920791, 0.065810767791517635, 0.0774560220206372, 0.11753044625585939]
Max Dunn and corresponding cluster, PBM, Sil : 0.118757842341,15,9079.78001186,0.110400956278
------------------------------------------------------------------------------------------
-------------------------------------------------------------------------------------------------------------------------

-------------------------------------------------------------------------------------------------------------------------

-------------------------------------------------------------------------------------------------------------------------

-------------------------------------------------------------------------------------------------------------------------

-------------------------------------------------------------------------------------------------------------------------

-------------------------------------------------------------------------------------------------------------------------

-------------------------------------------------------------------------------------------------------------------------

-------------------------------------------------------------------------------------------------------------------------

-------------------------------------------------------------------------------------------------------------------------

-------------------------------------------------------------------------------------------------------------------------

-------------------------------------------------------------------------------------------------------------------------

-------------------------------------------------------------------------------------------------------------------------

-------------------------------------------------------------------------------------------------------------------------

-------------------------------------------------------------------------------------------------------------------------

-------------------------------------------------------------------------------------------------------------------------

-------------------------------------------------------------------------------------------------------------------------

-------------------------------------------------------------------------------------------------------------------------

-------------------------------------------------------------------------------------------------------------------------

-------------------------------------------------------------------------------------------------------------------------

-------------------------------------------------------------------------------------------------------------------------

-------------------------------------------------------------------------------------------------------------------------

-------------------------------------------------------------------------------------------------------------------------

-------------------------------------------------------------------------------------------------------------------------

-------------------------------------------------------------------------------------------------------------------------

-------------------------------------------------------------------------------------------------------------------------

-------------------------------------------------------------------------------------------------------------------------

-------------------------------------------------------------------------------------------------------------------------

-------------------------------------------------------------------------------------------------------------------------

-------------------------------------------------------------------------------------------------------------------------

-------------------------------------------------------------------------------------------------------------------------

-------------------------------------------------------------------------------------------------------------------------

-------------------------------------------------------------------------------------------------------------------------

-------------------------------------------------------------------------------------------------------------------------

-------------------------------------------------------------------------------------------------------------------------

-------------------------------------------------------------------------------------------------------------------------

-------------------------------------------------------------------------------------------------------------------------

-------------------------------------------------------------------------------------------------------------------------

-------------------------------------------------------------------------------------------------------------------------

-------------------------------------------------------------------------------------------------------------------------

-------------------------------------------------------------------------------------------------------------------------

-------------------------------------------------------------------------------------------------------------------------

-------------------------------------------------------------------------------------------------------------------------

-------------------------------------------------------------------------------------------------------------------------

-------------------------------------------------------------------------------------------------------------------------

-------------------------------------------------------------------------------------------------------------------------

-------------------------------------------------------------------------------------------------------------------------

-------------------------------------------------------------------------------------------------------------------------

-------------------------------------------------------------------------------------------------------------------------

-------------------------------------------------------------------------------------------------------------------------

-------------------------------------------------------------------------------------------------------------------------

chromosome 0 : [ 0.35181954  0.13029347  0.00531915 ...,  0.          0.          0.        ]
 Objectives (Sil) : 0.239143388237
 Objectives (PBM) : 52086.8704761
Cluster size 0 :6
Predicted Label for 0: [4 4 5 0 0 0 5 0 3 5 3 0 0 5 4 5 3 0 4 5 5 4 0 0 0 0 5 0 3 5 0 5 5 3 5 0 0
 4 4 5 1 5 0 3 4 3 0 5 3 3 5 3 5 5 3 5 5 5 0 5 0 5 5 4 5 5 0 5 5 3 5 0 0 5
 5 5 0 0 3 4 0 4 0 3 0 3 5 5 0 5 0 0 3 5 5 5 0 0 0 0 0 0 3 4 5 5 0 0 4 5 1
 4 5 0 0 5 5 0 3 5 5 0 3 5 4 2 5 0 3 0 5 3 5 4 0 0 0 0 0 0 0 0 0 0 0 0 3 0
 0 0 0 5 5 5 0 3 3 5 5 4 0 5 5 1 0 4 3 0 0 0 0 4 0 5 0 5 5 0 5 5 0 3 5 0 5
 5 5 5 0 0 3 1 0 3 3 0 5 5 5 4 5 3 5 5 5 5 5 1 1 5 3 5 0 4 3 5 3 0 3 4 3 1
 5 3 5 5 5 0 0 0 0 0 1 0 5 5 4 4 3 0 0 0 0 0 5 0 5 3 4 0 5 0 0 0 3 0 4 0 3
 5 5 4 5 1 4 4 5 3 0 0 5 5 3 4 4 3 0 0 3 5 0 0 4 0 4 4 5 0 3 5 5 5 0 4 0 0
 4 5 5 5 5 0 5 3 5 5 5 0 5 1 5 5 0 5 0 3 5 5 5 5 5 4 5 5 3 3 3 5 0 4 5 0 0
 5 0 5 1 5 1 0 5 1 3 0 0 0 5 5 0 0 5 5 3 4 0 3 1 0 3 4 4 5 5 0 3 0 0 5 5 4
 0 0 3 5 5 0 5 5 0 5 0 1 0 0 5 5 5 5 0 1 5 5 5 5 5 5 5 3 4 0 5 0 5]
 Dunn Index 0 : 0.154368608307
---------------------------------------------------------------------------------------------------------
chromosome 1 : [  0.00000000e+00  -5.55111512e-17  -3.46944695e-18 ...,   0.00000000e+00
   0.00000000e+00   0.00000000e+00]
 Objectives (Sil) : 0.178414065849
 Objectives (PBM) : 15150.5564676
Cluster size 1 :13
Predicted Label for 1: [ 6  5  7  2  8  2  7  8  6  0 10  9  9  7  6  9 10  8  0  2  9  7  2  8  8
  9  2  8 12  0  9  7  7 10  0  9  8  5  6  7 12  0  2  1  5  1  9  9 10  1
  9  1  7  0  0  7  0  0  8  2  2  2  2  9  0  7  9  0  2 10  7  9  2  7  7
  9  2  9  6  5  2  7  8  6  9  0  2  2  8  0  8  9  1  7  0  7  9  2  2  2
  8  9 10  0  2  7  2  8  5  7  4  6  0  9  8  0  0  2  1  0  7  2 10  2  6
  3  0  9  1  8  0  6  0  5  2  2  2  2  8  9  9  2  8  9  2  8  1  8  8  8
  8  0  9  7  2 10 10  2  7  9  8  2  7 11  8  6  1  8  2  2  9  5  2  0  2
  7  0  2  7  0  8  1  7  8  2  0  0  9  8  8  1 12  8  1 10  9  2  0  0  5
  0  1  0  2  9  2  7  5 12  2 10  7  8  6 10  7 10  9 10 12  1  5  7  1  0
  0  2  8  8  8  8  8 12  9  7  7  6  6 10  8  9  9  2  8  7  9  0 10  6  8
  0  2  2  8  1  8  5  2 10  7  2  5  2 11  5  6  9 10  9  8  0  0  1  9  5
  6  8  8 10  7  9  2  6  8  6  5  7  8  6  9  0  0  2  6  8  9  9  0  2  2
  0  2  2 10  0  0  0  8  7  6  0  7  8  7  2  1  7  7  7  0  0  5  0  2 10
  6  6  2  2  9  0  9  8  0  9  0 12  2 12  9  7  5  1  8  8  9  7  7  2  2
  2  7  1  9  9  1 11  9 10  6  9  7  2  8 10  9  8  0  2  6  9  2 10  9  7
  8  2  7  9  0  8 12  9  9  0  7  0  2  9 12  0  7  0  9  2  2  7  1  6  2
  2  2  7]
 Dunn Index 1 : 0.123523197519
---------------------------------------------------------------------------------------------------------
chromosome 2 : [  5.19810180e-01  -5.55111512e-17  -2.16840434e-18 ...,   0.00000000e+00
   0.00000000e+00   0.00000000e+00]
 Objectives (Sil) : 0.193004482507
 Objectives (PBM) : 32290.604608
Cluster size 2 :7
Predicted Label for 2: [2 0 5 1 1 4 5 1 3 2 3 1 1 5 2 4 5 1 2 4 2 2 4 1 1 1 4 1 3 5 1 5 5 5 2 1 1
 0 2 5 0 2 1 3 0 3 4 2 5 3 4 3 5 4 2 5 2 4 1 4 1 4 4 2 4 4 1 5 4 5 5 1 1 5
 2 4 1 4 2 0 4 5 1 3 1 2 4 4 1 4 1 1 3 4 2 4 1 4 4 1 1 2 3 2 4 4 1 1 2 5 0
 2 4 4 1 4 2 4 3 2 4 1 5 4 0 6 2 1 3 1 2 5 2 0 1 4 4 4 1 1 1 1 1 1 4 1 3 1
 1 1 1 5 4 5 4 5 5 4 4 4 1 4 4 0 1 2 3 1 1 1 1 0 1 2 1 5 4 4 4 4 1 3 5 1 4
 2 4 4 1 1 3 0 1 3 5 4 4 2 2 0 2 3 4 4 4 4 5 0 0 4 3 4 1 2 5 4 3 4 3 0 3 0
 4 3 2 2 4 1 1 1 1 1 0 1 5 4 0 0 3 1 1 1 4 1 5 1 2 5 2 1 4 4 4 1 3 1 0 4 5
 5 4 0 4 0 0 2 4 3 4 1 2 4 3 4 0 2 1 1 5 5 1 4 2 1 2 0 5 1 2 4 2 2 4 2 1 1
 2 2 4 4 2 4 4 5 4 4 2 1 5 0 4 4 1 4 1 3 5 5 5 2 4 0 4 4 3 3 2 4 4 2 2 1 1
 5 1 4 0 4 0 1 4 0 3 1 1 1 4 5 1 4 4 5 3 2 1 3 0 1 5 2 2 5 4 1 3 1 1 2 4 2
 1 1 5 4 4 1 4 4 1 4 1 3 1 1 4 5 4 4 1 0 5 4 4 4 4 4 4 3 2 1 4 4 5]
 Dunn Index 2 : 0.118966716817
---------------------------------------------------------------------------------------------------------
chromosome 3 : [  2.29924242e-01   9.68712430e-02  -3.46944695e-18 ...,   0.00000000e+00
   0.00000000e+00   0.00000000e+00]
 Objectives (Sil) : 0.177289020323
 Objectives (PBM) : 18922.0618322
Cluster size 3 :10
Predicted Label for 3: [3 7 4 2 0 2 4 0 3 4 5 2 0 4 3 2 9 0 3 4 2 4 2 0 0 2 4 0 3 4 2 4 4 9 4 0 0
 8 3 4 1 4 2 5 7 5 2 2 9 5 2 5 9 2 3 4 4 4 0 2 2 2 2 7 4 4 2 4 4 9 4 2 2 4
 4 2 0 2 3 7 2 4 0 3 2 3 2 2 0 4 0 2 3 4 2 4 2 2 2 2 0 2 9 3 2 4 2 0 7 4 1
 3 4 2 0 2 3 2 5 4 4 0 9 2 8 6 4 2 5 0 4 3 4 7 0 2 2 2 0 2 2 2 0 2 2 0 5 0
 0 0 0 4 2 4 2 9 9 4 4 7 0 2 4 1 0 3 5 0 2 2 2 7 0 4 2 4 4 2 4 4 0 3 9 0 2
 4 4 2 0 0 5 1 0 5 9 2 2 2 4 8 4 5 4 2 2 2 4 8 1 2 5 4 0 3 9 4 9 2 9 3 3 7
 4 5 4 4 2 0 0 0 0 0 1 2 4 4 3 3 9 0 2 2 2 0 9 7 4 9 3 0 4 2 2 0 5 0 7 2 9
 4 2 7 2 8 7 3 2 5 2 0 4 4 5 7 7 3 0 0 9 4 2 2 3 0 3 7 4 0 3 2 4 4 2 3 0 2
 7 4 4 2 2 2 4 9 2 4 4 0 4 3 2 4 0 4 2 5 4 4 4 4 2 7 4 2 5 3 3 4 2 7 4 0 0
 4 2 4 1 2 1 2 4 8 5 0 0 0 4 4 2 2 2 4 5 2 2 5 1 2 9 3 2 4 2 0 3 2 0 4 2 3
 2 2 9 2 4 0 2 4 2 4 0 1 2 2 2 4 4 2 2 1 4 4 4 2 2 2 4 3 3 2 2 2 4]
 Dunn Index 3 : 0.139460304762
---------------------------------------------------------------------------------------------------------
chromosome 4 : [  9.46694599e-317   9.46693413e-317   9.46692227e-317 ...,
   0.00000000e+000   0.00000000e+000   0.00000000e+000]
 Objectives (Sil) : 0.168965400931
 Objectives (PBM) : 19181.2989613
Cluster size 4 :12
Predicted Label for 4: [ 7  6  5 10  8 10 11  8  3 11  2 10 10 11  7 11  5  8  7 11 11 11 10  8  8
 10 11  8  2 11 10 11  9  5  9  8  8  6  7 11  2 11 10  3  6  9 10 10  5  2
 10  0  5 11  9 11 11 11  8 10 10 10 10 11 11 11 10 11 11  5 11 10 10 11 11
 10 10 10  9  6 10 11  8  3 10  9 11 10  8 11  8 10  3 11 11 11 10 10 10 10
  8 10  5  7 10 11 10  8  6  9  6  7 11 10  8 11  9 10  3 11 11 10  5 10  7
  4 11 10  2  8 11  7 11  6 10 10 10 10  8 10 10 10  8 10 10  8  3  8  8  8
  8 11 10 11 10  5  5 11 11 11  8 10 11  6 10  7  1  8 10 10 10  6 10 11 10
 11 11 10 11 11  8  3  5  8 11 11 11 10  8  8  3  6  8  0  5 10 10 11 11  6
 11  3 11 11 10 10 11  6  7 10  2 11  8  7  9 11  5 10  9  2  3  6 11  3 11
 11 10  8  8  8  8  8  7 10  5 11  7  7  2  8 10 10 10  8  5 10 11  9  7 10
 11 10 10  8  0  8  6 10  2 11 11  6 10  6  6  7 10  2 10  8 11 11  0 10  6
  9  8  8  5 11 10 10  9 10  7  6 11  8  7 11 11 11 10  7  8 10 10 11 11 10
 11 10 11  9 11 11 11  8 11  7 10 11  8 11 10  0  5 11 11 11 11  6 11 10  2
  3  7 11 10 11 11  8  8  9 10 11  2 10  2 10 11  6  1  8 10  8 11 11 10 10
 10 11  0  7 10  3  6 10  9  7 11 11 10  8  9 10  8 11 11  7 10 10  5 11 11
  8 11 11 10 11  8  0 10 10 11 11 11 10 10  2 11 11 11 10 10 10 11  9  7 10
 10 10 11]
 Dunn Index 4 : 0.0974369248362
---------------------------------------------------------------------------------------------------------
chromosome 5 : [ 0.52803287  0.14736953 -0.0146798  ...,  0.          0.          0.        ]
 Objectives (Sil) : 0.188458683795
 Objectives (PBM) : 38744.1423384
Cluster size 5 :6
Predicted Label for 5: [0 1 0 2 3 2 0 3 5 0 5 3 3 0 0 2 5 3 0 2 0 0 2 3 3 2 2 3 5 0 2 0 0 5 0 3 3
 1 0 0 1 0 2 5 1 5 2 2 5 5 2 5 0 0 0 0 0 0 3 2 2 2 2 0 0 2 2 0 2 5 0 2 2 0
 0 2 2 2 0 1 2 0 3 5 2 0 2 2 3 0 3 2 5 0 0 0 2 2 2 2 3 2 5 0 2 0 2 3 2 0 1
 1 0 2 3 2 0 2 5 0 0 2 5 2 1 4 0 2 5 3 0 0 0 1 2 2 2 2 3 2 2 2 3 2 2 3 5 3
 3 3 3 0 2 0 2 5 5 2 0 2 3 2 0 1 3 1 5 3 2 2 3 1 2 0 2 0 0 2 0 0 3 5 0 3 2
 0 0 2 3 3 5 1 3 5 5 2 2 0 0 1 0 5 0 2 2 2 0 1 1 2 5 0 3 1 5 0 5 2 5 1 5 1
 0 5 0 0 2 3 3 3 3 3 1 3 0 0 1 1 5 3 2 2 2 3 0 3 0 5 0 3 0 2 2 3 5 3 1 2 5
 0 2 1 2 1 1 0 2 5 2 3 0 0 5 2 1 5 3 3 5 0 3 2 5 3 1 1 0 3 0 0 0 0 2 1 3 2
 2 0 2 2 0 2 2 5 0 0 0 3 0 1 2 0 3 0 2 5 0 0 0 0 2 1 0 2 5 5 0 2 2 0 0 3 3
 0 2 0 1 2 1 2 0 1 5 3 3 3 0 0 2 2 2 0 5 0 2 5 1 2 5 1 0 0 2 3 5 3 3 0 2 1
 2 2 5 2 0 3 2 0 2 0 3 1 2 2 0 0 0 2 2 1 0 0 0 2 2 2 0 5 0 2 2 2 0]
 Dunn Index 5 : 0.104504234756
---------------------------------------------------------------------------------------------------------
chromosome 6 : [  4.28571429e-01   1.78571429e-01  -1.73472348e-18 ...,   0.00000000e+00
   0.00000000e+00   0.00000000e+00]
 Objectives (Sil) : 0.201654006053
 Objectives (PBM) : 9749.29105285
Cluster size 6 :5
Predicted Label for 6: [4 1 2 0 0 4 2 0 3 2 3 4 0 2 4 4 3 0 4 2 4 2 0 0 0 4 2 0 3 2 4 2 2 3 2 4 0
 1 4 2 1 4 0 3 1 3 4 4 3 3 4 3 2 4 3 2 4 4 0 2 0 2 4 4 2 2 4 2 2 3 2 4 0 2
 2 4 0 4 3 1 4 2 0 3 0 3 2 2 0 2 0 0 3 2 4 2 4 4 0 0 0 4 3 4 2 2 0 0 4 2 1
 1 2 0 0 4 2 0 3 2 2 0 3 2 1 0 4 0 3 0 4 3 4 1 0 2 0 0 0 4 4 0 0 0 0 0 3 0
 0 0 0 2 4 2 0 3 3 2 2 4 0 2 2 1 0 1 3 0 0 0 0 1 0 4 0 2 2 0 2 2 0 3 2 0 2
 2 2 4 0 0 3 1 0 3 3 4 4 4 2 1 2 3 2 2 4 2 2 1 1 2 3 2 0 1 3 2 3 4 3 1 3 1
 2 3 4 4 2 0 0 0 0 0 1 4 2 2 1 1 3 0 4 4 0 0 2 4 4 3 1 0 2 0 0 0 3 0 1 0 3
 2 2 1 2 1 1 4 4 3 4 0 2 2 3 4 1 3 0 0 3 2 4 0 3 0 1 1 2 0 3 4 2 2 4 1 0 4
 4 2 2 2 4 0 2 3 4 4 4 0 2 1 4 2 0 2 0 3 2 2 2 4 2 1 2 2 3 3 3 2 0 4 4 0 0
 2 0 4 1 2 1 4 2 1 3 0 0 0 2 2 0 0 2 2 3 4 4 3 1 4 3 4 4 2 2 0 3 4 0 2 2 1
 4 0 3 4 2 0 2 2 4 2 0 1 4 0 4 2 2 2 4 1 2 2 2 4 2 2 2 3 4 0 2 0 2]
 Dunn Index 6 : 0.063939873637
---------------------------------------------------------------------------------------------------------
chromosome 7 : [  9.42592962e-01   3.98775435e-01  -1.73472348e-18 ...,   0.00000000e+00
   0.00000000e+00   0.00000000e+00]
 Objectives (Sil) : 0.136923470501
 Objectives (PBM) : 8872.63889096
Cluster size 7 :16
Predicted Label for 7: [ 1  7  2 11 11  6 15 11  1 15  9  5  5  2  1 13  2  4  1 15 14  1  6  5  4
 14  6  5  2 15 14 15  2  2  1  5 11  7  1  2  0  1 11  9  7  9 14 14  2  9
 14  9  2 14  1 15 14 14  4 13 11  6 13 13 15  6 14 15  6  2 15 13 11 15 13
 14 11 14  1  7 13  2  3  9  5  1 13  6  5 15  5 14  9 15 14 15 14 13  6 11
  5 14  9  1  6 15  6  5  7  2  0  1 15 13  4 14  1  6  9 15 15 11  2  6  7
  8  1 14  9 11  1  1  1  7 11  6  6  6 10 14 14 11  5 11  6  5  9 12  4 11
 11 15 14 15  6  2  2  6 13 13 11 13 15  0 11  1  9  4 11 11 11  7 11  1 11
 15 14  6 15 14  4  9  2  4 13 15 15 14  4  5  9  7  4  9  2 13 13 14  1  7
 15  9 14 13 13  6 15  7  0 13  9 15  5  1  2 15  9 14  9  7  9  7 15  9 14
 13  6  5 11 11 12 12  0  5 15 15  1  0  2  4 14 14  6  4  2  5  1  2  1 11
 15  6  6  4  9  4  7  6  2 15 13  7  6  0  7  1 13  9 14  4  1 15  9 13  7
  1  4 11  2 15  5  6  1 11  1  7 15  4  1 14 15  1  6  1 12 14 13  1  6  6
 14  6  6  2 14 13  1  4 15  0 14 13 12 13 11  9  2 15 15  1 14  7 15  6  9
  1  1  6  6 13  1  5 10  1  5 14  0  6  0  5 13  7  9  5 11  5 15 15 11 11
  6 15  9 14 14  9  0 14  2  1 14  2  6 11  2  5  5  1 13  1 14 11  2 13 15
  4  6 15 14 15  4  0  5 11 14 15 15  6 14  0 15 15 14 14  6 13 15  9  1 11
 13  6 13]
 Dunn Index 7 : 0.103871672017
---------------------------------------------------------------------------------------------------------
chromosome 8 : [ 0.18049242  0.04247347  0.02272727 ...,  0.          0.          0.        ]
 Objectives (Sil) : 0.184623674032
 Objectives (PBM) : 14654.6935475
Cluster size 8 :4
Predicted Label for 8: [1 1 2 0 0 1 2 0 3 2 3 1 0 2 2 1 2 0 2 1 1 2 1 0 0 1 1 0 3 2 1 2 2 2 2 0 0
 3 2 2 3 2 0 3 1 3 1 1 2 3 1 3 2 1 2 2 1 1 0 1 0 1 1 1 1 1 1 2 1 2 2 1 1 2
 2 1 0 1 2 3 1 2 0 3 1 2 1 1 0 2 0 1 3 2 1 2 1 1 1 0 0 1 2 2 1 2 1 0 1 2 3
 3 1 1 0 1 2 1 3 2 1 0 2 1 3 0 2 1 3 0 2 2 1 3 0 1 1 1 0 1 1 1 0 1 1 0 3 0
 0 0 0 2 1 2 1 2 2 1 1 1 0 1 2 3 0 3 3 0 1 0 0 1 0 2 1 2 1 1 2 1 0 3 2 0 1
 2 2 1 0 0 3 3 0 3 2 1 1 1 2 3 2 3 1 1 1 1 2 3 3 1 3 1 0 3 2 1 2 1 2 3 3 3
 2 3 1 1 1 0 0 0 0 0 3 1 2 2 3 3 3 0 1 1 1 0 2 1 1 2 3 0 2 1 1 0 3 0 3 1 2
 2 1 3 1 3 3 1 1 3 1 0 2 1 3 1 1 3 0 0 2 2 1 1 3 0 3 3 2 0 2 1 2 2 1 3 0 1
 1 2 1 1 1 1 1 2 1 1 2 0 2 3 1 1 0 1 1 3 2 2 2 2 1 3 1 1 3 3 2 1 0 1 2 0 0
 2 1 1 3 1 3 1 1 3 3 0 0 0 2 2 0 1 1 2 3 1 1 3 3 1 2 3 1 2 1 0 3 1 0 2 1 3
 1 1 2 1 2 0 1 2 1 2 0 3 1 1 1 2 2 1 1 3 2 2 1 1 1 1 1 3 2 1 1 1 2]
 Dunn Index 8 : 0.0736766829813
---------------------------------------------------------------------------------------------------------
chromosome 9 : [  6.42857143e-01   1.42857143e-01   1.73472348e-18 ...,   0.00000000e+00
   0.00000000e+00   0.00000000e+00]
 Objectives (Sil) : 0.146368309423
 Objectives (PBM) : 8872.45117149
Cluster size 9 :17
Predicted Label for 9: [ 3 14  9 11 11 11  9 11  4  8  2 12 12  9  3  6  5 13  3  7 12  0 11 13 13
 12  7 13 10  8 12  9  9  5  3 12 12 14  3  0 10  3 11  2 14  2 12 12  5  2
 12  2  9  8  3  0  3  8 13  6 11  7  6  6  8  7 12  8  7  5  9 12 11  9  0
  6 11 12  0 14  6  0 13  4 12  3  6  8 13  8 13 12  4  8  3  7 12  6 11 11
 12 12  5  0  7  9 11 12 14  0  1  4  8  6 13  8  0 11  2  8  7 11  5  7 14
 15  3 12  2 11  0  0  3 14 11  6 11 11 13 12 12 11 13 11 11 13  4 13 13 11
 11  8  6  9  7  5  5  7  6  6 11  6  7  1 11  4  2 13 11 11 12 14 11  3 11
  0  8  7  7  8 13  4  9 13  6  8  8 12 13 13  4 10 13  2  5  6  6  3  3 14
  8  4  8  6  6  7  0 14  4  6  2  8 12  4  5  7  5 12 16 10  4 10  7  2  3
  6  7 13 13 11 13 13  4 12  9  8  4  4 10 13 12 12 11 13  9 12  3  5  0 12
  8 11  7 13  2 13 10 11 10  9  6 10  7 14 14  3  6  2 12 13  0  8  2  6 14
  4 13 11  5  9 12 11 10 11  4 10  9 13  0  6  8  3 11  3 13 12  6  3  7  7
  3 11  7  5  8  6  3 13  9  4  8  6 13  6 11  2  9  9  9  3  8 14  8  7  2
  4  3  7 11  6  3 12 13  3 12  8 10  7  4 12  7 14  2 12 11 12  8  9 11 11
  7  8  2 12 12  2  1 12  0  3  3  0  7 11 10 12 13  0  6 10 12 11  5  6  9
 13  7  9 12  8 13  4 12 12  8  9  8  7 12 10  8  9  8  8 11  6  7  4  3 11
  6 11  0]
 Dunn Index 9 : 0.169667804125
---------------------------------------------------------------------------------------------------------
chromosome 10 : [ 0.4516129   0.09677419  0.         ...,  0.          0.          0.        ]
 Objectives (Sil) : 0.14540445729
 Objectives (PBM) : 11122.2766213
Cluster size 10 :15
Predicted Label for 10: [ 9  4  6  3  3  3  6  3  8  9  1 10 14  6  9 10 11 13  9  2 10  6  3 14 13
 10  2 14  7  6 10  6  6 11  9 14 14  4  9  6  7  9  3  8  4  8 10 10 11  8
 10  1 11  9  9  6  9  9 13  2  3  2  2 10  2  2 10  6  2 11  6 10  3  6  6
 10  3 10  6  4  2  7  5  8 14  9  2  3 14  6 14  3  8  2  9  2 10  2  3  3
 14 10  1  9  2  6  3 14  4  6  0  8  2 10 13  9  6  3  1  9  2  3 11  2  4
 12  9  3  7 13  9  6  9  4  3  2  3  3  5 10 10  3 14  3  3 14  8 13 13  3
  3  6 10  6  2 11 11  2  2 10  3  2  2  0  3  8  1 13  3  3  3  4  3  9  3
  6  9  2  2  9 13  8 11 13  2  6  6 10 13 14  8  7 13  1 11 10  2  9  9  4
  9  8  9  2 10  2  6  4  8  2  1  2 14  8 11  2  1 10 11  7  8  7  2  1  9
  9  2 14  3  3  5  5  8 10  6  6  8  8  7 13 10 10  3 13 11 10  9 11  7  3
  6  3  2 13  1 13  7  3  7  6  2  7  2  4  4  9 10  1 10 13  6  2  1 10  4
  8 13  3 11  6 14  3  7  3  8  7  6 13  8 10  9  9  3  4 13 10 10  9  2  2
  9  3  2 11  9  9  9 13  6  8  9  2 13  2  3  1  6  6  6  9  9  4  9  2  1
  8  8  2  3 10  9 14  5  6 14  9  7  2  8 10  2  4  1 14  3 14  6  6  3  3
  2  6  1 10 10  1  0 10 11  9 10  6  2  3  7 14 14  6  2  7 10  3 11  2  6
 13  2  6 10  6 13  8 10  3  9  6  6  2 10  7  6  2  9 10  2  2  2  8  9  3
  2  3  6]
 Dunn Index 10 : 0.123859349562
---------------------------------------------------------------------------------------------------------
chromosome 11 : [  5.00000000e-01   8.33333333e-02   1.73472348e-18 ...,   0.00000000e+00
   0.00000000e+00   0.00000000e+00]
 Objectives (Sil) : 0.165306023577
 Objectives (PBM) : 16533.9328167
Cluster size 11 :12
Predicted Label for 11: [ 2  5  9  6  6  6  9  6  2  8 10  5  6  9  8  5  9  1  8  7  5  3  6  1  1
  5  7  1  3  8  5  7  9  9  8  5  6  0  8  3  3  8  6 10  5 10  6  5  9 10
  5  4  9  8  8  9  8  8  1  7  6  7  7  5  7  7  5  8  7 10  9  5  6  9  8
  5  6  5  3  0  7  3  1  2  6  8  7  6  1  8  1  6  2  7  8  7  6  6  6  6
  1  5 10  8  7  7  6  1  5  3  0  2  8  6  1  8  8  6  4  8  7  6  9  7  2
 11  8  6 10  6  8  2  8  3  6  7  6  6  1  5  5  6  1  6  6  1  4  1  1  6
  6  8  5  9  7  9 10  7  7  5  6  7  7  0  6  2  4  1  6  6  6  5  6  8  6
  9  8  7  7  8  1  2  9  1  7  8  8  5  1  1  2  3  1  4  9  5  7  8  8  0
  8  4  8  7  5  7  8  0  2  7 10  7  1  2 10  7 10  6 10  3  2  3  7 10  8
  8  7  1  6  6  1  1  2  5  9  7  2  2  3  1  5  5  6  1  9  5  8 10  3  6
  8  6  6  1  4  1  3  6  3  7  7  3  7  0  0  2  5 10  6  1  8  7  4  5  5
  2  1  6  9  9  5  6  3  6  2  3  9  1  2  8  8  8  6  2  1  5  5  8  7  7
  8  6  7 10  8  7  8  1  9  2  8  7  1  7  6  4  9  9  9  8  8  0  8  7 10
  2  2  7  6  5  8  5  1  8  6  8  3  7  2  5  7  0  4  6  6  5  7  9  6  6
  7  9  4  5  5 10  0  6 10  2  5  3  7  6  3  5  1  3  7  3  6  6 10  7  7
  1  7  7  6  8  1  4  5  6  8  9  8  7  5  3  8  7  8  6  7  7  7 10  2  6
  7  6  7]
 Dunn Index 11 : 0.138105769222
---------------------------------------------------------------------------------------------------------
chromosome 12 : [  0.00000000e+00   8.16212739e-02  -3.46944695e-18 ...,   0.00000000e+00
   0.00000000e+00   0.00000000e+00]
 Objectives (Sil) : 0.153639518816
 Objectives (PBM) : 9577.1463634
Cluster size 12 :18
Predicted Label for 12: [17  9  4 15 15 15  4 15 17 14  3  5 15  4 17  6  4 13 14 16  6 10 16  5 13
 15 16  5 10 14 15  4  4  4 14  5 15  2 17  4 10 14 15  3  9  3 15 14  4  3
 15  3  4 14 17  4 14 14 13  6 16 16  6  6 14 16 15 14 16  3  4 15 16  4  6
  6 16 15 17  9  6 10 13 17 15 17  6 16  5 14  5 15 17 14 14  4 15  6 16 16
  5 15  3  6 16  4 16  5  9  4  0 17 14 15 13 14 17 16  3 14  4 16  4 16  8
 11 14 15  3 13  6 17 14  9 16 16 16 16 13 15 15 16  5 15 16  5  3 13 13 13
 13 14  6  4 16  4  3 16  6  6 15  6  4 12 15 17  3 13 15 16 15  9 16 14 15
  4 14 16  4 14 13 17  4 13  6 14 14 15 13  5 17 10 13  3  4  6  6 14 14  8
 14  3 14  6  6 16  4  8 12 16  3 14  5 17  4 16  3 15  3 10 17 10  4  3 14
  6 16  5 15 15 13 13 12  5  4 14 17 17 10 13 15 15 16 13  4  5 14  3 10 15
 14 16 16 13  3 13 10 16 10  4  6 10 16  8  1 17  6  3 15 13 17 14  3  6  9
 17 13 15  4  4  5 16 17 15 17 10  4 13 17 14 14 14 15 17 13 15  9 14 16 16
 14 16 16 17 14  6 14 13  4 12 14  6 13  6 15  3  4  4  4 14 14  7 14 16  3
 17 17 16 16  6 14  5 13 14 15 14 12 16 12  5  6  8  3 15 15  5  4  4 16 16
 16  4  3  6 15  3 12 15  4 17 14  4 16 15 10  5  5 10  6 17 15 16  4  6  4
 13 16  4 15 14 13 12 15 15 14  4 14 16 15 12 14  4 14 15 16  6  6 17 17 15
  6 16  6]
 Dunn Index 12 : 0.143113197688
---------------------------------------------------------------------------------------------------------
chromosome 13 : [  2.89682540e-01   1.19047619e-02  -1.73472348e-18 ...,   0.00000000e+00
   0.00000000e+00   0.00000000e+00]
 Objectives (Sil) : 0.1589346216
 Objectives (PBM) : 12062.3654793
Cluster size 13 :15
Predicted Label for 13: [12  0 10  1  1  1 10  1  5  6  5  2  2 10 12  8 10  4 12  3  8  6  1  2  4
  8  3  2  5  6  8  3 10 10  6  2  2  0 12 10 13  6  1  5  0  5  8  8 10  5
  8  5 10  8  6  6  8  6  4  3  1  3  3  8  3  3  8  6  3 10  6  8  1  6  6
  8  1  8  6  0  3  6  4  5  2 12  3  1  2  6  2  1  5  3  8  3  8  1  1  1
  2  8 14 12  3  3  1  2  0 10  7 12  6  1  4  6  6  1  5  6  3  1 10  3 12
 11  6  1  5  1  6 12  6  0  1  3  1  1  4  8  8  1  2  1  1  2  5  4  4  1
  1  6  8  3  3 10 10  3  3  8  1  3  3 13  1 12 14  4  1  1  1  0  1  6  1
  6  6  3  3  6  4  5 10  4  3  6  6  8  4  2  5 13  4 14 10  8  8  8  6  0
  6  5  8  3  8  3  6 13 13  3  5  3  2 12 10  3 14  8  9 13  5 13  3  5  6
  8  3  2  1  1  4  4 13  2 10  6 12 12  5  4  8  8  1  4 10  2  8 10 12  1
  6  1  1  4 14  4  0  1 10  3  3  0  3 13  0 12  8  5  8  4  6  3  5  8  0
 12  4  1 10  3  2  1 12  1 12  0  6  4 12  8  6  6  1 12  4  8  8  6  3  3
  8  1  3 10  8  8  6  4  6 12  8  3  4  3  1  5 10  6  6  6  8  0  6  3  5
  5 12  3  1  8  6  2  4  6  2  8 13  3 13  2  3  0 14  2  1  2  6  3  1  1
  3  6  5  8  8  5 13  8 10 12  8  6  3  1  5  2  2  6  3 12  8  1 10  8  3
  4  3  3  8  6  4 13  2  1  8  3  6  3  8 13  6  3  8  8  1  3  3  5 12  1
  3  1  3]
 Dunn Index 13 : 0.12065072877
---------------------------------------------------------------------------------------------------------
chromosome 14 : [ 127.85684961  127.91698511  127.9699351  ...,    0.            0.            0.        ]
 Objectives (Sil) : 0.185547584506
 Objectives (PBM) : 10348.9804642
Cluster size 14 :16
Predicted Label for 14: [ 8 10 12  2  5  2 12  5 11 12 13 15  5 12  8 15 13  5  8 12 15 12  2  5  5
 15  2  5 11 12 15 12 12 13 12 15  5 10  8 12 14 15  2 11 10  9 15 15 13 11
 15  7 13 15 11 12 15 15  5  2  2  2  2 15 12 12 15 12  2 13 12 15  2 12 12
 15  2 15 11 14  2 14  5 11 15 11 15  2  5 12  5 15 11 12 15 12 15  2  2  2
  5 15 13 15  2 12  2  5 10 11  0  8 12  2  5 15 11  2  6 12 12  2 13  2  8
  4 15 15 11  5 15 11 15 14  2  2  2  2  5 15 15  2  5  2  2  5  7  5  5  5
  5 12 15 12  2 13 13  2 12 15  5  2 12  1  5  8  6  5  2  2  5 10  2 15  2
 12 15  2 12 15  5  9 12  5  2 12 12 15  5  5 11 14  5  3 13 15 15 15 12 10
 12  7 15  2 15  2 12 14  8  2 13 12  5  8 13 12 13 15  9 14 11 14 12 11 15
 15  2  5  5  5  5  5  8 15 12 12  8  8 11  5 15 15  2  5 12 15 15 11 11  5
 12  2  2  5  3  5 14  2 14 12  2 14  2  1 10  8 15 13 15  5 12 12  9 15 10
 11  5  5 13 12 15  2 11  5  8 14 12  5 11 15 12 12  2  8  5 15 15 12  2  2
 15  2  2 11 15 15 15  5 12  8 15 12  5 12  2  7 12 12 12 12 15 10 12  2 13
 11  8  2  2 15 15  5  5 11  5 15 14  2 11 15 12 10  6  5  5  5 12 12  2  2
  2 12  7 15 15 11  1 15 11  8 15 12  2  5 11 15  5 12  2 11 15  2 13 15 12
  5  2 12 15 12  5  7 15 15 15 12 12  2 15 14 12 12 12 15  2  2 12 11  8  2
  2  2 12]
 Dunn Index 14 : 0.159855130326
---------------------------------------------------------------------------------------------------------
chromosome 15 : [ 127.58502722  127.83502786  127.86457933 ...,    0.            0.            0.        ]
 Objectives (Sil) : 0.353132865847
 Objectives (PBM) : 80449.5896881
Cluster size 15 :3
Predicted Label for 15: [2 2 2 1 1 1 2 1 2 1 2 1 1 2 2 1 2 1 2 1 1 2 1 1 1 1 1 1 2 1 1 1 2 2 2 1 1
 2 2 2 2 1 1 2 2 2 1 1 2 2 1 2 2 1 2 2 1 1 1 1 1 1 1 1 1 1 1 1 1 2 2 1 1 1
 2 1 1 1 2 2 1 2 1 2 1 2 1 1 1 1 1 1 2 1 1 1 1 1 1 1 1 1 2 2 1 1 1 1 1 2 2
 2 1 1 1 1 2 1 2 2 1 1 2 1 2 0 2 1 2 1 2 2 1 2 1 1 1 1 1 1 1 1 1 1 1 1 2 1
 1 1 1 2 1 1 1 2 2 1 1 1 1 1 1 2 1 2 2 1 1 1 1 2 1 2 1 2 1 1 1 1 1 2 2 1 1
 2 1 1 1 1 2 2 1 2 2 1 1 1 2 2 2 2 1 1 1 1 2 2 2 1 2 1 1 2 2 1 2 1 2 2 2 2
 1 2 1 1 1 1 1 1 1 1 2 1 1 1 2 2 2 1 1 1 1 1 2 1 1 2 2 1 1 1 1 1 2 1 2 1 2
 1 1 2 1 2 2 2 1 2 1 1 2 1 2 1 2 2 1 1 2 1 1 1 2 1 2 2 2 1 2 1 1 2 1 2 1 1
 1 2 1 1 1 1 1 2 1 1 2 1 2 2 1 1 1 1 1 2 2 2 1 2 1 2 1 1 2 2 2 1 1 1 2 1 1
 2 1 1 2 1 2 1 1 2 2 1 1 1 1 1 1 1 1 1 2 1 1 2 2 1 2 2 1 2 1 1 2 1 1 2 1 2
 1 1 2 1 1 1 1 1 1 1 1 2 1 1 1 1 1 1 1 2 1 1 1 1 1 1 1 2 2 1 1 1 2]
 Dunn Index 15 : 0.0976456184621
---------------------------------------------------------------------------------------------------------
chromosome 16 : [  4.54545455e-01   1.81818182e-01   1.73472348e-18 ...,   0.00000000e+00
   0.00000000e+00   0.00000000e+00]
 Objectives (Sil) : 0.129757275065
 Objectives (PBM) : 3325.39746956
Cluster size 16 :18
Predicted Label for 16: [17  3 16 11 13  9 16 13 14 15  6  7 13 16  5  8 16 11  5  4  7  5  9 13 13
  7  4 13  6 15  7  4 16 16  5  7 13  3  2 16  6  5 13 14  3 14  7  7  0 14
  7 10 16 15  5 16 15 15 13  8 11  9  8  5  4  4  7 15  4  0 16  7  9 16  5
  8 11  7  5  3  8  5  1 14 13  2  8  9 13 15 13 13 14  4 15  4  7  8  9  9
 13  7  0  5  9  4 11 13  3  5 12 17 15  8  1 15  5  9 10 15  4 11  0  9 17
  1  5 13 14 11  5  2  5  3 11  8  9  9  1  7  7  9 13 13  9 13 10  1 11 11
 11 15  8 16  9 16  0  4  4  8 13  8  4 12 11 17 10 11  9 11 13  3 11 15  9
 16 15  9  4 15 11 14 16 11  8 15 15  7 11  1 14  6  1 10  0  8  8 15  5 12
 15 10 15  8  8  9  5 12 17  8  0  4 13 17  0  4  0  7  0  6 14  6  4  0 15
  8  8 13 13 13  1  1 12  7 16  4 17 17  6 11  7  7  9  1 16  7 15  0  5 13
 15  9  9  1 10  1  3  9  5  4  8  5  9 12  3 17  8  0  7 11  2  4 10  8  3
 14  1 11  0 16  7  9 14 13 17  3 16 11  2 15 15  2  8 17  1  7  3 15  4  9
 15  8  4 14 15  8  5 11 16 17 15  4  1  8 13 10 16 16 16  2 15  3 15  9  0
 14  2  4 11  5 15 13  1  5 13 15  6  9  6  7  4 12 10 13 13 13  4 16  9  9
  9 15 10  7  7 10 12  7 14 17  7 16  9 13 14  7 13  5  8  5  7  9  0  8  4
 13  4  4  7 15 11  6  7 13 15 16 15  9  7  6 15  4 15  8  9  8  4 14  5 13
  8  9 16]
 Dunn Index 16 : 0.0888744582165
---------------------------------------------------------------------------------------------------------
chromosome 17 : [ 96.58982291  96.09986591  96.03921981 ...,   0.           0.           0.        ]
 Objectives (Sil) : 0.352740756904
 Objectives (PBM) : 6415.92500643
Cluster size 17 :2
Predicted Label for 17: [1 1 1 0 0 0 1 0 1 0 1 0 0 1 1 0 1 0 1 0 0 1 0 0 0 0 0 0 1 0 0 0 1 1 1 0 0
 1 1 1 1 0 0 1 1 1 0 0 1 1 0 1 1 0 1 1 0 0 0 0 0 0 0 0 0 0 0 0 0 1 1 0 0 0
 1 0 0 0 1 1 0 1 0 1 0 1 0 0 0 0 0 0 1 0 0 0 0 0 0 0 0 0 1 1 0 0 0 0 0 1 1
 1 0 0 0 0 1 0 1 1 0 0 1 0 1 0 1 0 1 0 1 1 0 1 0 0 0 0 0 0 0 0 0 0 0 0 1 0
 0 0 0 1 0 0 0 1 1 0 0 0 0 0 0 1 0 1 1 0 0 0 0 1 0 1 0 1 0 0 0 0 0 1 1 0 0
 1 0 0 0 0 1 1 0 1 1 0 0 0 1 1 1 1 0 0 0 0 1 1 1 0 1 0 0 1 1 0 1 0 1 1 1 1
 0 1 0 0 0 0 0 0 0 0 1 0 0 0 1 1 1 0 0 0 0 0 1 0 0 1 1 0 0 0 0 0 1 0 1 0 1
 0 0 1 0 1 1 1 0 1 0 0 1 0 1 0 1 1 0 0 1 0 0 0 1 0 1 1 1 0 1 0 0 1 0 1 0 0
 0 1 0 0 0 0 0 1 0 0 1 0 1 1 0 0 0 0 0 1 1 1 0 1 0 1 0 0 1 1 1 0 0 0 1 0 0
 1 0 0 1 0 1 0 0 1 1 0 0 0 0 0 0 0 0 0 1 0 0 1 1 0 1 1 0 1 0 0 1 0 0 1 0 1
 0 0 1 0 0 0 0 0 0 0 0 1 0 0 0 0 0 0 0 1 0 0 0 0 0 0 0 1 1 0 0 0 1]
 Dunn Index 17 : 0.0716594361789
---------------------------------------------------------------------------------------------------------
chromosome 18 : [  5.73584658e-01  -5.55111512e-17   2.65957447e-03 ...,   0.00000000e+00
   0.00000000e+00   0.00000000e+00]
 Objectives (Sil) : 0.25386151238
 Objectives (PBM) : 12764.968349
Cluster size 18 :4
Predicted Label for 18: [2 2 0 3 3 3 0 3 1 0 1 3 3 0 2 0 1 3 0 0 0 0 3 3 3 3 0 3 1 0 3 0 0 1 0 3 3
 2 0 0 2 0 3 1 2 1 3 0 1 1 0 1 0 0 1 0 0 0 3 0 3 0 0 0 0 0 3 0 0 1 0 3 3 0
 0 0 3 3 1 2 3 0 3 1 3 0 0 0 3 0 3 3 1 0 0 0 3 3 3 3 3 3 1 0 0 0 3 3 2 0 2
 2 0 3 3 0 0 3 1 0 0 3 1 0 2 3 0 3 1 3 0 1 0 2 3 3 3 3 3 3 3 3 3 3 3 3 1 3
 3 3 3 0 0 0 3 1 1 0 0 0 3 0 0 2 3 2 1 3 3 3 3 2 3 0 3 0 0 3 0 0 3 1 0 3 0
 0 0 0 3 3 1 2 3 1 1 3 0 0 0 2 0 1 0 0 0 0 0 2 2 0 1 0 3 2 1 0 1 3 1 2 1 2
 0 1 0 0 0 3 3 3 3 3 2 3 0 0 2 2 1 3 3 3 3 3 0 3 0 1 2 3 0 3 3 3 1 3 2 3 1
 0 0 2 0 2 2 2 0 1 3 3 0 0 1 0 2 1 3 3 1 0 3 3 2 3 2 2 0 3 1 0 0 0 3 2 3 3
 0 0 0 0 0 3 0 1 0 0 0 3 0 2 0 0 3 0 3 1 0 0 0 0 0 2 0 0 1 1 1 0 3 0 0 3 3
 0 3 0 2 0 2 3 0 2 1 3 3 3 0 0 3 3 0 0 1 0 3 1 2 3 1 2 0 0 0 3 1 3 3 0 0 2
 3 3 1 0 0 3 0 0 3 0 3 2 3 3 0 0 0 0 3 2 0 0 0 0 0 0 0 1 2 3 0 3 0]
 Dunn Index 18 : 0.0811186055507
---------------------------------------------------------------------------------------------------------
chromosome 19 : [ 0.59090909  0.18181818  0.04545455 ...,  0.          0.          0.        ]
 Objectives (Sil) : 0.187932680472
 Objectives (PBM) : 5914.87832072
Cluster size 19 :11
Predicted Label for 19: [ 3  7  5  8  4  8  5  4 10  5  9  3  3  5 10  3  9  4 10  5  3  5  8  4  4
  3  8  4  9  5  3  5  5  9  5  3  4  7 10  5  6  5  8 10  7 10  3  3  9 10
  3  2  9  5 10  5  3  5  4  8  8  8  8  7  5  8  3  5  8  9  5  3  8  5  5
  3  8  3 10  7  8  5  4 10  3 10  8  8  4  5  4  3 10  5  3  5  3  8  8  8
  3  3  9  5  8  5  8  3  7  5  6 10  5  8  4  3  5  8  1  5  5  8  9  8 10
  4  5  3  9  4  5 10  5  7  8  8  8  8  4  3  3  8  4  3  8  4  0  4  4  4
  4  5  3  5  8  9  9  8  5  7  4  8  5  6  4 10  1  4  8  8  3  7  8  5  8
  5  5  8  5  5  4 10  5  4  8  5  5  3  4  4 10  6  4  2  9  3  8  3  5  7
  5  1  5  8  3  8  5  7  6  8  9  5  3 10  9  5  9  3  9  7 10  7  5  9  3
  5  8  4  4  4  4  4  6  3  5  5 10 10  9  4  3  3  8  4  5  3  3  9 10  3
  5  8  8  4  2  4  7  8  9  5  8  7  8  6  7 10  3  9  3  4  5  5  2  7  7
 10  4  4  9  5  3  8 10  3 10  7  5  4 10  3  5  5  8  7  4  3  7  5  8  8
  3  8  8  9  3  5  5  4  5 10  3  5  4  5  8  0  5  5  5  5  8  7  5  8  9
 10 10  8  8  7  5  3  4  5  3  5  6  8  6  3  5  7  1  3  3  3  5  5  8  8
  8  5  2  3  3  0  6  3  9 10  3  5  8  4  9  3  4  5  8 10  3  8  9  8  5
  4  8  5  3  5  4  6  3  3  3  5  5  8  3  6  5  5  5  3  8  8  5 10 10  8
  8  8  5]
 Dunn Index 19 : 0.0750626521212
---------------------------------------------------------------------------------------------------------
chromosome 20 : [  1.15687868e+00   4.47250512e-01  -8.67361738e-19 ...,   0.00000000e+00
   0.00000000e+00   0.00000000e+00]
 Objectives (Sil) : 0.187077001517
 Objectives (PBM) : 38579.5577131
Cluster size 20 :6
Predicted Label for 20: [2 3 2 5 5 0 2 5 1 2 1 5 5 2 2 2 1 5 2 0 2 2 0 5 5 5 0 5 1 2 5 2 2 1 2 5 5
 3 2 2 3 2 5 1 3 1 5 2 1 1 2 1 2 2 2 2 2 2 5 0 0 0 0 2 2 0 5 2 0 1 2 5 0 2
 2 2 0 0 2 3 0 2 5 1 5 2 0 0 5 2 5 5 1 0 2 0 5 0 0 0 5 5 1 2 0 0 0 5 5 2 3
 3 2 0 5 2 2 0 1 2 0 0 1 0 3 4 2 5 1 5 2 2 2 3 0 0 0 0 5 5 5 0 5 5 0 5 1 5
 5 5 5 2 2 2 0 1 1 0 0 2 5 0 0 3 5 2 1 5 0 0 5 3 0 2 5 2 2 0 0 2 5 1 2 5 0
 2 2 2 5 5 1 3 5 1 1 0 0 2 2 3 2 1 2 0 0 0 2 3 3 0 1 0 5 3 1 0 1 0 1 3 1 3
 0 1 2 2 0 5 5 5 5 5 3 5 2 2 3 3 1 5 5 5 0 5 2 5 2 1 2 5 2 0 0 5 1 5 3 0 1
 2 0 3 0 3 3 2 0 1 0 5 2 0 1 0 3 1 5 5 1 2 5 0 1 5 3 3 2 5 2 2 2 2 0 3 5 5
 2 2 0 0 2 0 0 1 2 2 2 5 2 3 0 2 5 2 5 1 2 2 2 2 0 3 2 0 1 1 2 0 0 2 2 5 5
 2 5 2 3 0 3 5 0 3 1 5 5 5 2 2 0 0 0 2 1 2 5 1 3 5 1 2 2 2 0 5 1 5 5 2 0 3
 5 0 1 0 2 5 0 2 5 2 5 3 5 5 2 2 2 0 5 3 2 0 2 0 0 0 2 1 2 5 0 0 2]
 Dunn Index 20 : 0.113030795592
---------------------------------------------------------------------------------------------------------
chromosome 21 : [  2.30358530e-01   8.76623377e-02  -3.46944695e-18 ...,   0.00000000e+00
   0.00000000e+00   0.00000000e+00]
 Objectives (Sil) : 0.169262182395
 Objectives (PBM) : 27715.8559964
Cluster size 21 :8
Predicted Label for 21: [0 3 7 2 1 2 6 1 7 6 5 0 1 7 7 0 7 1 0 6 0 7 2 1 1 0 6 1 7 6 0 6 7 7 7 0 1
 3 7 7 3 0 2 5 3 5 0 0 7 5 0 5 7 0 7 6 0 6 1 6 2 2 2 0 6 6 0 6 6 7 6 0 2 6
 6 0 2 0 7 3 2 7 1 5 0 7 6 2 1 6 1 2 5 6 0 6 0 2 2 2 1 0 5 0 2 6 2 1 0 7 3
 3 6 2 1 0 7 2 5 6 6 2 7 2 3 4 0 2 5 1 0 7 0 3 2 2 2 2 1 0 0 2 1 2 2 1 5 1
 1 1 1 6 0 6 2 7 7 6 6 0 1 6 6 3 2 3 5 1 2 2 1 3 2 0 2 6 6 2 6 6 1 5 7 1 6
 6 6 0 1 1 5 3 1 5 7 0 6 0 6 3 6 5 6 6 0 2 7 3 3 2 5 6 1 3 7 6 5 0 5 3 5 3
 6 5 0 0 2 1 1 1 1 1 3 0 6 6 3 3 7 1 0 0 2 1 6 0 0 7 7 1 6 2 2 1 5 1 3 2 7
 6 6 3 2 3 3 0 0 5 0 1 7 6 5 0 3 7 1 1 7 6 0 2 7 1 3 3 6 1 7 0 6 7 2 3 1 0
 0 6 6 2 0 2 6 7 0 6 0 1 6 3 0 6 1 6 2 5 6 6 6 7 6 3 6 2 5 5 7 6 2 0 0 1 1
 7 1 0 3 2 3 0 6 3 5 1 1 1 6 6 2 2 2 6 5 0 0 5 3 0 7 0 0 7 2 1 7 0 1 7 6 3
 0 2 7 0 6 1 6 6 0 6 1 5 0 2 0 6 6 2 0 3 6 6 6 0 2 2 6 5 0 2 6 2 6]
 Dunn Index 21 : 0.0969501808688
---------------------------------------------------------------------------------------------------------
chromosome 22 : [ 0.40425532  0.09574468  0.0106383  ...,  0.          0.          0.        ]
 Objectives (Sil) : 0.177673699217
 Objectives (PBM) : 17506.8986611
Cluster size 22 :12
Predicted Label for 22: [ 5  8  4  0  9  0  4 10  6  5  2  9  9  4  5  5  2 10  5  4  5  4  0  9 10
  9  0  9  6  4  9  4  4  2  5  9  9  8  5  4  7  5  9  3  8  3  9  5  2  6
  5  3  4  5  6  4  5  5 10  0  0  0  0  5  4  4  9  4  0  2  4  9  0  4  4
  5  0  9  6  8  0  4 10  6  9  6  0  0  9  4  9  9  6  4  5  4  9  0  0  0
  9  5  2  5  0  4  0  9  8  4  1  6  4  0 10  5  4  0  3  4  4  0  2  0  7
 11  5  9  6 10  5  6  5  8  0  0  0  0 10  9  9  0  9  9  0  9  3 10 10 10
 10  4  5  4  0  2  2  0  4  5  9  0  4  7 10  6  3 10  0  0  9  8  0  5  0
  4  5  0  4  5 10  3  4 10  0  4  4  5 10 10  6  7 10  3  2  9  0  5  5  8
  5  3  5  0  5  0  4  7  7  0  2  4  9  6  2  4  2  9  2  7  6  7  4  2  5
  5  0  9  9 10 10 10  7  9  4  4  6  6  2 10  9  9  0 10  4  9  5  2  6  9
  4  0  0 10  3 10  8  0  2  4  0  8  0  7  8  5  5  2  9 10  4  4  3  8  8
  6 10 10  2  4  9  0  6  9  6  8  4 10  6  5  5  4  0  5 10  9  8  5  0  0
  5  0  0  2  5  5  5 10  4  6  5  4 10  4  9  3  4  4  4  5  0  8  4  0  2
  6  6  0  0  5  5  9 10  4  9  5  7  0  7  9  4  8  3  9  9  9  4  4  0  0
  0  4  3  5  9  3  7  9  2  5  5  4  0  9  6  9  9  4  0  6  9  0  2  5  4
 10  0  4  9  4 10  7  9  9  5  4  4  0  9  7  4  4  5  0  0  0  4  6  5  9
  0  0  4]
 Dunn Index 22 : 0.148413044299
---------------------------------------------------------------------------------------------------------
chromosome 23 : [ 0.35678231  0.08190637  0.00531915 ...,  0.          0.          0.        ]
 Objectives (Sil) : 0.174061723293
 Objectives (PBM) : 13311.4310935
Cluster size 23 :14
Predicted Label for 23: [ 9 10  3  2  6  2  3  6  5  4  1  6  6  3  5  4  3  0  4  2  4  5  2  6  0
  6  2  6  5  3  6  3  3  3  5  6  6 10  9  5 11  4  2  1 10  1  6  4  3  1
  4 13  3  4  5  3  4  4  0  2  2  2  2  4  4  3  6  3  2  5  3  6  2  3  3
  4  2  6  5 10  2  5  0  5  6  5  4  2  6  3  6  6  5  3  4  3  6  2  2  2
  6  6  1  4  2  3  2  6 10  5  7  9  4  2  0  4  5  2  1  4  3  2  3  2  9
 12  4  6  5  0  4  5  4 10  2  2  2  2  0  6  6  2  6  6  2  6 13  0  0  0
  0  3  4  3  2  3  1  2  3  4  6  2  3  8  2  9  1  0  2  2  6 10  2  4  2
  3  4  2  3  4  0 13  3  0  2  4  4  4  0  0 13 11  0  1  5  6  4  4  4 10
  4 13  4  2  4  2  3 11 11  2  1  3  6  9  5  3  1  6  1 11  5 11  3  1  4
  4  2  6  6  6  0  0 13  6  3  3  9  9  5  0  6  6  2  0  3  6  4  5  5  6
  3  2  2  0  1  0 10  2  5  3  2 10  2  8 10  9  4  1  6  0  5  4  1 10 10
  5  0  0  5  3  6  2  5  6  9 10  3  0  5  4  4  4  2  9  0  6 10  4  2  2
  4  2  2  5  4  4  4  0  3  9  4  3  0  4  6 13  3  3  3  4  4 10  4  2  1
  5  9  2  2  4  4  6  0  5  6  4 11  2 11  6  3 10  1  6  6  6  3  3  2  2
  2  3  1  4  6  1  8  6  5  9  4  3  2  6  5  6  6  5  2  5  6  2  5  4  3
  0  2  3  6  4  0 13  6  6  4  3  3  2  6 11  3  3  4  4  2  2  3  5  9  6
  2  2  3]
 Dunn Index 23 : 0.160217486115
---------------------------------------------------------------------------------------------------------
chromosome 24 : [  5.55555556e-01   1.48148148e-01  -3.46944695e-18 ...,   0.00000000e+00
   0.00000000e+00   0.00000000e+00]
 Objectives (Sil) : 0.148921577385
 Objectives (PBM) : 12744.7844278
Cluster size 24 :14
Predicted Label for 24: [11 11  3 13 13  5  2 13 10  2 12  0  0  2 11 11  3 13 11  5 11  2  5  4  4
  0  5  0 12  2  0  2  2  3  2  0  0  8 11  3 12 11 13  6 11  7  0 11  3 12
  0  1  3  2  2  2 11  2  4  5 13  5  5 11  2  5  0  2  5  7  2  0 13  2  2
 11 13  0  2  8  5 12  4 10  0  2  5  5  0  2  0  0 10  2 11  2  0  5  5 13
  0 11  7 11  5  2 13  0 11  2  8 10  2  5  4  2  2  5  6  2  2 13  3  5  8
  9 11  0 12 13 11 10 11  8 13  5  5  5  4  0  0 13  0  0  5  0  6  4 13 13
 13  2 11  2  5  3  7  5  5 11 13  5  5  8 13 10  6 13 13 13  0 11 13  2 13
  2  2  5  2  2  4 10  3 13  5  2  2 11 13  4 10  8  4  1  3 11  5 11  2  8
  2  6  2  5 11  5  2  8  8  5 12  2  0 10  7  2  7  0  7 12 10  8  2  7 11
 11  5  0 13 13  4  4 10  0  2  2 10 10 12 13  0  0  5  4  3  0 11  3 12  0
  2  5  5  4  1  4  8  5 12  2  5  8  5  8  8 11 11 12  0 13  2  2  1 11 11
 10  4 13  3  2  0  5 10  0 10  8  2 13 10 11  2  2  5 11  4  0 11  2  5  5
 11  5  5  3 11 11 11 13  2 10  0  2  4  5 13  1  3  2  2  2  2  8  2  5 12
 10 10  5 13 11  2  0  4  2  0  2  8  5 10  0  5  8  6  0  0  0  2  2 13  5
  5  2  1 11  0  6  8  0  3 11 11  2  5 13 12  0  0  2  5 10  0 13  3 11  2
 13  5  2  0  2 13 10  0  0  2  2  2  5  0  8  2  2  2  5  5  5  2 10 11  0
  5  5  2]
 Dunn Index 24 : 0.113723955771
---------------------------------------------------------------------------------------------------------
chromosome 25 : [  0.00000000e+00  -5.55111512e-17  -1.46797962e-02 ...,   0.00000000e+00
   0.00000000e+00   0.00000000e+00]
 Objectives (Sil) : 0.256098751199
 Objectives (PBM) : 34835.7185618
Cluster size 25 :6
Predicted Label for 25: [4 3 4 2 2 2 4 2 5 4 5 2 2 4 4 4 5 2 4 4 4 4 2 2 2 2 4 2 5 4 2 4 4 5 4 2 2
 3 4 4 3 4 2 5 3 5 2 4 5 5 4 5 4 4 5 4 4 4 2 4 2 4 4 4 4 4 2 4 4 5 4 2 2 4
 4 4 2 2 4 3 2 4 2 5 2 4 4 4 2 4 2 2 5 4 4 4 2 2 2 2 2 2 5 4 4 4 2 2 3 4 3
 3 4 2 2 4 4 2 5 4 4 2 5 4 3 0 4 2 5 2 4 4 4 3 2 2 2 2 2 2 2 2 2 2 2 2 5 2
 2 2 2 4 4 4 2 5 5 4 4 4 2 4 4 3 2 3 5 2 2 2 2 3 2 4 2 4 4 2 4 4 2 5 4 2 4
 4 4 4 2 2 5 3 2 5 5 2 4 4 4 3 4 5 4 4 4 2 4 3 3 4 5 4 2 3 5 4 5 2 5 3 5 3
 4 5 4 4 4 2 2 2 2 2 3 2 4 4 3 3 5 2 2 2 2 2 4 2 4 5 3 2 4 2 2 2 5 2 3 2 5
 4 4 3 4 3 3 3 4 5 2 2 4 4 5 4 3 5 2 2 5 4 2 2 3 2 3 3 4 2 5 4 4 4 2 3 2 2
 4 4 4 4 4 2 4 5 4 4 4 2 4 3 4 4 2 4 2 5 4 4 4 4 4 3 4 2 5 5 5 4 2 4 4 2 2
 4 2 4 3 4 3 2 4 3 5 2 2 2 4 4 2 2 4 4 5 4 2 5 3 2 5 3 4 4 4 2 5 2 2 4 4 3
 2 2 5 4 4 2 4 4 2 4 2 3 2 2 4 4 4 2 2 3 4 4 4 4 4 4 4 5 3 2 4 2 4]
 Dunn Index 25 : 0.11060365785
---------------------------------------------------------------------------------------------------------
chromosome 26 : [ 0.4516129   0.09677419  0.         ...,  0.          0.          0.        ]
 Objectives (Sil) : 0.14138386643
 Objectives (PBM) : 3569.95727818
Cluster size 26 :17
Predicted Label for 26: [ 2  2 12  5  5  6 12  5  8 15 13  1  5 12  9  1 10  5  2  6  1  9  6  0  5
  1  6  5  8 15  1 12 12 10  9  0  5 16  9  9 14 15  5 11  2 11  1  1 10  8
  1  3 10 15  9 12 15 15  5  6  5  6  6  2 15 12  1 15  6 10 12  1  6 12 12
  1  5  1  9 14  6  9  4  8  1  9 15  6  0 15  0  1  8 12 15 12  1  6  6  5
  5  1  7  2  6 12  6  5  0  9 14  2 15  1  4 15  9  6 11 15 12  5 10  6 16
  4 15  1  8  5 15  9 15 14  5  6  6  6  4  1  1  5  0  5  6  5  3  4  5  5
  5 15  1 12  6 10 10  6 12  1  5  6 12 14  5  2  7  5  5  5  5  2  5 15  5
 12 15  6 12 15  4  3 12  5  6 15 15  1  5  4  8 14  4  7 10  1 15 15 15 16
 15  8 15  6  1  6  9 16 16  6 13 12  0  2 10 12  7  1 10 14  8 14 12 11 15
 15  6  5  5  5  4  4 16  0 12 12  2 16 13  5  1  1  6  4 12  0 15 10  9  5
 15  6  6  4  7  4 14  6  9 12  6  2  6 16 16  2  1 13  1  5  9 15  3  1  2
  9  4  5 10 12  1  6  9  5  2  2 12  5  9 15 15  9  6  2  4  1  1 15  6  6
 15  6  6  9 15 15 15  5 12 16 15 12  4 15  5  3 12 12 12 15 15 16 15  6 13
  8  9  6  6  2 15  0  4  9  1 15 14  6  8  1 12 16  7  5  5  0 12 12  5  6
  6 12  3  2  1 11 14  1  9  2  1 12  6  5  9  0  5  9  6  9  1  5 10 15 12
  5  6 12  1 15  5  3  1  1 15 12 15  6  1 14 15 12 15  1  6  6 12  8  2  5
  6  6 12]
 Dunn Index 26 : 0.0925863466759
---------------------------------------------------------------------------------------------------------
chromosome 27 : [  5.61665075e-01   1.60427616e-03  -3.46944695e-18 ...,   0.00000000e+00
   0.00000000e+00   0.00000000e+00]
 Objectives (Sil) : 0.179883035769
 Objectives (PBM) : 21217.9487693
Cluster size 27 :10
Predicted Label for 27: [5 0 1 3 4 3 1 4 9 5 2 3 4 1 5 3 2 4 5 1 5 5 3 4 4 3 1 4 2 1 3 1 1 2 5 3 4
 0 5 5 7 5 3 9 0 9 3 3 2 9 3 8 2 3 5 1 5 5 4 3 3 3 3 5 1 1 3 1 1 2 1 3 3 1
 5 3 4 3 5 0 3 5 4 9 3 5 3 3 4 1 4 3 9 1 5 1 3 3 3 3 4 3 2 5 1 1 3 4 0 5 7
 9 1 3 4 3 5 3 8 5 1 4 2 1 0 6 5 3 9 4 5 5 5 0 4 3 3 3 4 3 3 3 4 3 3 4 8 4
 4 4 4 1 3 1 3 2 2 1 1 3 4 3 1 7 4 9 8 4 3 3 3 0 4 5 3 1 3 3 1 3 4 9 1 4 1
 5 1 3 4 4 9 0 4 8 2 3 3 5 5 0 5 8 3 3 3 3 5 0 7 3 2 1 4 9 2 1 2 3 2 0 9 0
 1 2 5 5 3 4 4 4 4 4 9 3 1 1 9 9 2 4 3 3 3 4 1 3 5 2 5 4 1 3 3 4 8 4 0 3 2
 1 1 0 3 0 0 5 3 2 3 4 5 1 8 3 0 9 4 4 2 1 3 3 9 4 9 0 1 4 9 3 5 5 3 5 4 3
 3 5 1 3 5 3 1 2 3 5 5 4 1 9 3 1 4 3 3 8 1 1 1 5 3 0 1 3 2 9 9 1 3 5 5 4 4
 5 3 3 7 3 9 3 1 0 8 4 4 4 1 1 3 3 1 1 8 5 3 8 7 3 2 5 5 1 1 4 2 3 4 5 3 9
 3 3 2 3 1 4 3 1 3 1 4 7 3 3 3 1 1 3 3 7 1 1 5 3 3 3 1 9 5 3 3 3 1]
 Dunn Index 27 : 0.122091372491
---------------------------------------------------------------------------------------------------------
chromosome 28 : [ 0.50632184  0.1433908   0.01111111 ...,  0.          0.          0.        ]
 Objectives (Sil) : 0.172553231567
 Objectives (PBM) : 17807.5043679
Cluster size 28 :11
Predicted Label for 28: [ 0  4  1  2  3  2  1  3  7  0 10  2  2  1  0  0 10  3  0  1  0  0  2  3  3
  2  1  3 10  0  2  1  0 10  0  2  3  4  0  0 10  0  2  7  4  7  2  0 10  7
  2  9 10  0  0  1  0  0  3  1  2  1  2  0  1  1  2  0  1 10  1  2  2  1  0
  2  3  2  0  4  2  0  3  7  2  0  1  1  3  1  3  2  7  1  0  1  2  2  2  2
  3  2 10  0  1  1  2  3  4  0  5  7  1  2  3  2  0  2  6  0  1  3 10  1  4
  8  0  2  7  3  0  7  0  4  3  2  2  2  3  2  2  2  3  2  2  3  9  3  3  3
  3  0  2  1  1 10 10  1  1  0  3  1  1  5  3  7  6  3  2  2  2  4  3  0  2
  1  0  1  1  0  3  9 10  3  1  0  1  2  3  3  7  4  3  6 10  2  2  0  0  4
  0  7  1  1  2  1  0  4  4  1 10  1  2  7 10  1  6  2 10  4  7  4  1 10  0
  0  1  3  3  3  3  3  9  2  1  1  7  7 10  3  2  2  2  3  1  2  0 10  0  2
  1  1  2  3  6  3  4  2 10  1  1  4  1  4  4  0  2 10  2  3  0  1  9  2  4
  7  3  3 10  1  2  2  7  2  7  4  1  3  7  0  0  0  2  4  3  2  2  0  1  1
  0  2  1 10  0  0  0  3  1  7  2  1  3  1  2  9  1  1  1  0  1  4  1  1 10
  7  7  1  3  0  0  2  3  0  2  0  5  1  7  2  1  4  6  2  2  2  1  1  2  2
  1  1  9  0  2  6  5  2 10  0  0  0  1  3 10  2  3  0  1  7  2  2 10  2  1
  3  1  1  2  0  3  9  2  2  0  1  1  1  2  5  1  1  0  2  1  1  1  7  0  2
  1  2  1]
 Dunn Index 28 : 0.123926862644
---------------------------------------------------------------------------------------------------------
chromosome 29 : [  7.22222222e-01   5.55555556e-02   1.73472348e-18 ...,   0.00000000e+00
   0.00000000e+00   0.00000000e+00]
 Objectives (Sil) : 0.177858765291
 Objectives (PBM) : 11937.6569021
Cluster size 29 :14
Predicted Label for 29: [ 5 11 13  0  3  0  6  3  2  6  7  4  3  6  8  4 13  3  8  6  4  8  0  3  3
  4  6  3  7  6  4  6 13 13  8  4  3 11  8  8  7  8  0 10 11  1  4  4 13  7
  4  1 13  4  8  6  4  6  3  6  0  0  4  4  6  6  4  6  6 13  6  4  0  6  8
  4  0  4  8 11  0  8  3  2  4  8  6  0  3  6  3  4  2  6  4  6  4  0  0  0
  3  4  9  8  0  6  0  3  4  8 11  5  6  0  3  4  8  0 10  8  6  0 13  0  5
 12  8  4  7  3  8  8  8 11  0  0  0  0  3  4  4  0  3  0  0  3  2  3  3  3
  3  8  4  6  0 13  9  6  6  4  3  6  6 11  3  5 10  3  0  0  3 11  0  8  0
  6  6  0  6  6  3  1 13  3  6  8  6  4  3  3  2 11  3 10 13  4  4  4  8 11
  8  2  6  6  4  0  8 11 11  0  7  6  3  5 13  6  9  4  9  7  2 11  6 10  8
  4  0  3  3  3  3  3  2  4  6  6  5  5  7  3  4  4  0  3 13  4  8 13  8  3
  6  0  0  3 10  3 11  0  7  6  6 11  0 11 11  5  4  7  4  3  8  6  1  4 11
  8  3  3 13  6  4  0  8  3  5 11  6  3  8  4  6  8  0  5  3  4  4  8  6  0
  4  0  6  8  4  6  8  3  6  2  4  6  3  6  0  1 13  6  6  8  6 11  6  0  7
  2  5  6  0  4  8  4  3  8  4  6 11  0  2  4  6 11 10  3  3  4  6  6  0  0
  0  6  1  4  4 10 11  4  8  5  4  6  0  3  7  4  3  8  6  8  4  0 13  4  6
  3  6  6  4  6  3  2  4  4  4  6  6  0  4 11  6  6  6  4  0  0  6  7  5  0
  6  0  6]
 Dunn Index 29 : 0.117530446256
---------------------------------------------------------------------------------------------------------
chromosome 30 : [ 0.23561382  0.06773841  0.01111111 ...,  0.          0.          0.        ]
 Objectives (Sil) : 0.195534415157
 Objectives (PBM) : 27283.5298559
Cluster size 30 :8
Predicted Label for 30: [4 0 6 2 2 1 3 2 4 3 5 1 2 6 4 1 6 2 4 3 1 4 3 2 2 1 3 2 6 3 1 3 6 6 4 1 2
 0 4 6 0 4 2 5 0 5 1 1 6 5 1 5 6 1 4 3 1 3 2 3 2 3 3 1 3 3 1 3 3 6 3 1 2 3
 4 1 2 1 4 0 1 4 2 5 1 4 3 3 2 3 2 1 5 3 1 3 1 1 3 2 2 1 6 4 3 3 2 2 1 4 0
 4 3 1 2 1 4 2 5 4 3 2 6 3 0 7 4 1 5 2 4 4 4 0 2 3 3 3 2 1 1 2 2 2 3 2 5 2
 2 2 2 3 1 3 3 6 6 3 3 1 2 3 3 0 2 4 5 2 2 2 2 0 2 4 2 3 3 3 3 3 2 5 6 2 3
 4 3 1 2 2 5 0 2 5 6 1 3 1 4 0 4 5 3 3 1 3 4 0 0 3 5 3 2 4 6 3 6 1 6 0 5 0
 3 5 4 1 3 2 2 2 2 2 0 1 3 3 4 0 6 2 1 1 2 2 6 1 4 6 4 2 3 3 3 2 5 2 0 3 6
 3 3 0 3 0 0 4 1 5 1 2 4 3 5 1 0 4 2 2 6 3 1 3 4 2 4 0 3 2 4 1 3 4 1 4 2 1
 1 4 3 3 1 2 3 6 1 3 4 2 3 0 1 3 2 3 2 5 6 3 3 4 3 0 3 3 5 5 4 3 2 1 4 1 2
 4 1 3 0 3 5 1 3 0 5 2 2 1 3 3 2 3 3 3 5 1 1 5 0 1 6 4 1 4 3 2 6 1 2 4 3 4
 1 2 6 1 3 2 3 3 1 3 2 5 1 1 1 3 3 3 1 0 3 3 3 1 3 3 3 5 4 2 3 3 3]
 Dunn Index 30 : 0.117530446256
---------------------------------------------------------------------------------------------------------
chromosome 31 : [  4.61538462e-01  -5.55111512e-17   1.73472348e-18 ...,   0.00000000e+00
   0.00000000e+00   0.00000000e+00]
 Objectives (Sil) : 0.143772090312
 Objectives (PBM) : 9465.80180399
Cluster size 31 :18
Predicted Label for 31: [11  2  5  3 14  3  9 14 11 15  6 12 14  9  8  1  5 10 15  9 12  8  3 14 10
 12 13 14  8  9 12  9  9  5 15  0 14  2 15  8  8 15  3  6  2  6 12 12  5  6
 12  7  5 15  8  9 15 15 10  1  3 13  1  1  9 13 12  9 13  6  9 12  3  9  1
  1  3 12  8  2  1  8 10 11 14 15  1  3  0  9 14 14 11  9 15  9 12  1 13  3
 14 12  6 15 13  9  3 14  2  8 17 11  9  1 10 15  8  3  7 15  9  3  5 13 11
 16 15 12  6  3 15  8 15  2  3 13  3 13 10 12 12  3  0  3  3 14  7 10 10  3
  3  9  1  9 13  5  6 13  1  1 14  1  9  4  3 11  7 10  3  3 14  2  3 15  3
  9 15 13  9 15 10 11  5 10  1 15  9 12 10  0 11  4 10  7  5  1  1 15 15  2
 15  7 15  1  1 13  8  4  4 13  6  9 14 11  6  9  6 12  6  8 11  2  9  6 15
  1 13 14 14  3 10 10  4 12  9  9 11 11  8 10 12 12  3 10  5  0 15  6  8 14
  9 13 13 10  7 10  2 13  8  9  1  8 13  4  2 11  1  6 12 10 15  9  7  1  2
 11 10  3  5  9 12  3  8 14 11  2  9 10 11 15 15 15  3 11 10 12  1 15 13 13
 15 13 13  8 15  1 15 10  9 11 15  1 10  1  3  7  5  9  9 15 15  2  9 13  6
 11 11 13 13  1 15  0 10  8 14 15  4 13  4 12  1  2  7 14 14 14  9  9  3  3
 13  9  7 12 12  6  4 12  8 11 12  8 13 14  8 12 14  8  1  8 12  3  5  1  9
 14 13  9 12  9 10  4 12 14 15  9  9 13 12  4  9  9 15 12 13 13  9  8 11  3
  1  3  1]
 Dunn Index 31 : 0.152379357629
---------------------------------------------------------------------------------------------------------
chromosome 32 : [ 0.56482599  0.03163301  0.00265957 ...,  0.          0.          0.        ]
 Objectives (Sil) : 0.177876937963
 Objectives (PBM) : 6948.03806063
Cluster size 32 :10
Predicted Label for 32: [4 4 5 3 3 3 5 3 9 0 2 4 3 5 0 4 7 8 0 5 4 0 3 8 8 4 5 8 2 0 4 5 0 7 0 4 3
 6 0 5 2 0 3 9 4 9 3 4 7 2 4 1 7 0 0 5 0 0 8 5 3 3 3 4 5 5 4 0 5 7 5 4 3 5
 5 4 3 4 0 6 3 2 8 9 3 0 5 3 8 0 8 3 9 5 0 5 3 3 3 3 8 4 7 0 5 5 3 8 4 0 6
 9 0 3 8 0 0 3 1 0 5 3 7 3 6 8 0 3 2 3 0 9 0 6 3 3 3 3 8 4 4 3 8 3 3 8 1 8
 8 3 3 0 4 5 3 7 7 5 5 4 3 5 5 6 3 9 1 8 3 3 3 4 3 0 3 5 0 3 5 0 8 9 7 8 5
 0 0 4 8 8 9 6 8 1 7 4 3 0 0 6 0 1 0 5 4 3 0 6 6 3 2 5 8 9 7 5 7 3 7 2 9 6
 5 7 0 4 3 8 3 3 8 8 9 4 5 5 9 9 2 8 4 4 3 8 7 4 0 7 9 3 0 3 3 8 1 8 6 3 2
 5 5 6 3 6 6 9 4 2 3 8 0 5 1 4 4 9 8 3 7 5 4 3 9 3 9 6 5 8 9 4 0 0 3 4 8 4
 4 0 5 3 0 3 5 7 0 5 0 8 5 9 0 5 8 5 3 1 5 5 5 0 0 6 0 3 2 9 9 5 3 4 0 4 8
 0 3 0 6 3 9 4 5 6 1 3 3 4 5 5 3 3 3 5 1 4 4 1 6 3 7 9 4 5 3 3 2 4 8 0 5 9
 3 3 7 4 5 8 3 5 3 0 8 1 4 3 0 5 0 3 4 6 0 5 0 3 3 3 5 9 4 3 5 3 5]
 Dunn Index 32 : 0.0911847561142
---------------------------------------------------------------------------------------------------------
chromosome 33 : [  4.34183994e-01  -5.55111512e-17  -3.46944695e-18 ...,   0.00000000e+00
   0.00000000e+00   0.00000000e+00]
 Objectives (Sil) : 0.196263944393
 Objectives (PBM) : 7877.44408623
Cluster size 33 :6
Predicted Label for 33: [2 0 1 4 4 5 1 4 3 2 3 2 4 1 1 2 1 4 2 5 2 1 5 4 4 2 5 4 3 1 2 1 1 1 1 2 4
 0 1 1 0 2 4 3 0 3 2 2 1 3 2 3 1 2 1 1 2 2 4 5 5 5 5 2 5 5 2 1 5 1 1 2 5 1
 1 2 4 2 1 0 5 1 4 3 2 1 5 5 4 5 4 2 3 5 2 5 2 5 5 5 4 2 3 2 5 5 5 4 2 1 0
 0 5 5 4 2 1 5 3 1 5 4 1 5 0 4 2 2 3 4 2 1 2 0 4 5 5 5 4 2 2 5 4 4 5 4 3 4
 4 4 4 1 2 1 5 1 3 5 5 2 4 5 5 0 4 0 3 4 5 5 4 0 4 2 5 1 2 5 5 2 4 3 1 4 5
 1 5 2 4 4 3 0 4 3 1 2 5 2 1 0 1 3 2 5 2 5 1 0 0 5 3 5 4 0 1 5 3 2 3 0 3 0
 5 3 2 2 5 4 4 4 4 4 0 2 1 1 0 0 3 4 2 2 5 4 1 2 2 1 1 4 5 5 5 4 3 4 0 5 1
 1 5 0 5 0 0 2 2 3 2 4 1 5 3 2 0 1 4 4 1 1 2 5 1 4 0 0 1 4 1 2 1 1 5 0 4 2
 2 1 5 5 2 5 5 1 2 2 2 4 1 0 2 5 4 5 5 3 1 1 1 1 5 0 5 5 3 3 1 5 5 2 2 4 4
 1 4 2 0 5 0 2 5 0 3 4 4 4 5 1 5 5 5 1 3 2 2 3 0 2 1 2 2 1 5 4 1 2 4 1 5 0
 2 5 1 2 1 4 5 5 2 1 4 3 2 2 2 1 1 5 2 0 1 5 2 2 5 5 5 3 2 5 5 5 1]
 Dunn Index 33 : 0.0756850891238
---------------------------------------------------------------------------------------------------------
chromosome 34 : [  4.00000000e-01   2.50000000e-01  -1.73472348e-18 ...,   0.00000000e+00
   0.00000000e+00   0.00000000e+00]
 Objectives (Sil) : 0.148744174406
 Objectives (PBM) : 9699.0833936
Cluster size 34 :17
Predicted Label for 34: [ 2  5 10  4 15  4 10 15  8 11  0  2 15 10 12  2 13  1 11  6  2 12  4 15  1
  2  6 15  0 11  2 10 10 13 11 15 15  5 12 12  9 11  4  8  5  8  2  2 13  0
  2  7 10  2 12 12 11 11  1  6  4  6  6  5  6  6  2 11  6 13 10  2  4 10 12
  2  4  2 12  9  6 12  1  8 15 11  6  4 15 11 15  2  8  6 11  6  2  4  4  4
 15  2 13 12  6 10  4 15  5 12 14  8 11  4  1 11 12  4  7 11  6  4 13  4  8
 16 11  2  0  1 12 12 11  9  4  6  4  4  1  2  2  4 15  4  4 15  3  1  1  1
  1 11  2 10  4 13 13  6  6  5 15  6 10 14  4  8  7  1  4  4 15  5  4 11  4
 12 11  4  6 11  1  3 10  1  6 11 11  2  1 15  3  9  1  7 13  2  6 11 11 14
 11  3  6  6  2  4 12 14 14  6  0  6 15  8 13  6 13  2 13  9  8  9  6 13 11
 12  6 15 15  4  1  1 14  2 10  6  8  8  0  1  2  2  4  1 10  5 11 13 12 15
 11  4  4  1  7  1  9  4 12 10  6  9  4 14  5  8  2  0  2  1 12  6  7  5  5
  8  1  1 13 10 15  4  8 15  8  9 10  1  8  2 11 11  4  5  1  2  5 11  6  6
 11  4  6 13  2  6 11  1 10  8 11  6  1  6  4  3 10 10 10 11 11  5 11  4  0
  8  8  6  4  5 11 15  1 12 15 11 14  6  8  2  6 14  7 15 15 15 10 10  4  4
  4 10  7  2  2  7 14  2 12  8  2 12  4 15  0  2 15 12  6  8  2  4 13  6 10
  1  6 10  2 11  1  3  2  2 11 10 11  4  2 14 11 10 11  2  4  6  6  8 12  4
  6  4 12]
 Dunn Index 34 : 0.149179930242
---------------------------------------------------------------------------------------------------------
chromosome 35 : [  4.16666667e-01   1.20238095e-01  -3.46944695e-18 ...,   0.00000000e+00
   0.00000000e+00   0.00000000e+00]
 Objectives (Sil) : 0.195357086634
 Objectives (PBM) : 18843.5513696
Cluster size 35 :9
Predicted Label for 35: [7 5 3 2 2 1 3 2 6 7 0 7 2 3 6 7 3 2 6 1 7 3 1 2 2 7 1 2 6 3 7 3 3 3 3 7 2
 5 6 3 4 7 2 0 5 0 7 7 3 0 7 0 3 7 6 3 7 7 2 1 1 1 1 7 1 1 7 3 1 0 3 7 1 3
 3 7 2 7 6 5 1 3 2 6 7 6 1 1 2 1 2 7 6 1 7 1 7 1 1 1 2 7 0 7 1 3 1 2 5 3 4
 6 1 1 2 7 3 1 0 3 1 2 3 1 6 8 7 7 0 2 7 6 7 5 2 1 1 1 2 7 7 1 2 2 1 2 0 2
 2 2 2 3 7 3 1 3 0 1 1 7 2 1 1 4 2 6 0 2 2 1 2 5 2 7 2 3 7 1 1 7 2 6 3 2 1
 3 3 7 2 2 6 5 2 0 3 7 1 7 3 5 3 0 7 1 7 1 3 5 4 1 0 1 2 6 3 1 0 7 0 5 6 5
 1 0 7 7 1 2 2 2 2 2 4 7 3 3 6 6 0 2 7 7 1 2 3 7 7 3 6 2 3 1 1 2 0 2 5 1 3
 3 1 5 1 4 5 6 7 0 7 2 3 1 0 7 5 6 2 2 3 3 7 1 6 2 6 5 3 2 6 7 3 3 1 6 2 7
 7 3 1 1 7 1 1 3 7 7 7 2 3 6 7 1 2 1 2 0 3 3 3 6 1 5 1 1 0 6 6 1 1 7 7 2 2
 3 2 7 4 1 4 7 1 5 0 2 2 2 3 3 2 1 1 3 0 7 7 0 4 7 3 6 7 3 1 2 6 7 2 3 1 6
 7 1 3 7 3 2 1 3 7 3 2 4 7 2 7 3 3 1 7 4 3 1 7 7 1 1 1 6 6 2 1 1 3]
 Dunn Index 35 : 0.132678688186
---------------------------------------------------------------------------------------------------------
chromosome 36 : [  7.40740741e-01   2.59259259e-01  -3.46944695e-18 ...,   0.00000000e+00
   0.00000000e+00   0.00000000e+00]
 Objectives (Sil) : 0.160358402451
 Objectives (PBM) : 4927.6353974
Cluster size 36 :13
Predicted Label for 36: [ 0  2  5  1  1  9  5  1 10  4 12  1  1  5  7  0  5  8  7  4  0  7  9  1  8
  0  9  1 12  4  1  4  5  5  7  1  1  2  7  7 12  4  1 10  2 10  1  0  5 12
  0  3  5  4  7  7  4  4  8  9  9  9  0  0  4  9  0  4  9 11  4  0  9  5  7
  0  9  0  7  2  0  7  8 10  1  7  4  9  1  4  1  1 10  4  4  4  1  9  9  9
  1  0 11  7  9  4  9  1  2  7  6 10  4  0  8  4  7  9  3  4  4  9  5  9  2
  8  4  1 12  9  7  7  4  2  9  9  9  9  8  0  0  9  1  1  9  1  3  8  8  1
  1  4  0  5  9  5 11  9  4  0  1  0  5  6  1 10  3  8  1  9  1  2  9  4  1
  7  4  9  4  4  8 10  5  8  9  4  4  0  8  8 10  6  8  3  5  0  4  4  4  2
  4  3  4  0  0  9  7  2  6  9 12  4  1 10 11  4 11  1 11 12 10  2  4 11  4
  0  9  1  1  1  8  8  6  0  5  4 10 10 12  8  0  0  9  8  5  0  4  7  7  1
  4  9  9  8  3  8  2  9 12  4  9  2  9  6  2 10  0 12  0  8  7  4  3  0  2
 10  8  1  5  5  1  9  7  1 10  2  4  8  7  0  4  7  9  2  8  0  0  4  9  9
  4  9  9  7  4  4  4  8  5 10  4  4  8  0  1  3  5  4  5  4  4  2  4  9 12
 10 10  9  9  0  4  1  8  7  1  4  6  9  6  0  4  2  3  1  1  1  4  5  9  9
  9  4  3  0  0  3  6  1  7  7  0  7  9  1 12  1  1  7  9  7  1  9  5  0  4
  1  4  4  1  4  8  6  0  1  4  5  4  9  0  6  4  4  4  4  9  9  4 10  7  1
  0  9  7]
 Dunn Index 36 : 0.0820584822866
---------------------------------------------------------------------------------------------------------
chromosome 37 : [  3.65860056e-01   2.14285714e-01   2.81892565e-18 ...,   0.00000000e+00
   0.00000000e+00   0.00000000e+00]
 Objectives (Sil) : 0.205691551095
 Objectives (PBM) : 25986.0590707
Cluster size 37 :10
Predicted Label for 37: [3 7 6 1 1 9 9 1 5 3 5 1 1 6 3 9 6 1 3 9 3 3 9 1 1 1 9 1 5 9 1 9 6 6 3 1 1
 7 3 6 2 3 1 5 7 5 1 3 6 5 9 4 6 9 3 9 3 9 1 9 1 9 9 3 9 9 1 9 9 6 9 1 1 9
 3 9 1 1 3 7 9 3 1 5 1 3 9 9 1 9 1 1 5 9 3 9 1 9 9 1 1 1 6 3 9 9 1 1 7 3 0
 3 9 1 1 9 3 1 4 3 9 1 6 9 2 8 3 1 5 1 3 3 3 7 1 9 9 9 1 1 1 1 1 1 9 1 4 1
 1 1 1 3 9 9 9 6 6 9 9 7 1 9 9 2 1 3 4 1 1 1 1 7 1 3 1 9 9 9 9 9 1 5 6 1 9
 3 9 9 1 1 5 2 1 4 6 9 9 3 3 7 3 4 9 9 9 9 3 2 2 9 5 9 1 2 6 9 6 1 6 2 5 2
 9 5 3 3 9 1 1 1 1 1 2 1 9 9 2 2 5 1 1 1 1 1 6 1 3 6 3 1 9 9 9 1 4 1 7 9 6
 9 9 7 9 2 7 3 9 5 1 1 3 9 4 7 7 5 1 1 6 9 1 9 3 1 3 7 9 1 3 9 3 3 9 3 1 1
 7 3 9 9 3 1 9 6 9 9 3 1 9 2 9 9 1 9 1 4 6 9 9 3 9 7 9 9 5 5 3 9 1 7 3 1 1
 3 1 9 2 9 2 1 9 7 4 1 1 1 9 9 1 9 9 9 4 3 1 5 2 1 6 3 3 3 9 1 5 1 1 3 9 3
 1 1 6 9 9 1 9 9 1 9 1 2 1 1 9 9 9 9 1 2 9 9 9 9 9 9 9 5 3 1 9 9 9]
 Dunn Index 37 : 0.160516149232
---------------------------------------------------------------------------------------------------------
chromosome 38 : [  4.28571429e-01   0.00000000e+00   1.73472348e-18 ...,   3.14285714e+00
   3.11904762e+00   3.11904762e+00]
 Objectives (Sil) : 0.151313089875
 Objectives (PBM) : 9320.50973096
Cluster size 38 :18
Predicted Label for 38: [14 12 10 15 15  8 10 15  3 16  6  9  2 10 14 16  7 15 14 11 16 10  8 17 17
  9  8  2  6 11  2 11 10 10 10  9  2 12 14 10  6 16  2  3 12  3  2 16  7  3
 16  4  7 16 10 10 16 16 17  8 15  8  8 16 16  8  9 11  8  7 11  9  8 11 10
 16 15  2 10 12  8 10 17  3  2 14 16  8  9 11 17  2  3 11 16 11  2  8  8 15
  2  9  7 16  8 11 15  2 12 10 13 14 11  8 17 16 10  8  3 11 11 15  7  8 14
  0 16  2  6 15 16 10 16 12 15  8  8  8 17  9  9 15  9  2  8  2  4 17 15 15
 15 11 16 11  8  7  7  8 11 16 15  8 11 13 15 14  5 15  2 15  2 12 15 16 15
 10 16  8 11 16 17  3 10 15  8 11 11 16 15 17  3 12 17  5  7  9 16 16 16 12
 16  3 16  8 16  8 10 13 13  8  6 11  2 14  7 11  7  2  7  6  3 12 11  3 16
 16  8  2 15 15 17 17 13  9 11 11 14 14  6 15  9  9  8 17 11  9 16 10 10  2
 11  8  8 17  5 17 12  8 10 11  8 12  8 13 12 14  9  6  2 15 10 11  4  9 12
  3 17 15  7 11  2  8 10  2 14 12 11 15 14 16 16 10  8 14 17  9  9 16  8  8
 16  8  8 10 16 16 16 15 11 13 16 11 17 16  2  4 11 11 11 16 16 12 11  8  6
  3 14  8 15 16 16  9 17 10  2 16 13  8 13  9 11 12  5  2  2  9 11 11 15  8
  8 11  4 16  2  3 13  2 10 14 16 10  8 15  6  9  2 10  8 14  2 15  7 16 11
 15  8 11  2 11 15 13  9  2 16 11 11  8  9 13 11 11 16 16  8  8 11  3 14  2
  8  8 10]
 Dunn Index 38 : 0.129805498702
---------------------------------------------------------------------------------------------------------
chromosome 39 : [ 0.71428571  0.23809524  0.0952381  ...,  0.          0.          0.        ]
 Objectives (Sil) : 0.145758427653
 Objectives (PBM) : 11269.6094112
Cluster size 39 :14
Predicted Label for 39: [11  3  7  0  0  9  7  0  5 11  8  6  0  7  5 11  2 12 11  1 11  7  9  0 12
  6  1  0  8  7 11  1  7  2  7  6  0  3  5  7  8 11  0 10  3  8 11 11  2  8
 11 10  2 11  5  7 11 11 12  1  9  1  1 11  1  1  6  7  1  2  7  6  9  7  7
 11  9  6  7  3  9  7 12  5  0  5  1  9  6  7  0  0  5  1 11  1  6  9  9  9
  0  6  2 11  1  1  9  0  3  7  4  5  1  9 12 11  7  9 10  7  1  9  2  9  5
 13 11  0  8  9 11  5 11  3  9  9  9  9 12  6  6  9  6  0  9  0 10 12 12  0
  0  7 11  7  9  2  2  1  1  3  0  1  1  4  0  5 10 12  0  9  0  3  9 11  0
  7 11  9  1 11 12  5  7 12  1  7  7 11 12 12  5  4 12 10  2  6  1 11 11  4
  7 10 11  1 11  9  7  4  4  1  8  1  6  5  2  1  2  0  2  8  5  4  1  2 11
 11  1  0  0  0 12 12  4  6  7  7  5  5  8 12  6  6  9 12  7  6 11  2  5  0
  7  9  9 12 10 12  3  9  8  1  1  3  9  4  3  5  6  8  0 12  7  1 10  3  3
  5 12  0  2  7  6  9  5  0  5  3  7 12  5 11  7  7  9  5 12  6  3 11  1  1
 11  9  1  2 11  1 11 12  7  5 11  1 12  1  0 10  7  7  7 11 11  3 11  9  8
  5  5  1  9  3 11  6 12  7  6 11  4  9  4  6  1  4 10  0  0  6  7  7  9  9
  9  7 10 11  6 10  4  6  2  5 11  7  9  0  8  6  0  7  1  5  0  9  2  1  7
  0  1  1  0  7 12  4  6  0 11  1  7  9  6  4  7  1 11 11  9  1  1  8  5  0
  1  9  1]
 Dunn Index 39 : 0.139015714719
---------------------------------------------------------------------------------------------------------
chromosome 40 : [  3.33333333e-01   1.66666667e-01   1.73472348e-18 ...,   0.00000000e+00
   0.00000000e+00   0.00000000e+00]
 Objectives (Sil) : 0.160384402211
 Objectives (PBM) : 12433.922164
Cluster size 40 :16
Predicted Label for 40: [11  3  2 13  7 13 14  7  8  1  5 12 12  2 11  9  2  7 11 14 11  6 13  7  7
 12 14  7  6  1 12 14 10  2 10 12 12  3 11  6  6 11 13  8  3 10 12 12  2  8
 12 15  2  9 10 14 11  1  7  9 13 13  9  9  9 14 12  1 14 10  1 12 13  1  9
  9 13 12 10  3  9  6  7  8 12 11  9 13  7  1  7 12  8 14 11 14 12  9 13 13
 12 12  5 11 13 14 13 12  3 10  4  8  1  9  7  1 10 13  5  1 14 13  2 13  4
  0 11 12  8 13 11  8 11  3 13  9 13 13  7 12 12 13  7 12 13  7  8  7  7  7
  7  1  9 14 13  2  5 14  9  9  7  9 14  4 13  8  5  7 13 13 12  3 13 11 13
 14  1 13 14  1  7  8  2  7  9  1  1 12  7  7  8  6  7 15  2  9  9 11 11  3
  1  8  9  9  9 13  1  4  4  9  5 14 12  8 10 14  5 12 10  6  8  6 14  5 11
  9  9  7  7  7  7  7  4 12 14  1  8  8  6  7 12 12 13  7  2 12 11 10  6 12
  1 13 13  7 15  7  6 13  6 14  9  6 13  4  3 11  9  5 12  7 11 14 15  9  3
  8  7  7  2 14 12 13  6 12  8  6  1  7  8  9  1 11 13 11  7 12  9  1 14 13
 11 13 14 10 11  9 11  7 14  8 12  9  7  9 13 15  2  1  1 11  1  3  1 13  5
  8  8 14 13  9 11 12  7 10 12  9  4 13  8 12 14  3  5 12 12 12  1 14 13 13
 13  1 15 11 12  5  4 12 10 11 11  6 13  7  6 12  7  6  9  6 12 13  2  9 14
  7 14 14 12  1  7  4 12 12 11 14  1 13 12  4  1 14 11  9 13  9 14  8 11 12
  9 13  9]
 Dunn Index 40 : 0.125874037938
---------------------------------------------------------------------------------------------------------
chromosome 41 : [ 0.67455837  0.2144258   0.11406092 ...,  0.          0.          0.        ]
 Objectives (Sil) : 0.243769072933
 Objectives (PBM) : 9467.93192164
Cluster size 41 :5
Predicted Label for 41: [4 3 0 1 1 1 0 1 4 0 2 1 1 0 4 0 2 1 4 0 0 0 1 1 1 1 0 1 2 0 1 0 0 2 0 1 1
 3 4 0 3 0 1 2 3 2 1 0 2 2 0 2 0 0 4 0 0 0 1 0 1 0 0 0 0 0 1 0 0 2 0 1 1 0
 0 0 1 1 4 3 1 0 1 4 1 4 0 0 1 0 1 1 4 0 0 0 1 1 1 1 1 1 2 0 0 0 1 1 3 0 3
 4 0 1 1 0 4 1 2 0 0 1 2 0 3 1 0 1 2 1 0 4 0 3 1 1 1 1 1 1 1 1 1 1 1 1 4 1
 1 1 1 0 0 0 1 2 2 0 0 0 1 0 0 3 1 4 2 1 1 1 1 3 1 0 1 0 0 1 0 0 1 4 0 1 0
 0 0 0 1 1 4 3 1 2 2 1 0 0 0 3 0 4 0 0 0 0 0 3 3 0 2 0 1 4 2 0 2 1 2 3 4 3
 0 2 0 0 0 1 1 1 1 1 4 1 0 0 4 4 2 1 1 1 1 1 0 1 0 2 4 1 0 1 1 1 2 1 3 1 2
 0 0 3 0 3 3 4 0 2 1 1 0 0 2 0 3 4 1 1 2 0 1 1 4 1 4 3 0 1 4 0 0 0 1 4 1 1
 0 0 0 0 0 1 0 2 0 0 0 1 0 4 0 0 1 0 1 2 0 0 0 0 0 3 0 0 2 4 4 0 1 0 0 1 1
 0 1 0 3 0 4 1 0 3 2 1 1 1 0 0 1 1 0 0 2 0 1 2 3 1 2 4 0 0 0 1 2 1 1 0 0 4
 1 1 2 0 0 1 0 0 1 0 1 4 1 1 0 0 0 0 1 3 0 0 0 0 0 0 0 4 4 1 0 1 0]
 Dunn Index 41 : 0.0811186055507
---------------------------------------------------------------------------------------------------------
chromosome 42 : [ 0.39850231  0.13662459  0.0099734  ...,  0.          0.          0.        ]
 Objectives (Sil) : 0.23734355624
 Objectives (PBM) : 35107.8614352
Cluster size 42 :6
Predicted Label for 42: [1 1 5 3 3 3 5 3 2 5 2 3 3 5 1 5 2 3 1 5 5 1 3 3 3 3 5 3 2 5 3 5 5 2 5 3 3
 1 1 5 0 5 3 2 1 2 3 5 2 2 5 2 5 5 2 5 5 5 3 5 3 5 5 1 5 5 3 5 5 2 5 3 3 5
 5 5 3 3 2 1 3 1 3 2 3 2 5 5 3 5 3 3 2 5 5 5 3 3 3 3 3 3 2 1 5 5 3 3 1 5 0
 1 5 3 3 5 5 3 2 5 5 3 2 5 1 4 5 3 2 3 5 2 5 1 3 3 3 3 4 3 3 3 3 3 3 3 2 3
 3 3 3 5 5 5 3 2 2 5 5 1 3 5 5 0 3 1 2 3 3 3 3 1 3 5 3 5 5 3 5 5 3 2 5 3 5
 5 5 5 3 3 2 0 3 2 2 3 5 5 5 1 5 2 5 5 5 5 5 0 0 5 2 5 3 1 2 5 2 3 2 1 2 0
 5 2 5 5 5 3 3 3 3 3 0 3 5 5 1 1 2 3 3 3 3 3 5 3 5 2 1 3 5 3 3 3 2 3 1 3 2
 5 5 1 5 0 1 1 5 2 3 3 5 5 2 1 1 2 3 3 2 5 3 3 1 3 1 1 5 3 2 5 5 5 3 1 3 3
 1 5 5 5 5 3 5 2 5 5 5 3 5 0 5 5 3 5 3 2 5 5 5 5 5 1 5 5 2 2 2 5 3 1 5 3 3
 5 3 5 0 5 0 3 5 0 2 3 3 3 5 5 3 3 5 5 2 1 3 2 0 3 2 1 1 5 5 3 2 3 3 5 5 1
 3 3 2 5 5 3 5 5 3 5 3 0 3 3 5 5 5 5 3 0 5 5 5 5 5 5 5 2 1 3 5 3 5]
 Dunn Index 42 : 0.150321667846
---------------------------------------------------------------------------------------------------------
chromosome 43 : [ 0.3614082   0.11420932  0.02591036 ...,  0.          0.          0.        ]
 Objectives (Sil) : 0.156458153496
 Objectives (PBM) : 24066.9813084
Cluster size 43 :10
Predicted Label for 43: [8 8 6 3 0 3 6 0 5 4 9 8 0 6 5 8 6 2 5 4 8 5 3 0 2 8 3 0 9 4 0 4 6 6 5 8 0
 1 5 6 1 5 0 9 8 9 0 8 6 9 8 9 6 4 5 6 8 4 2 4 3 4 4 8 4 4 8 4 4 6 4 8 3 6
 5 8 3 8 5 1 3 5 2 9 0 5 4 4 0 4 0 0 9 4 8 4 0 3 3 3 0 8 9 5 3 4 3 0 8 5 1
 5 4 3 2 4 5 3 9 5 4 3 6 3 1 7 5 0 9 3 5 5 5 1 3 3 3 3 2 8 8 3 0 0 3 0 9 2
 2 0 0 4 8 6 3 6 6 4 4 8 0 4 4 1 3 5 9 2 3 3 0 8 3 5 3 6 4 3 4 4 2 9 6 2 4
 5 4 8 2 2 9 1 2 9 6 8 4 8 5 1 5 9 4 4 8 3 5 1 1 3 9 4 0 5 6 4 9 0 9 1 9 1
 4 9 5 8 4 0 0 0 2 2 1 8 6 4 1 1 9 2 8 8 3 2 6 8 5 6 5 0 4 3 3 2 9 2 1 3 6
 4 4 1 3 1 1 5 8 9 0 2 5 4 9 8 8 5 2 0 6 6 0 3 5 0 5 1 6 2 5 8 4 5 3 5 2 0
 8 5 4 4 8 3 4 6 4 4 5 2 6 1 4 4 2 4 0 9 6 6 6 5 4 1 4 3 9 5 5 4 3 8 5 0 2
 5 0 4 1 3 1 8 4 1 9 0 0 0 4 6 3 3 3 4 9 8 8 9 1 0 6 5 8 6 3 0 5 8 0 5 4 5
 0 3 6 4 4 2 4 4 0 4 2 1 8 0 4 6 4 3 8 1 4 4 4 4 3 4 4 9 5 0 4 3 6]
 Dunn Index 43 : 0.118453513028
---------------------------------------------------------------------------------------------------------
chromosome 44 : [ 0.68627451  0.15686275  0.01960784 ...,  0.          0.          0.        ]
 Objectives (Sil) : 0.172297584081
 Objectives (PBM) : 14626.9918044
Cluster size 44 :12
Predicted Label for 44: [ 7  4  2  9  8  9  2  8  7  3  6  8  8  2  7  3  2 10  7  9  3  2  9  8 10
  8  9  8  6  2  8  2  2  2  2  8  8  4  7  2  6  3  8  5  4  5  3  3  2  5
  3  1  2  3  7  2  3  3 10  9  9  9  9  3  3  9  8  2  9  5  2  8  9  2  2
  3  9  8  7  4  9  2 10  7  8  7  3  9  8  2  8  8  1  2  3  2  8  9  9  9
  8  3  5  7  9  2  9  8  4  2  0  7  3  9 10  3  2  9  5  2  2  9  2  9  7
 11  3  8  6 10  3  7  3  4  9  9  9  9 10  8  8  9  8  8  9  8  1 10 10 10
 10  2  3  2  9  2  5  9  2  3  8  9  2  0  9  7  5 10  9  9  8  4  9  3  9
  2  3  9  2  3 10  1  2 10  9  2  3  3 10 10  1  6 10  5  2  3  3  3  3  4
  3  1  3  3  3  9  2  4  7  9  5  2  8  7  2  2  5  8  5  6  1  6  2  5  3
  3  9  8  8  8 10 10  1  8  2  2  7  7  6 10  8  8  9 10  2  8  3  5  7  8
  2  9  9 10  5 10  4  9  6  2  9  4  9  4  4  7  3  5  8 10  2  3  5  3  4
  7 10 10  5  2  8  9  7  8  7  4  2 10  7  3  3  2  9  7 10  8  3  3  9  9
  3  9  9  2  3  3  3 10  2  1  3  2 10  3  8  1  2  2  2  7  3  4  3  9  5
  7  7  9  9  3  3  8 10  2  8  3  6  9  6  8  2  4  5  8  8  8  2  2  9  9
  9  2  5  3  8  5  0  8  2  7  3  2  9  8  6  8  8  2  9  7  8  9  5  3  2
 10  9  2  8  3 10  1  8  8  3  2  2  9  8  6  2  2  3  3  9  9  2  5  7  8
  9  9  2]
 Dunn Index 44 : 0.15971914125
---------------------------------------------------------------------------------------------------------
chromosome 45 : [ 0.5         0.14285714  0.07142857 ...,  0.          0.          0.        ]
 Objectives (Sil) : 0.155410318134
 Objectives (PBM) : 13983.8284783
Cluster size 45 :12
Predicted Label for 45: [ 1  5  0  3  3  6  0  3  8  4  9  2  2  0  4  1  0  3  4  6  1  4  6 10 10
  2  6  2  9  4  2  0  0  0  4  2  2  5  4  0  9  4  3  8  5  8  2  1  0  9
  2  7  0  1  4  0  4  4 10  6  3  6  6  1  6  6  2  4  6  9  0  2  3  0  1
  1  3  2  4  5  6  0 10  8  2  4  6  6 10  4 10  2  8  6  4  6  2  6  3  3
  2  1  9  1  6  6  3  2  1  0  5  8  4  2 10  4  4  3  7  4  6  3  0  6  5
 11  4  2  9  3  1  8  4  5  3  6  3  6 10  2  2  3 10  2  3 10  7 10  3  3
  3  4  1  0  6  0  9  6  6  1  3  6  6  5  3  8  7  3  3  3  2  5  3  4  3
  0  4  6  6  4 10  8  0 10  6  4  4  1 10 10  8  5 10  7  0  1  6  4  4  5
  4  7  6  6  1  6  4  5  5  6  9  6  2  8  0  6  9  2  9  5  8  5  6  9  4
  1  6 10  3  3 10 10  8  2  0  4  8  8  9  3  2  2  3 10  0  2  4  0  8  2
  4  6  6 10  7 10  5  6  0  0  6  5  6  5  5  1  1  9  2 10  4  6  7  1  5
  8 10  3  0  0  2  6  8  2  8  5  0  3  8  1  4  4  6  1 10  2  1  4  6  6
  1  3  6  0  1  1  4 10  0  8  2  6 10  6  3  7  0  0  0  4  6  5  4  6  9
  8  8  6  3  1  4  2 10  4  2  1  5  6  8  2  6  5  7  2  2  2  6  0  3  3
  6  4  7  1  2  7  5  2  0  1  1  0  6  3  9  2 10  4  6  8  2  3  0  1  6
 10  6  6  2  4  3  7  2  2  4  0  4  6  2  5  4  6  4  6  6  6  6  8  1  2
  6  3  0]
 Dunn Index 45 : 0.108514341535
---------------------------------------------------------------------------------------------------------
chromosome 46 : [ 0.74761905  0.2797619   0.0952381  ...,  0.          0.          0.        ]
 Objectives (Sil) : 0.151570889909
 Objectives (PBM) : 18751.6833074
Cluster size 46 :10
Predicted Label for 46: [1 1 7 0 0 0 7 0 2 6 2 8 8 7 1 6 7 9 1 3 6 7 0 8 9 8 3 8 2 7 8 7 7 7 7 8 8
 5 1 7 5 6 0 2 1 2 6 6 7 2 6 2 7 6 7 7 6 6 9 3 0 3 3 6 3 3 8 7 3 2 7 8 0 7
 7 6 0 6 7 5 0 7 9 2 8 7 3 3 8 3 8 0 2 3 6 3 8 0 0 0 8 6 2 1 3 3 0 8 8 7 5
 1 3 0 9 6 7 0 2 7 3 0 7 3 1 4 6 0 2 0 6 7 6 5 0 0 0 0 9 8 8 0 8 0 0 8 2 9
 9 0 0 7 6 7 0 7 2 3 3 6 0 3 3 5 0 1 2 9 0 0 0 1 0 6 0 7 6 0 3 6 9 2 7 9 3
 7 3 6 9 8 2 5 9 2 7 6 6 6 6 5 6 2 6 3 6 3 7 5 5 3 2 3 8 1 7 3 2 6 2 5 2 5
 3 2 6 6 3 8 0 0 9 9 5 8 7 3 1 1 2 9 8 8 0 9 7 8 6 2 1 8 3 0 0 9 2 9 5 0 7
 3 3 1 3 5 5 1 6 2 6 9 7 3 2 6 1 1 9 0 7 7 8 0 1 0 1 1 7 9 1 6 6 7 0 1 9 8
 6 6 3 3 6 0 3 7 6 6 6 9 7 1 6 3 9 3 0 2 7 7 7 6 6 1 3 3 2 2 1 3 0 6 6 8 9
 7 8 6 5 3 5 8 3 5 2 8 0 8 3 7 0 0 3 7 2 6 6 2 5 8 7 1 6 7 3 0 2 8 8 7 3 1
 0 0 7 6 3 9 3 3 8 3 9 5 8 0 6 7 3 3 8 5 7 3 6 6 3 3 3 2 1 0 3 0 7]
 Dunn Index 46 : 0.13115275759
---------------------------------------------------------------------------------------------------------
chromosome 47 : [ 0.82336479  0.31871921  0.00555556 ...,  0.          0.          0.        ]
 Objectives (Sil) : 0.183620454196
 Objectives (PBM) : 45102.5063467
Cluster size 47 :5
Predicted Label for 47: [1 1 2 3 3 1 2 3 4 1 4 3 3 2 2 1 2 3 2 1 1 2 1 3 3 1 1 3 4 2 1 2 2 2 2 3 3
 4 2 2 4 1 3 4 1 4 1 1 2 4 1 4 2 1 2 2 1 1 3 1 3 1 1 1 1 1 1 2 1 2 2 1 1 2
 2 1 3 1 2 4 1 2 3 4 3 2 1 1 3 1 3 1 4 1 1 2 1 1 1 3 3 1 2 1 1 2 3 3 1 2 4
 4 1 1 3 1 2 1 4 2 1 3 2 1 4 0 1 1 4 3 1 2 1 4 3 1 1 1 3 1 1 3 3 3 1 3 4 3
 3 3 3 2 1 2 1 2 2 1 1 1 3 1 2 4 3 4 4 3 3 3 3 1 3 2 3 2 1 1 1 1 3 4 2 3 1
 2 1 1 3 3 4 4 3 4 2 1 1 1 2 4 2 4 1 1 1 1 2 4 4 1 4 1 3 4 2 1 2 1 2 4 4 4
 1 4 1 1 1 3 3 3 3 3 4 1 2 2 4 4 4 3 1 1 1 3 2 3 1 2 4 3 2 1 1 3 4 3 4 1 2
 2 1 4 1 4 4 1 1 4 1 3 2 1 4 1 1 4 3 3 2 2 3 1 4 3 4 4 2 3 2 1 1 2 1 4 3 1
 1 2 1 1 1 1 1 2 1 1 1 3 2 4 1 1 3 1 3 4 2 2 2 2 1 4 1 1 4 4 4 1 3 1 2 3 3
 2 3 1 4 1 4 1 1 4 4 3 3 3 2 2 3 1 1 2 4 1 1 4 4 1 2 4 1 2 1 3 4 3 3 2 1 4
 1 3 2 1 2 3 1 2 1 1 3 4 1 3 1 2 2 1 1 4 2 2 1 1 1 1 1 4 1 3 1 1 2]
 Dunn Index 47 : 0.0889704204585
---------------------------------------------------------------------------------------------------------
chromosome 48 : [ 127.58502722  127.83502786  127.86457933 ...,    0.            0.            0.        ]
 Objectives (Sil) : 0.353132865847
 Objectives (PBM) : 80449.5896881
Cluster size 48 :3
Predicted Label for 48: [2 2 2 1 1 1 2 1 2 1 2 1 1 2 2 1 2 1 2 1 1 2 1 1 1 1 1 1 2 1 1 1 2 2 2 1 1
 2 2 2 2 1 1 2 2 2 1 1 2 2 1 2 2 1 2 2 1 1 1 1 1 1 1 1 1 1 1 1 1 2 2 1 1 1
 2 1 1 1 2 2 1 2 1 2 1 2 1 1 1 1 1 1 2 1 1 1 1 1 1 1 1 1 2 2 1 1 1 1 1 2 2
 2 1 1 1 1 2 1 2 2 1 1 2 1 2 0 2 1 2 1 2 2 1 2 1 1 1 1 1 1 1 1 1 1 1 1 2 1
 1 1 1 2 1 1 1 2 2 1 1 1 1 1 1 2 1 2 2 1 1 1 1 2 1 2 1 2 1 1 1 1 1 2 2 1 1
 2 1 1 1 1 2 2 1 2 2 1 1 1 2 2 2 2 1 1 1 1 2 2 2 1 2 1 1 2 2 1 2 1 2 2 2 2
 1 2 1 1 1 1 1 1 1 1 2 1 1 1 2 2 2 1 1 1 1 1 2 1 1 2 2 1 1 1 1 1 2 1 2 1 2
 1 1 2 1 2 2 2 1 2 1 1 2 1 2 1 2 2 1 1 2 1 1 1 2 1 2 2 2 1 2 1 1 2 1 2 1 1
 1 2 1 1 1 1 1 2 1 1 2 1 2 2 1 1 1 1 1 2 2 2 1 2 1 2 1 1 2 2 2 1 1 1 2 1 1
 2 1 1 2 1 2 1 1 2 2 1 1 1 1 1 1 1 1 1 2 1 1 2 2 1 2 2 1 2 1 1 2 1 1 2 1 2
 1 1 2 1 1 1 1 1 1 1 1 2 1 1 1 1 1 1 1 2 1 1 1 1 1 1 1 2 2 1 1 1 2]
 Dunn Index 48 : 0.0976456184621
---------------------------------------------------------------------------------------------------------
chromosome 49 : [  4.61538462e-01   3.07692308e-01   1.73472348e-18 ...,   0.00000000e+00
   0.00000000e+00   0.00000000e+00]
 Objectives (Sil) : 0.142204737252
 Objectives (PBM) : 7718.47441266
Cluster size 49 :20
Predicted Label for 49: [10 11 16  2 15  2 16 15  3 14 18  1  2 16 10  1 16 15 10 14 10  3  2 15 15
  1 12 15 18 14  2 14 16 16  3  1 15 11 10  3 18 10  2  8 11  0  2 10 16  8
  2  5 16 14  3 16 10 14 15 12 12 12 14 10 14 14  1 14 12  8 14  1 12 16 14
  1 12  2  3 11 12  3  7 17  2  3 14  2  1 14 15  2 17 14 10 14  2  2 12 12
  2  1 19 10 12 14 12  2  1  3  4 17 14  1  7  2  3 12  8 14 14 12 16 12 17
 13 10  2 18 15 10  3 10 11 12 12 12 12  7  1  1  2  1  2 12 15  9 15 15 15
 15 14  1 16 12 16 19 14 14  1 15 14 16  4 15 17  6 15  2 12  2 11 12 10  2
 16 14 12 14 14  7 17 16 15 14 14 14  1 15  7  9 11  7  5 16  1 14 10 10 11
 14  9 14 14  1 12  3 11 17 12 18 14  1 17  3 14 19  2  0 18 17 11 14  8 10
 10 12 15 15 15  7  7 17  1 16 14 17 17 18 15  1  1 12  7 16  1 10  3  3  2
 14 12 12  7  5 15 11 12 18 14 14 11 12  4 11 10  1 18  2 15  3 14  5  1 11
  3  7 15 16 16  2  2  3  2 17 11 16 15  3 10 14 10  2 10  7  1  1 10 12 12
 10 12 12  3 10 14 10 15 16 17  2 14  7 14  2  5 16 16 16 10 14 11 14 12 18
 17 17 12 12 10 10  1  7  3  2 14  4 12 17  1 14 11  6  2  2  1 14 16  2  2
 12 14  5 10  2  8  4  2  3 10 10 16 12 15  3  1 15  3 14  3  2 12 16 14 14
 15 14 14  2 14 15  9  1  2 10 16 14 12  1  4 14 14 14  2 12 12 14  3 10  2
 14 12 16]
 Dunn Index 49 : 0.162140934189
---------------------------------------------------------------------------------------------------------

-------------------------------------------------------------------------------------------------------------

-------------------------------------------------------------------------------------------------------------

 Maximum dunn_index for 9th chromosome : 0.169667804125

 Maximum silhouette score : 0.353132865847

 Maximum pbm index : 80449.5896881
Final label corresponding to max Dunn for 9 chromosome : [ 3 14  9 11 11 11  9 11  4  8  2 12 12  9  3  6  5 13  3  7 12  0 11 13 13
 12  7 13 10  8 12  9  9  5  3 12 12 14  3  0 10  3 11  2 14  2 12 12  5  2
 12  2  9  8  3  0  3  8 13  6 11  7  6  6  8  7 12  8  7  5  9 12 11  9  0
  6 11 12  0 14  6  0 13  4 12  3  6  8 13  8 13 12  4  8  3  7 12  6 11 11
 12 12  5  0  7  9 11 12 14  0  1  4  8  6 13  8  0 11  2  8  7 11  5  7 14
 15  3 12  2 11  0  0  3 14 11  6 11 11 13 12 12 11 13 11 11 13  4 13 13 11
 11  8  6  9  7  5  5  7  6  6 11  6  7  1 11  4  2 13 11 11 12 14 11  3 11
  0  8  7  7  8 13  4  9 13  6  8  8 12 13 13  4 10 13  2  5  6  6  3  3 14
  8  4  8  6  6  7  0 14  4  6  2  8 12  4  5  7  5 12 16 10  4 10  7  2  3
  6  7 13 13 11 13 13  4 12  9  8  4  4 10 13 12 12 11 13  9 12  3  5  0 12
  8 11  7 13  2 13 10 11 10  9  6 10  7 14 14  3  6  2 12 13  0  8  2  6 14
  4 13 11  5  9 12 11 10 11  4 10  9 13  0  6  8  3 11  3 13 12  6  3  7  7
  3 11  7  5  8  6  3 13  9  4  8  6 13  6 11  2  9  9  9  3  8 14  8  7  2
  4  3  7 11  6  3 12 13  3 12  8 10  7  4 12  7 14  2 12 11 12  8  9 11 11
  7  8  2 12 12  2  1 12  0  3  3  0  7 11 10 12 13  0  6 10 12 11  5  6  9
 13  7  9 12  8 13  4 12 12  8  9  8  7 12 10  8  9  8  8 11  6  7  4  3 11
  6 11  0]

 No of clusters detected automatically : 17
 For chromosome : 9