chromosome 0 : [ 0.          8.10195653  8.10195653  0.          0.          0.          0.
  0.          0.          0.          0.          0.          0.          0.
  0.          0.          0.          0.          0.          0.          0.
  0.          0.          0.          0.          0.          0.          0.
  0.          0.          0.          0.          0.          0.          0.
  0.          0.          0.          0.          0.          0.          0.
  0.          0.        ]
 Objectives (Sil) : 0.532086613085
 Objectives (PBM) : 72.6272498261
Cluster size 0 :21
Predicted Label for 0: [ 3  3  3  3  3  3  3  3  3  3  3  3  3  3  3  3  3  3  3  3  3  3  3  3  3
  3  3  3  3  3  3  3  3  3  3  3  3  3  3  3  3  3  3  3  3  3  3  3  3  3
  7  7  7  7  7  7  7  7  7  7  7  7  7  7  7  7  7  7  7  7  7  7  7  7  7
  7  7  7  7  7  7  7  7  7  7  7  7  7  7  7  7  7  7  7  7  7  7  7  7  7
 18 18 13 13 18  5 18 13 17 17 19 19 13 20 13 20 18 13 19 19 20 17 18 19 13
 19 18 15 11 18 17 17 19 19 17 15 18 14 12 13 17 17 15 16 18 18 16 13 18 17
  9  9  9  9  9  9  9  9  9  9  9  9  9  9  9  9  9  9  9  9  9  9  9  9  9
  9  9  9  9  9  9  9  9  9  9  9  9  9  9  9  9  9  9  9  9  9  9  9  9  9
  8  8  8  8  8  8  8  8  8  8  8  8  8  8  8  8  8  8  8  8  8  8  8  8  8
  8  8  8  8  8  8  8  8  8  8  8  8  8  8  8  8  8  8  8  8  8  8  8  8  8
  2  2  2  2  2  2  2  2  2  2  2  2  2  2  2  2  2  2  2  2  0  2  2  2  2
  2  2  2  2  2  2  2  2  2  2  2  2  2  2  2  2  2  2  2  2  0  2  2  2  2
  1  1  1  1  1  1  1  1  1  1  1  1  1  1  1  1  1  1  1  1  1  1  1  1  1
  1  1  1  1  1  1  1  1  1  1  1  1  1  1  1  1  1  1  1  1  1  1  1  1  1
  6  6  6  6  6  6  6  6  6  6  6  6  6  6  6  6  6  6  6  6  6  6  6  6  6
  6  6  6  6  6  6  6  6  6  6  6  6  6  6  6  6  6  6  6  6  6  6  6  6  6
  0  0  0  0  0  0  0  0  0  0  0  0  0  0  0  0  0  0  0  0  0  0  0  0  0
  0  0  0  0  0  0  0  0  0  0  0  0  0  0  0  0  0  0  0  0  0  0  0  0  0
  4  2  4  4  4  4  4  4  4  4  4  4  4  4  4  4  4  4  4  4  4  4  4  4  4
  4  2  4  4  4  4  4  4  4  4  4  4  4  4  2  4  4  4  4  4  4  4  4  4  4]
 ARI Score 0 : 0.927873821829
Minkowski score 0 : 0.353755363412
------------------------------------------------------------------------------------------------------------
chromosome 1 : [-12.3065715    9.34939394 -13.593       -5.84         9.27370555
  -1.01070022   7.70785125   7.21291436  16.19        -2.0477381
  13.34294386  -6.54363636  16.57869565   4.7368857    8.20850877
   3.75807303   9.63663893   1.4122129    0.           0.           0.           0.
   0.           0.           0.           0.           0.           0.           0.
   0.           0.           0.           0.           0.           0.           0.
   0.           0.           0.           0.           0.           0.           0.
   0.        ]
 Objectives (Sil) : 0.512924678803
 Objectives (PBM) : 246.571695637
Cluster size 1 :6
Predicted Label for 1: [4 4 4 4 4 4 4 4 4 4 4 4 4 4 4 4 4 4 4 4 4 4 4 4 4 4 4 4 4 4 4 4 4 4 4 4 4
 4 4 4 4 4 4 4 4 4 4 4 4 4 4 4 4 4 4 4 4 4 4 4 4 4 4 4 4 4 4 4 4 4 4 4 4 4
 4 4 4 4 4 4 4 4 4 4 4 4 4 4 3 4 4 4 4 4 4 4 4 4 4 4 0 0 0 0 0 0 0 0 0 0 0
 0 0 0 0 0 0 0 0 0 0 0 0 0 0 0 0 0 0 0 0 0 0 0 0 0 0 0 0 0 0 0 0 0 0 0 0 0
 0 0 4 0 0 0 0 0 0 0 4 0 0 0 0 0 4 0 0 0 0 0 0 0 0 0 0 0 0 0 0 0 4 0 0 0 0
 0 0 0 0 0 0 4 0 0 0 0 0 4 0 0 2 2 2 2 2 2 2 2 2 2 2 2 2 2 2 2 2 2 2 2 2 2
 2 2 2 2 2 2 2 2 2 2 2 2 2 2 2 2 2 2 2 2 2 2 2 2 2 2 2 2 5 5 5 5 5 5 5 5 5
 5 5 5 5 5 5 5 1 5 5 5 1 5 5 5 5 1 5 5 5 5 5 5 5 5 5 5 1 5 5 1 5 5 5 5 5 1
 5 5 5 5 3 3 3 3 3 3 3 3 3 3 3 3 3 3 3 3 3 3 3 3 3 3 3 3 3 3 3 3 3 3 3 3 3
 3 3 3 3 3 3 3 3 3 3 3 3 3 3 3 3 3 2 2 2 2 2 2 2 2 2 2 2 2 2 2 2 2 2 2 2 2
 2 2 2 2 2 2 2 2 2 2 2 2 2 2 2 2 2 2 2 2 2 2 2 2 2 2 2 2 2 2 1 1 1 1 1 1 1
 1 1 1 1 1 1 1 1 1 1 1 1 1 1 1 1 1 1 1 1 1 1 1 1 1 1 1 1 1 1 1 1 1 1 1 1 1
 1 1 1 1 1 1 5 5 5 5 5 5 5 5 5 5 5 5 5 5 5 5 5 5 5 5 5 5 5 5 5 5 5 5 5 5 5
 5 5 5 5 5 5 5 5 5 5 5 5 5 5 5 5 5 5 5]
 ARI Score 1 : 0.636455931391
Minkowski score 1 : 0.942034272959
------------------------------------------------------------------------------------------------------------
chromosome 2 : [-14.15849034   7.22896525 -10.27390209  -1.4132366    5.07053995
   8.98457607  11.39500926   9.932        4.35411423   1.02338994
 -11.50325195  -6.79875     16.57869565   7.65105334   0.           0.           0.
   0.           0.           0.           0.           0.           0.           0.
   0.           0.           0.           0.           0.           0.           0.
   0.           0.           0.           0.           0.           0.           0.
   0.           0.           0.           0.           0.           0.        ]
 Objectives (Sil) : 0.526612985481
 Objectives (PBM) : 306.011798878
Cluster size 2 :12
Predicted Label for 2: [ 7  7  7  7  7  7  7  7  7  7  7  7  7  7  7  7  7  7  7  7  7  7  7  7  7
  7  7  7  7  7  7  7  7  7  7  7  7  7  7  7  7  7  7  7  7  7  7  7  7  7
  2  2  2  2  2  2  2  2  2  2  2  2  2  2  2  2  2  2  2  2  2  2  2  2  2
  2  2  2  2  2  2  2  2  2  2  2  2  2  2  2  2  2  2  2  2  2  2  2  2  2
  5  5  5  5  5  5  5  5  5  5  5  5  5  5  5  5  5  5  5  5  5  5  5  5  5
  5  5  5  5  5  5  5  5  5  5  5  5  5  5  5  5  5  5  5  5  5  5  5  5  5
  4  4  8  8  8  8  4  8  4  8  8  8  8  4  8  4  8  8  4  8  8  4  4  8  8
  8  8  4  4  8  8  4  8  4  8  4  8  8  8  8  8  4  4  4  8  4  8  4  4  4
 11 11 11 11 11 11 11 11 11 11 11 11 11 11 11 11 11 11 11 11 11 11 11 11 11
 11 11 11 11 11 11 11 11 11 11 11 11 11 11 11 11 11 11 11 11 11 11 11 11 11
  1  1  1  1  1  1  1  1  1  1  1  1  1  1  1  1  1  1  1  1  0  1  1  1  1
  0  1  1  1  1  1  1  1  1  1  1  0  1  1  0  1  1  1  1  1  0  1  1  1  1
  3  3  3  3  3  3  3  3  3  3  3  3  3  3  3  3  3  3  3  3  3  3  3  3  3
  3  3  3  3  3  3  3  3  3  3  3  3  3  3  3  3  3  3  3  3  3  3  3  3  3
  6  6  6  6  6  6  6  6  6  6  6  6  6  6  6  6  6  6  6  6  6  6  6  6  6
  6  6  6  6  6  6  6  6  6  6  6  6  6  6  6  6  6  6  6  6  6  6  6  6  6
  9  9  9  9  9  0  9  9  9  0  0  9  9  9  9  9  0  0  9  9  0  9  9  9  0
  0  0  0  9  0  0  0  9  0  9  9  9  9  9  9  0  9  0  0  0  9  0  0  9  0
 10  1 10 10 10 10 10 10 10 10 10 10 10 10 10 10 10 10 10 10 10 10 10 10 10
 10  1 10 10 10 10 10 10 10 10 10 10 10 10  1 10 10 10 10 10 10 10 10 10 10]
 ARI Score 2 : 0.913201302759
Minkowski score 2 : 0.385872983226
------------------------------------------------------------------------------------------------------------
chromosome 3 : [ -9.76065273   5.12233886  -1.52517171  -5.84         7.39014645
   5.96508375 -14.66508475  -0.98092857   6.29212691   0.2383823
  -4.72658849  -1.4453115   16.57869565   6.06714834 -15.01086543  -4.655
  -4.70609127  -5.37       -16.18        -5.64581633  11.80544643
   3.23348214 -11.53536967   0.          -0.97146635  -4.56987981
  13.32823529   9.7806     -11.06685714  -7.08411765  -0.23691176
   0.26779412  10.29672414   2.10801724  -4.7025      -2.44014706   0.           0.
   0.           0.           0.           0.           0.           0.        ]
 Objectives (Sil) : 0.50671439775
 Objectives (PBM) : 234.085912807
Cluster size 3 :13
Predicted Label for 3: [ 9  9  9  9  9  9  9  9  9  9  9  9  9  9  9  9  9  9  9  9  9  9  9  9  9
  9  9  9  9  9  9  9  9  9  9  9  9  9  9  9  9  9  9  9  9  9  9  9  9  9
  4  4  4  4  4  4  4  4  4  4  4  4  4  4  4  4  4  4  4  4  4  4  4  4  4
  4  4  4  4  4  4  4  4  4  4  4  4  4  4  4  4  4  4  4  4  4  4  4  4  4
  1  1  1  1  1  8  1  1  8  8  1  1  1  8  8  8  1  1  8  1  8  8  1  8  1
  1  1  8  8  1  8  8  1  1  8  8  1  8  8  1  8  8  8  8  1  1  8  8  1  8
 12  5 12 12 12 12  5 12 12 12 12 12 12  5 12  5 12 12  5 12 12  5  5 12 12
 12 12  5  5 12 12  5 12  5 12  5 12 12 12 12 12  5  5  5 12  5 12  5  5  5
 10 10 10 10 10 10 10 10 10 10 10 10 10 10 10 10 10 10 10 10 10 10 10 10 10
 10 10 10 10 10 10 10 10 10 10 10 10 10 10 10 10 10 10 10 10 10 10 10 10 10
 11 11 11 11 11 11 11 11 11 11 11 11 11 11 11 11 11 11 11 11  3 11 11 11 11
  3 11 11 11 11 11 11 11 11 11 11  3 11 11  3 11 11 11 11 11  3 11 11 11 11
  2  2  2  2  2  2  2  2  2  2  2  2  2  2  2  2  2  2  2  2  2  2  2  2  2
  2  2  2  2  2  2  2  2  2  2  2  2  2  2  2  2  2  2  2  2  2  2  2  2  2
  6  6  6  6  6  6  6  6  6  6  6  6  6  6  6  6  6  6  6  6  6  6  6  6  6
  6  6  6  6  6  6  6  6  6  6  6  6  6  6  6  6  6  6  6  6  6  6  6  6  6
  7  7  7  7  7  3  7  7  7  3  3  7  7  7  7  7  3  3  7  7  3  7  7  7  3
  3  3  3  7  3  3  3  7  3  7  7  7  7  7  7  3  7  3  3  3  7  3  3  7  3
  0 11  0  0  0  0  0  0  0  0  0  0  0  0  0  0  0  0  0  0  0  0  0  0  0
  0 11  0  0  0  0  0  0  0  0  0  0  0  0 11  0  0  0  0  0  0  0  0  0  0]
 ARI Score 3 : 0.8816735688
Minkowski score 3 : 0.445292841045
------------------------------------------------------------------------------------------------------------
chromosome 4 : [-2.95357866 -6.47739615 -9.42252843  9.77367347 -9.78       -1.14        0.
  0.          0.          0.          0.          0.          0.          0.
  0.          0.          0.          0.          0.          0.          0.
  0.          0.          0.          0.          0.          0.          0.
  0.          0.          0.          0.          0.          0.          0.
  0.          0.          0.          0.          0.          0.          0.
  0.          0.        ]
 Objectives (Sil) : 0.460776891891
 Objectives (PBM) : 116.970935685
Cluster size 4 :22
Predicted Label for 4: [21 21 21 21 21 21 21 21 21 21 21 21 21 21 21 21 21 21 21 21 21 21 21 21 21
 21 21 21 21 21 21 21 21 21 21 21 21 21 21 21 21 21 21 21 21 21 21 21 21 21
  9  9  9  9  9  9  9  9  9  9  9  9  9  9  9  9  9  9  9  9  9  9  9  9  9
  9  9  9  9  9  9  9  9  9  9  9  9  9  9  9  9  9  9  9  9  9  9  9  9  9
  0  0  0  0  0  8  0  0  8  8  0  0  0  8  8  8  0  0  8  0  8  8  0  8  0
  0  0  8  8  0  8  8  0  0  8  8  0  8  8  0  8  8  8  8  0  0  8  8  0  8
 10  7  7 10 10 10  7 10 10  7 10 10 10  7 10  7 10  7  7 10 10  7  7  7 10
  7 10  7  7 10 10  7 10  7  7  7 10  7 10 10 10  7  7  7  7  7 10  7  7  7
  5 20 20 20 20  5  5  5  5  5 20 20  5  5 20 20 20 20 20  5  5  5 20 19  5
  5 20  5  5 20 20  5  5 20  5  5 20 20  5  5  5  5  5 20  5 20  5  5 20  5
  1  1  1  1  1  1  1  1  1  1  1  1  1  2  1  1  1  1  1  1  6  1  1  1  1
  1  1  1  1  1  1  1  1  1  1  1  1  1  1  1  1  1  1  1  1  1  1  1  1  1
  4  4  4  4  4  4  4  4  4  4  4  4  4  4  4  4  4  4  4  4  4  4  4  4  4
  4  4  4  4  4  4  4  4  4  4  4  4  4  4  4  4  4  4  4  4  4  4  4  4  4
 16 14 14 16 12 16 13 16 18 19 13 16 17 14 12 19 13 17 19 19 14 11 12 13 11
 17 16 17 19 17 16 14 16 17 18 18 16 18 17 19 19 13 18 14 16 14 18 13 18 16
  6  6  6  6  6  6  6  6  6  6  6  6  6  6  6  6  6  6  6  6  6  6  6  6  6
  6  6  6  6  6  6  6  6  6  6  6  6  6  6  6  6  6  6  6  6  6  6  6  6  6
 15  2  3  3 15  2 15 15  3  2  3 15  2  2  2 15 15 15  2  2  2 15  2  2  2
  2  2  3 15  2  3 15  2  3  3  3  2 15 15  2  3 15 15 15  3 15  2  2  2  3]
 ARI Score 4 : 0.793334495812
Minkowski score 4 : 0.566982704988
------------------------------------------------------------------------------------------------------------
chromosome 5 : [ -5.5606987    4.78738483 -12.03938046  -5.84        17.29333333
   9.37683448  11.64022179   9.932       15.43382944   8.73333333
   5.03184337  -5.82344237   0.           0.           0.           0.           0.
   0.           0.           0.           0.           0.           0.           0.
   0.           0.           0.           0.           0.           0.           0.
   0.           0.           0.           0.           0.           0.           0.
   0.           0.           0.           0.           0.           0.        ]
 Objectives (Sil) : 0.511185666971
 Objectives (PBM) : 132.657321455
Cluster size 5 :17
Predicted Label for 5: [ 3  3  3  3  3  3  3  3  3  3  3  3  3  3  3  3  3  3  3  3  3  3  3  3  3
  3  3  3  3  3  3  3  3  3  3  3  3  3  3  3  3  3  3  3  3  3  3  3  3  3
 12 12 12 12 12 12 12 12 12 12 12 12 12 12 12 12 12 12 12 12 12 12 12 12 12
 12 12 12 12 12 12 12 12 12 12 12 12 12 12 12 12 12 12 12 12 12 12 12 12 12
 13 10 10  9 13  9 10  9  5  5 13 13 10  5  9  9 10 10  5 13  5  5 10  5 10
 13 10  9  9 10  5  5 13 13  5  9 10  9  9  9  5  5  9  9 10 10  9  9 10  5
 15 16 14  2 15  7 14  2  2 14 15  7 15 16  2 16  2 14 16  7  7 15 14 14  2
 14  7 16 16  7  2 14  7 16 14 16  2 14  2  2  7 16 16 16 15 16  2 16 16 16
  8  8  8  8  8  8  8  8  8  8  8  8  8  8  8  8  8  8  8  8  8  8  8  8  8
  8  8  8  8  8  8  8  8  8  8  8  8  8  8  8  8  8  8  8  8  8  8  8  8  8
  4  4  4  4  4  4  4  4  4  4  4  4  4  4  4  4  4  4  4  4  1  4  4  4  4
  4  4  4  4  4  4  4  4  4  4  4  4  4  4  4  4  4  4  4  4  1  4  4  4  4
  6  6  6  6  6  6  6  6  6  6  6  6  6  6  6  6  6  6  6  6  6  6  6  6  6
  6  6  6  6  6  6  6  6  6  6  6  6  6  6  6  6  6  6  6  6  6  6  6  6  6
  0  0  0  0  0  0  0  0  0  0  0  0  0  0  0  0  0  0  0  0  0  0  0  0  0
  0  0  0  0  0  0  0  0  0  0  0  0  0  0  0  0  0  0  0  0  0  0  0  0  0
  1  1  1  1  1  1  1  1  1  1  1  1  1  1  1  1  1  1  1  1  1  1  1  1  1
  1  1  1  1  1  1  1  1  1  1  1  1  1  1  1  1  1  1  1  1  1  1  1  1  1
 11  4 11 11 11 11 11 11 11 11 11 11 11 11 11 11 11 11 11 11 11 11 11 11 11
 11  4 11 11 11 11 11 11 11 11 11 11 11 11  4 11 11 11 11 11 11 11 11 11 11]
 ARI Score 5 : 0.88426555978
Minkowski score 5 : 0.440871122823
------------------------------------------------------------------------------------------------------------
chromosome 6 : [-14.15849034  -6.47739615 -12.42974602  -1.25817703  -1.12         1.84
   0.           0.           0.           0.           0.           0.           0.
   0.           0.           0.           0.           0.           0.           0.
   0.           0.           0.           0.           0.           0.           0.
   0.           0.           0.           0.           0.           0.           0.
   0.           0.           0.           0.           0.           0.           0.
   0.           0.           0.        ]
 Objectives (Sil) : 0.437462981606
 Objectives (PBM) : 500.355813051
Cluster size 6 :3
Predicted Label for 6: [1 1 1 1 1 1 1 1 1 1 1 1 1 1 1 1 1 1 1 1 1 1 1 1 1 1 1 1 1 1 1 1 1 1 1 1 1
 1 1 1 1 1 1 1 1 1 1 1 1 1 2 2 2 1 2 1 1 1 2 1 2 1 1 2 1 1 1 2 2 1 2 2 1 1
 2 1 2 2 2 1 1 1 1 1 2 1 1 1 2 2 2 1 2 1 1 1 2 1 1 1 1 1 1 1 1 1 1 1 1 1 1
 1 1 1 1 1 1 1 1 1 1 1 1 1 1 1 1 1 1 1 1 1 1 1 1 1 1 1 1 1 1 1 1 1 1 1 1 1
 1 1 1 1 1 1 1 1 1 1 1 1 1 1 1 1 1 1 1 1 1 1 1 1 1 1 1 1 1 1 1 1 1 1 1 1 1
 1 1 1 1 1 1 1 1 1 1 1 1 1 1 1 2 2 2 2 2 2 2 2 2 2 2 2 2 2 2 2 2 2 2 2 2 2
 2 2 2 2 2 2 2 2 2 2 2 2 2 2 2 2 2 2 2 2 2 2 2 2 2 2 2 2 0 0 0 0 0 0 0 0 0
 0 0 0 0 0 0 0 0 0 0 0 0 0 0 0 0 0 0 0 0 0 0 0 0 0 0 0 0 0 0 0 0 0 0 0 0 0
 0 0 0 0 2 2 2 2 2 2 2 2 2 2 2 2 2 2 2 2 2 2 2 2 2 2 2 2 2 2 2 2 2 2 2 2 2
 2 2 2 2 2 2 2 2 2 2 2 2 2 2 2 2 2 2 2 2 2 2 2 2 2 2 2 2 2 2 2 2 2 2 2 2 2
 2 2 2 2 2 2 2 2 2 2 2 2 2 2 2 2 2 2 2 2 2 2 2 2 2 2 2 2 2 2 0 0 0 0 0 0 0
 0 0 0 0 0 0 0 0 0 0 0 0 0 0 0 0 0 0 0 0 0 0 0 0 0 0 0 0 0 0 0 0 0 0 0 0 0
 0 0 0 0 0 0 1 0 0 0 1 0 1 1 0 0 0 1 0 0 0 1 1 1 0 0 0 1 0 0 0 0 0 1 1 0 0
 1 0 0 0 0 0 1 1 0 0 1 1 1 0 1 0 0 0 0]
 ARI Score 6 : 0.297154773446
Minkowski score 6 : 1.63150112423
------------------------------------------------------------------------------------------------------------
chromosome 7 : [ -2.73083644   4.56355664   7.02916264   9.77367347 -14.63966102
  -2.83559322  -3.55543139   4.95789762  14.3964563    2.6045523
   1.76758851  -5.14955128  10.18950658   7.65105334   3.78576954
   2.90295455   9.63663893   8.91610613  10.84057273  -5.1503      12.8018164
   3.8127381   -2.08846901   2.34777569  -3.35363636  -5.71954545
  11.25952525   0.41134956 -11.06685714   0.3764987  -11.35187179
   2.14534365  11.89827706   8.07171429  10.286       -4.24         0.           0.
   0.           0.           0.           0.           0.           0.        ]
 Objectives (Sil) : 0.506840894724
 Objectives (PBM) : 180.18991591
Cluster size 7 :9
Predicted Label for 7: [2 2 2 2 2 2 2 2 2 2 2 2 2 2 2 2 2 2 2 2 2 2 2 2 2 2 2 2 2 2 2 2 2 2 2 2 2
 2 2 2 2 2 2 2 2 2 2 2 2 2 2 2 2 2 2 2 2 2 2 2 2 2 2 2 2 2 2 2 2 2 2 2 2 2
 2 2 2 2 2 2 2 2 2 2 2 2 2 2 3 2 2 2 2 2 2 2 2 2 2 2 4 4 4 4 4 1 4 4 1 1 4
 4 4 1 1 1 4 4 1 4 1 1 4 1 4 4 4 1 1 4 1 1 4 4 1 1 4 1 1 4 1 1 1 1 4 4 1 1
 4 1 8 8 8 8 8 8 8 8 8 8 8 8 8 8 8 8 8 8 8 8 8 8 8 8 8 8 8 8 8 8 8 8 8 8 8
 8 8 8 8 8 8 8 8 8 8 8 8 8 8 8 6 6 6 6 6 6 6 6 6 6 6 6 6 6 6 6 6 6 6 6 6 6
 6 6 6 6 6 6 6 6 6 6 6 6 6 6 6 6 6 6 6 6 6 6 6 6 6 6 6 6 0 0 0 0 0 0 0 0 0
 0 0 0 0 0 0 0 0 0 0 0 5 0 0 0 0 0 0 0 0 0 0 0 0 0 0 0 0 0 0 0 0 0 0 0 0 5
 0 0 0 0 3 3 3 3 3 3 3 3 3 3 3 3 3 3 3 3 3 3 3 3 3 3 3 3 3 3 3 3 3 3 3 3 3
 3 3 3 3 3 3 3 3 3 3 3 3 3 3 3 3 3 6 6 6 6 6 6 6 6 6 6 6 6 6 6 6 6 6 6 6 6
 6 6 6 6 6 6 6 6 6 6 6 6 6 6 6 6 6 6 6 6 6 6 6 6 6 6 6 6 6 6 5 5 5 5 5 5 5
 5 5 5 5 5 5 5 5 5 5 5 5 5 5 5 5 5 5 5 5 5 5 5 5 5 5 5 5 5 5 5 5 5 5 5 5 5
 5 5 5 5 5 5 7 0 7 7 7 7 7 7 7 7 7 7 7 7 7 7 7 7 7 7 7 7 7 7 7 7 0 7 7 7 7
 7 7 7 7 7 7 7 7 0 7 7 7 7 7 7 7 7 7 7]
 ARI Score 7 : 0.759346753501
Minkowski score 7 : 0.708836356003
------------------------------------------------------------------------------------------------------------
chromosome 8 : [ -1.41584903e+01   5.52119391e-01  -1.35930000e+01  -3.66507336e+00
   4.13437739e+00  -3.62668265e-01   7.96301822e+00   8.99894491e+00
   1.61900000e+01  -1.78710263e-01   1.21907515e+01  -5.40332459e+00
   1.65786957e+01   6.43638381e+00   8.45079960e+00   7.96083413e+00
   9.63663893e+00   3.36201283e+00  -1.72000000e+01  -7.27000000e+00
   5.48285071e-01  -3.07107143e+00   1.53333991e+01   9.68777569e+00
  -3.35363636e+00  -5.71954545e+00   1.33282353e+01   5.73875074e+00
   7.09342604e+00   9.59540541e+00   4.36574054e+00   4.06000000e+00
   1.34564995e+01  -1.05350000e+00   1.30991228e+00   3.40684211e+00
   4.45562500e+00   3.19875000e+00   1.04016667e+01   9.54666667e+00
  -8.40000000e-03  -5.44000000e-02   0.00000000e+00   0.00000000e+00]
 Objectives (Sil) : 0.518273338801
 Objectives (PBM) : 272.476574955
Cluster size 8 :5
Predicted Label for 8: [2 2 2 2 2 2 2 2 2 2 2 2 2 2 2 2 2 2 2 2 2 2 2 2 2 2 2 2 2 2 2 2 2 2 2 2 2
 2 2 2 2 2 2 2 2 2 2 2 2 2 2 2 2 2 2 2 2 2 2 2 2 2 2 2 2 2 2 2 2 2 2 2 2 2
 2 2 2 2 2 2 2 2 2 2 2 2 2 2 2 2 2 2 2 2 2 2 2 2 2 2 1 1 1 1 1 1 1 1 1 1 1
 1 1 1 1 1 1 1 1 1 1 1 1 1 1 1 1 1 1 1 1 1 1 1 1 1 1 1 1 1 1 1 1 1 1 1 1 1
 1 1 1 1 1 1 1 1 1 1 1 1 1 1 1 1 1 1 1 1 1 1 1 1 1 1 1 1 1 1 1 1 1 1 1 1 1
 1 1 1 1 1 1 1 1 1 1 1 1 1 1 1 3 3 3 3 3 3 3 3 3 3 3 3 3 3 3 3 3 3 3 3 3 3
 3 3 3 3 3 3 3 3 3 3 3 3 3 3 3 3 3 3 3 3 3 3 3 3 3 3 3 3 0 0 0 0 0 0 0 0 0
 0 0 0 0 0 0 0 4 0 0 0 4 0 0 0 0 4 0 0 0 0 0 0 0 0 0 0 4 0 0 4 0 0 0 0 0 4
 0 0 0 0 2 2 2 2 2 2 2 2 2 2 2 2 2 2 2 2 2 2 2 2 2 2 2 2 2 2 2 2 2 2 2 2 2
 2 2 2 2 2 2 2 2 2 2 2 2 2 2 2 2 2 3 3 3 3 3 3 3 3 3 3 3 3 3 3 3 3 3 3 3 3
 3 3 3 3 3 3 3 3 3 3 3 3 3 3 3 3 3 3 3 3 3 3 3 3 3 3 3 3 3 3 4 4 4 4 4 4 4
 4 4 4 4 4 4 4 4 4 4 4 4 4 4 4 4 4 4 4 4 4 4 4 4 4 4 4 4 4 4 4 4 4 4 4 4 4
 4 4 4 4 4 4 0 0 0 0 0 0 0 0 0 0 0 0 0 0 0 0 0 0 0 0 0 0 0 0 0 0 0 0 0 0 0
 0 0 0 0 0 0 0 0 0 0 0 0 0 0 0 0 0 0 0]
 ARI Score 8 : 0.550214076467
Minkowski score 8 : 1.11626198373
------------------------------------------------------------------------------------------------------------
chromosome 9 : [-14.15849034  -5.18320077  -5.66670695  -5.56265936  -0.45182347
   6.17949019   3.46265448   8.87496963  -7.09946734   2.11427693
 -11.50325195  -6.79875      6.12951067   6.4040785    1.20663472
  -0.17479538   9.63663893  -5.37         0.73874568   1.90785243
   1.92694444   2.63416667  -1.56714286   0.          -1.957       -4.55659583
  -1.44375     -4.44625     -7.49905172  -1.15060345  -5.16033333
   0.55633333   1.4075       3.24615385  -1.25928571  -3.65785714   0.           0.
  16.57         2.9          0.           0.           0.           0.        ]
 Objectives (Sil) : 0.515595710883
 Objectives (PBM) : 219.324289125
Cluster size 9 :13
Predicted Label for 9: [ 2  2  2  2  2  2  2  2  2  2  2  2  2  2  2  2  2  2  2  2  2  2  2  2  2
  2  2  2  2  2  2  2  2  2  2  2  2  2  2  2  2  2  2  2  2  2  2  2  2  2
 12 12 12 12 12 12 12 12 12 12 12 12 12 12 12 12 12 12 12 12 12 12 12 12 12
 12 12 12 12 12 12 12 12 12 12 12 12 12 12 12 12 12 12 12 12 12 12 12 12 12
  8  8  8  8  8 11  8  8 11 11  8  8  8 11 11 11  8  8 11  8 11 11  8 11  8
  8  8 11 11  8 11 11  8  8 11 11  8 11 11  8 11 11 11 11  8  8 11 11  8 11
 10  7  7 10 10  7  7 10 10  7  7 10 10  7 10  7 10  7  7  7 10  7  7  7 10
  7  7  7  7  7 10  7 10  7  7  7 10  7 10 10  7 10  7  7  7  7 10 10  7  7
  9  9  9  9  9  9  9  9  9  9  9  9  9  9  9  9  9  9  9  9  9  9  9  9  9
  9  9  9  9  9  9  9  9  9  9  9  9  9  9  9  9  9  9  9  9  9  9  9  9  9
  0  0  0  0  0  0  0  0  0  0  0  0  0  0  0  0  0  0  0  0  5  0  0  0  0
  0  0  0  0  0  0  0  0  0  0  0  0  0  0  0  0  0  0  0  0  0  0  0  0  0
  3  3  3  3  3  3  3  3  3  3  3  3  3  3  3  3  3  3  3  3  3  3  3  3  3
  3  3  3  3  3  3  3  3  3  3  3  3  3  3  3  3  3  3  3  3  3  3  3  3  3
  6  6  6  6  6  6  6  6  6  6  6  6  6  6  6  6  6  6  6  6  6  6  6  6  6
  6  6  6  6  6  6  6  6  6  6  6  6  6  6  6  6  6  6  6  6  6  6  6  6  6
  5  5  5  5  5  5  5  5  5  5  5  5  5  5  5  5  5  5  5  5  5  5  5  5  5
  5  5  5  5  5  5  5  5  5  5  5  5  5  5  5  5  5  5  5  5  5  5  5  5  5
  1  4  4  4  1  4  1  1  4  4  4  1  4  4  4  1  1  1  4  4  4  1  4  4  4
  4  4  1  1  4  4  1  4  4  4  4  4  1  1  4  4  1  1  1  4  1  4  4  4  4]
 ARI Score 9 : 0.908551942831
Minkowski score 9 : 0.392688275395
------------------------------------------------------------------------------------------------------------
chromosome 10 : [  8.33939394   9.34939394  -0.165        1.02333333   0.10090909
   8.62272727  -1.54714286   7.74857143   4.09384615   6.56384615
   3.54210526   3.64263158  -3.22458333  -3.62875      6.86411765
  10.61764706   0.78071429   7.32642857  12.84         1.30285714
  -2.50916667   2.1125      15.64488372   3.13813953   3.28375      5.12625
 -16.4236      -3.1232      12.28461538  -0.55076923   0.31588235
  -0.35705882 -13.72896552  -2.81068966   6.27         3.25352941
  -0.4312766   -4.71319149  -7.37409091   2.87590909   9.65433333  -0.227
 -10.86217391   0.08391304]
 Objectives (Sil) : 0.450170228373
 Objectives (PBM) : 178.088818428
Cluster size 10 :22
Predicted Label for 10: [ 3  3  2  2  2  2 12  3  2  2  3  2  3  2  2  3  3  2  3 12  3  2 12  3 12
 12 12  2  2  2 12 12  2 12  3  2  3 12  2  3 12  3  2  3  2 12  2  2  3 12
 17  8 17  1  8  1  1  1  8  1  8  1  1 17  1  1 17  8 17  1 17  8  1  1  8
  1 17 17 17  1  1  1  1  1 17 17  1  1  8 17  8  1 17  1  1  1 17  1  1  1
 18 18 18 18 18  5 18 18  5  5 18 18 18  5  5  5 18 18  5 18  5  5 18  5 18
 18 18  5  5 18  5  5 18 18  5  5 18  5  5 18  5  5  5  5 18 18  5  5 18  5
  6 10 15  6  6 15 15  6  6 15 15  6  6 10  6 10  6 15 10 15 15 10 10 15  6
 15 15 10 10 15  6 10 15 10 15 10  6 15  6  6 15 10 10 10 15 10  6 10 10 10
 14 20 20 20 20 14 14 14 14 14 20 20 14 14 20 20 20 20 20 14 14 14 20 20 14
 14 20 14 14 20 20 14 14 20 14 14 20 20 14 14 14 14 14 20 14 20 14 14 20 14
 21 21 21 21 21 21 21 21 21 21 21 21 21 21 21 21 21 21 21 21 16 21 21 21 21
 16 21 21 21 21 21 21 21 21 21 21 16 21 21 16 21 21 21 21 21 16 21 21 21 21
  0  0  0  0  0  7  7  0  7  0  7  7  0  0  7  0  7  0  0  0  0  7  0  0  0
  7  0  7  7  7  0  7  0  7  7  0  0  7  0  0  0  7  7  7  7  7  0  7  0  7
  9 11 11  9 11  9 11  9 11  9 11  9 11 11 11  9 11 11  9  9  9 11 11 11 11
  9  9 11  9 11  9 11  9 11 11 11  9 11 11  9  9 11 11 11  9 11 11 11 11  9
 13 13 13 13 13 16 13 13 13 16 16 13 13 13 13 13 16 16 13 13 16 13 13 13 16
 16 16 16 13 16 16 16 13 16 13 13 13 13 13 13 16 13 16 16 16 13 16 16 13 16
  4 19 19 19  4 19  4  4 19 19 19  4 19 19 19  4  4  4 19 19 19  4 19 19 19
 19 19  4  4 19 19  4 19 19 19 19 19  4  4 19 19  4  4  4 19  4 19 19 19 19]
 ARI Score 10 : 0.628289236031
Minkowski score 10 : 0.72122345033
------------------------------------------------------------------------------------------------------------
chromosome 11 : [-12.14461184  -5.89888989   5.97410411   1.54784113  -1.55393072
   2.40053358 -14.66508475  -2.80864407   4.17399614   0.09069988
   4.6816915    2.46745493   3.90971861  -5.46494921  12.39588235
   4.38373564  -0.92639923  -1.10686618   3.80293312  -6.51304573
  12.8018164    4.08871093  -1.17762705   4.07055556   9.39891317
  -3.31315789  -4.1662       0.62952361  -7.87669857   1.49390016
   2.4999359   -3.22906923  13.45145292   2.82332418   7.69332237  -0.98
   0.71967949  -3.21547009  -1.83321429  -0.95357143   0.           0.           0.
   0.        ]
 Objectives (Sil) : 0.505062394395
 Objectives (PBM) : 213.325159416
Cluster size 11 :16
Predicted Label for 11: [ 2  2  2  2  2  2  2 10  2  2  2  2  2  2  2 10  2  2  2  2  2  2  2  2  2
  2  2  2  2  2  2  2  2  2  2  2  2  2  2  2  2  2  2  2  2  2  2  2  2  2
  4  4  4 10  4 10 10 10  4 10 10 10 10  4 10 10  4 10  4 10  4  4 10 10  4
 10  4  4  4 10 10 10 10 10  4  4 10 10  4  4  4 10  4 10 10 10  4 10 10 10
  5  5  5  5  5  5  5  5  5  5  5  5  5  5  5  5  5  5  5  5  5  5  5  5  5
  5  5  5  5  5  5  5  5  5  5  5  5  5  5  5  5  5  5  5  5  5  5  5  5  5
 11 13  1 12 12  1 13 12 11  1  1 12  1 13 12 11 12  1 11  1  1 13 13  1 12
  1  1 13 13  1 12 13  1 11  1 13 12  1 12 12  1 11 13 13  1 11 12 11 13 13
  6  6  6  6  6  6  6  6  6  6  6  6  6  6  6  6  6  6  6  6  6  6  6  8  6
  6  6  6  6  6  6  6  6  6  6  6  6  6  6  6  6  6  6  6  6  6  6  6  6  6
 15 15 15 15 15 15 15 15 15 15 15 15 15 15 15 15 15 15 15 15  0 15 15 15 15
 15 15 15 15 15 15 15 15 15 15 15 15 15 15 15 15 15 15 15 15 15 15 15 15 15
  7  7  7  7  7  7  7  7  7  7  7  7  7  7  7  7  7  7  7  7  7  7  7  7  7
  7  7  7  7  7  7  7  7  7  7  7  7  7  7  7  7  7  7  7  7  7  7  7  7  7
  8  9  9  8  9  8  9  8  9  8  9  8  9  9  9  8  9  9  8  8  8  9  9  9  9
  8  8  9  8  9  8  9  8  9  9  9  8  9  9  8  8  9  9  9  8  9  9  9  9  8
  0  0  0  0  0  0  0  0  0  0  0  0  0  0  0  0  0  0  0  0  0  0  0  0  0
  0  0  0  0  0  0  0  0  0  0  0  0  0  0  0  0  0  0  0  0  0  0  0  0  0
 14  3  3  3 14  3 14 14  3  3  3 14  3  3  3 14 14 14  3  3  3 14  3  3  3
  3  3 14 14  3  3 14  3  3  3  3  3 14 14  3  3 14 14 14 14 14  3  3  3  3]
 ARI Score 11 : 0.847074603482
Minkowski score 11 : 0.497914016018
------------------------------------------------------------------------------------------------------------
chromosome 12 : [-10.60063726  -5.40212587  -9.64387072   2.75344178   9.48569759
   0.77817448 -14.66508475  -2.80864407  14.22260969   3.82778699
  14.49653532   9.07547181  -8.48880885  -6.14286199   7.47095329
   2.37187397  -7.94530034   2.47129749 -12.37706688  -7.27         0.           0.
   0.           0.           0.           0.           0.           0.           0.
   0.           0.           0.           0.           0.           0.           0.
   0.           0.           0.           0.           0.           0.           0.
   0.        ]
 Objectives (Sil) : 0.569034413957
 Objectives (PBM) : 303.096883188
Cluster size 12 :10
Predicted Label for 12: [9 9 9 9 9 9 9 9 9 9 9 9 9 9 9 9 9 9 9 9 9 9 9 9 9 9 9 9 9 9 9 9 9 9 9 9 9
 9 9 9 9 9 9 9 9 9 9 9 9 9 7 7 7 7 7 7 7 7 7 7 7 7 7 7 7 7 7 7 7 7 7 7 7 7
 7 7 7 7 7 7 7 7 7 7 7 7 7 7 7 7 7 7 7 7 7 7 7 7 7 7 6 6 6 6 6 6 6 6 6 6 6
 6 6 6 6 6 6 6 6 6 6 6 6 6 6 6 6 6 6 6 6 6 6 6 6 6 6 6 6 6 6 6 6 6 6 6 6 6
 6 6 8 8 8 8 8 8 8 8 8 8 8 8 8 8 8 8 8 8 8 8 8 8 8 8 8 8 8 8 8 8 8 8 8 8 8
 8 8 8 8 8 8 8 8 8 8 8 8 8 8 8 2 2 2 2 2 2 2 2 2 2 2 2 2 2 2 2 2 2 2 2 2 2
 2 2 2 2 2 2 2 2 2 2 2 2 2 2 2 2 2 2 2 2 2 2 2 2 2 2 2 2 0 0 0 0 0 0 0 0 0
 0 0 0 0 0 0 0 0 0 0 0 3 0 0 0 0 0 0 0 0 0 0 0 0 0 0 0 0 0 0 0 0 0 0 0 0 0
 0 0 0 0 5 5 5 5 5 5 5 5 5 5 5 5 5 5 5 5 5 5 5 5 5 5 5 5 5 5 5 5 5 5 5 5 5
 5 5 5 5 5 5 5 5 5 5 5 5 5 5 5 5 5 4 4 4 4 4 4 4 4 4 4 4 4 4 4 4 4 4 4 4 4
 4 4 4 4 4 4 4 4 4 4 4 4 4 4 4 4 4 4 4 4 4 4 4 4 4 4 4 4 4 4 3 3 3 3 3 3 3
 3 3 3 3 3 3 3 3 3 3 3 3 3 3 3 3 3 3 3 3 3 3 3 3 3 3 3 3 3 3 3 3 3 3 3 3 3
 3 3 3 3 3 3 1 0 1 1 1 1 1 1 1 1 1 1 1 1 1 1 1 1 1 1 1 1 1 1 1 1 1 1 1 1 1
 1 1 1 1 1 1 1 1 1 1 1 1 1 1 1 1 1 1 1]
 ARI Score 12 : 0.991083952411
Minkowski score 12 : 0.126813377264
------------------------------------------------------------------------------------------------------------
chromosome 13 : [ -9.03632099   2.80294266  -6.17568686  -2.23906187  12.24997975
   7.93073903   2.85102742   9.932       15.38147468   8.73333333
   7.37268911  -4.5897149   14.34619449   4.9149207    2.29572012
   3.51707355  -0.96        -5.37         0.           0.           0.           0.
   0.           0.           0.           0.           0.           0.           0.
   0.           0.           0.           0.           0.           0.           0.
   0.           0.           0.           0.           0.           0.           0.
   0.        ]
 Objectives (Sil) : 0.46631815813
 Objectives (PBM) : 205.331977806
Cluster size 13 :6
Predicted Label for 13: [3 3 3 3 3 0 0 3 0 0 3 0 3 0 0 3 3 0 3 0 3 0 0 3 0 0 0 0 0 0 3 0 3 0 3 0 3
 0 0 3 0 3 3 3 0 0 0 3 3 0 3 3 3 3 3 3 3 3 3 3 3 3 3 3 3 3 3 3 3 3 3 3 3 3
 3 3 3 3 3 3 3 3 3 3 3 3 3 3 3 3 3 3 3 3 3 3 3 3 3 3 5 5 5 5 5 5 5 5 5 5 5
 5 5 5 5 5 5 5 5 5 5 5 5 5 5 5 5 5 5 5 5 5 5 5 5 5 5 5 5 5 5 5 5 5 5 5 5 5
 5 5 0 5 5 5 5 5 5 5 0 5 5 5 5 5 5 0 5 5 0 5 5 5 5 5 5 5 5 0 5 5 5 5 5 0 5
 5 5 5 5 5 5 0 0 0 5 5 5 0 0 0 2 2 2 2 2 2 2 2 2 2 2 2 2 2 2 2 2 2 2 2 2 2
 2 2 2 2 2 2 2 2 2 2 2 2 2 2 2 2 2 2 2 2 2 2 2 2 2 2 2 2 1 1 1 1 1 1 1 1 1
 1 1 1 1 1 1 1 1 1 1 1 1 1 1 1 1 1 1 1 1 1 1 1 1 1 1 1 1 1 1 1 1 1 1 1 1 1
 1 1 1 1 3 3 3 3 3 3 3 3 3 3 3 3 3 3 3 3 3 3 3 3 3 3 3 3 3 3 3 3 3 3 3 3 3
 3 3 3 3 3 3 3 3 3 3 3 3 3 3 3 3 3 4 4 4 4 4 4 4 4 4 4 4 4 4 4 4 4 4 4 4 4
 4 4 4 4 4 4 4 4 4 4 4 4 4 4 4 4 4 4 4 4 4 4 4 4 4 4 4 4 4 4 1 1 1 1 1 1 1
 1 1 1 1 1 1 1 1 1 1 1 1 1 1 1 1 1 1 1 1 1 1 1 1 1 1 1 1 1 1 1 1 1 1 1 1 1
 1 1 1 1 1 1 0 1 0 0 0 0 0 0 0 1 0 0 0 1 1 0 0 0 1 0 0 0 0 0 1 0 1 0 0 0 0
 0 1 0 0 0 0 0 0 1 0 0 0 0 0 0 0 0 0 0]
 ARI Score 13 : 0.559749441534
Minkowski score 13 : 1.04857532113
------------------------------------------------------------------------------------------------------------
chromosome 14 : [-14.15849034   7.22896525 -10.27390209  -1.4132366    5.07053995
   8.98457607  11.39500926   9.932        4.35411423   1.02338994
 -11.50325195  -6.79875     16.57869565   7.65105334   0.           0.           0.
   0.           0.           0.           0.           0.           0.           0.
   0.           0.           0.           0.           0.           0.           0.
   0.           0.           0.           0.           0.           0.           0.
   0.           0.           0.           0.           0.           0.        ]
 Objectives (Sil) : 0.526700426409
 Objectives (PBM) : 225.925664941
Cluster size 14 :13
Predicted Label for 14: [ 9  9  0  0  0  0  0  9  0  0  9  0  9  0  0  9  9  0  9  0  9  0  0  9  0
  0  0  0  0  0  0  0  0  0  9  0  9  0  0  9  0  9  0  9  0  0  0  0  9  0
 11 11 11  8 11  8  8  8 11  8 11  8  8 11  8  8 11 11 11  8 11 11  8  8 11
  8 11 11 11  8  8  8  8  8 11 11  8  8 11 11 11  8 11  8  8  8 11  8  8  8
  5  5  5  5  5  5  5  5  5  5  5  5  5  5  5  5  5  5  5  5  5  5  5  5  5
  5  5  5  5  5  5  5  5  5  5  5  5  5  5  5  5  5  5  5  5  5  5  5  5  5
  6  6  6  6  6  6  6  6  6  6  6  6  6  6  6  6  6  6  6  6  6  6  6  6  6
  6  6  6  6  6  6  6  6  6  6  6  6  6  6  6  6  6  6  6  6  6  6  6  6  6
  7  7  7  7  7  7  7  7  7  7  7  7  7  7  7  7  7  7  7  7  7  7  7  7  7
  7  7  7  7  7  7  7  7  7  7  7  7  7  7  7  7  7  7  7  7  7  7  7  7  7
 10 10 10 10 10 10 10 10 10 10 10 10 10 10 10 10 10 10 10 10  1 10 10 10 10
 10 10 10 10 10 10 10 10 10 10 10 10 10 10 10 10 10 10 10 10  1 10 10 10 10
  3  3  3  3  3  2  2  3  2  3  2  2  3  3  2  3  2  3  3  3  3  2  3  3  3
  2  3  2  2  2  3  2  3  2  2  3  3  2  3  3  3  2  2  2  2  2  3  2  3  2
  4  4  4  4  4  4  4  4  4  4  4  4  4  4  4  4  4  4  4  4  4  4  4  4  4
  4  4  4  4  4  4  4  4  4  4  4  4  4  4  4  4  4  4  4  4  4  4  4  4  4
  1  1  1  1  1  1  1  1  1  1  1  1  1  1  1  1  1  1  1  1  1  1  1  1  1
  1  1  1  1  1  1  1  1  1  1  1  1  1  1  1  1  1  1  1  1  1  1  1  1  1
 12 10 12 12 12 12 12 12 12 12 12 12 12 12 12 12 12 12 12 12 12 12 12 12 12
 12 10 12 12 12 12 12 12 12 12 12 12 12 12 10 12 12 12 12 12 12 12 12 12 12]
 ARI Score 14 : 0.890295327961
Minkowski score 14 : 0.430187429488
------------------------------------------------------------------------------------------------------------
chromosome 15 : [  5.34097382   3.74251776   4.92497156  -4.4052493   15.60592394
   9.37683448   2.4953125   -1.53625     -7.74308511  -1.51042553
  -0.25858974   0.11602564  -2.99631579  -2.18605263   0.93590909
  -0.28772727  -4.74666667  -4.64888889  -5.94363636  -1.85096942  -6.3725
  -0.37083333   0.           0.           0.           0.           0.           0.
   0.           0.           0.           0.           0.           0.           0.
   0.           0.           0.           0.           0.           0.           0.
   0.           0.        ]
 Objectives (Sil) : 0.471796006866
 Objectives (PBM) : 83.0764720755
Cluster size 15 :20
Predicted Label for 15: [19 19 19 19 19 19 19 19 19 19 19 19 19 19 19 19 19 19 19 19 19 19 19 19 19
 19 19 19 19 19 19 19 19 19 19 19 19 19 19 19 19 19 19 19 19 19 19 19 19 19
  0  0  0  0  0  0  0  0  0  0  0  0  0  0  0  0  0  0  0  0  0  0  0  0  0
  0  0  0  0  0  0  0  0  0  0  0  0  0  0  0  0  0  0  0  0  0  0  0  0  0
  8  8  8  8  8  5  8  8  5  5  8  8  8  5  5  5  8  8  5  8  5  5  8  5  8
  8  8  5  5  8  5  5  8  8  5  5  8  5  5  8  5  5  5  5  8  8  5  5  8  5
  6  3 11  7  7 11  3  7  6 11 11  7 11  3  7  6  7 11  6 11 11  3  3 11  7
 11 11  3  3 11  7  3 11  6 11  3  7 11  7  7 11  6  3  3 11  6  7  6  3  3
  0  1  1  1  1  1  1  1  1  1  1  1  1  1  1  1  1  1  1  1  1  1  1  1  1
  1  1  1  1  1  1  1  1  1  1  0  1  1  1  1  1  1  0  1  1  1  1  1  1  0
  4  4  4  4  4  4  4  4  4  4  4  4  4  4  4  4  4  4  4  4 18  4  4  4  4
 18  4  4  4  4  4  4  4  4  4  4 18  4  4 18  4  4  4  4  4 18  4  4  4  4
  2  2  2  2  2  2  2  2  2  2  2  2  2  2  2  2  2  2  2  2  2  2  2  2  2
  2  2  2  2  2  2  2  2  2  2  2  2  2  2  2  2  2  2  2  2  2  2  2  2  2
  1  1  1  1  1  1  1  1  1  1  1  1  1  1  1  1  1  1  1  1  1  1  1  1  1
  1  1  1  1  1  1  1  1  1  1  1  1  1  1  1  1  1  1  1  1  1  1  1  1  1
 12 14 15 14 16 17 15  9 16 17 17 16 13 14 15 15 17 14 16 16 18  9 14 13 17
 17 17 18 16 17 18 17 16 18 14 16 15  9 15 16 18 14 18 17 17 12 18 17 15 17
 10  4 10 10 10 10 10 10 10 10 10 10 10 10 10 10 10 10 10 10 10 10 10 10 10
 10  4 10 10 10 10 10 10 10 10 10 10 10 10  4 10 10 10 10 10 10 10 10 10 10]
 ARI Score 15 : 0.732741094622
Minkowski score 15 : 0.688387645895
------------------------------------------------------------------------------------------------------------
chromosome 16 : [ -7.11666667   1.88833333   9.48125      9.73125    -14.63966102
  -2.83559322  -4.990625     3.0725      15.48617021   3.02085106
   0.51717949  -0.23205128   5.99263158   4.37210526  -1.87181818
   0.57545455   9.49333333  11.11333333  11.88727273  -0.26        12.745
   0.74166667  -7.85615385   3.62        -3.19789474  -5.21421053
   9.06533333   0.32933333 -11.06685714   0.21657143  -9.45466667
   1.93266667   6.54392857   9.52321429  10.286       -0.91666667   0.545
  -5.3925       3.77515152   3.87727273   0.35958333   8.04895833
  -1.36888889  -6.56185185]
 Objectives (Sil) : 0.47130133242
 Objectives (PBM) : 176.968757479
Cluster size 16 :18
Predicted Label for 16: [17  9  9  9  9  0  0 17 16 16 17  9 17 16 16 17  9  9 17  0 17 16  0 17  0
  0 16 16 16 16  0  0  9  0  9 16 17  0 16  9  0 17  9 17 16  0 16  9  9  0
  6  6  6  7  6  7  7  7  6  7  6  7  7  6  7  7  6  6  6  7  6  6  7  7  6
  7  6  6  6  7  7  7  7  7  6  6  7  7  6  6  6  7  6  7  7  7  6  7  7  7
  5  5  5  5  5 12  5  5 12 12  5  5  5 12 12 12  5  5 12  5 12 12  5 12  5
  5  5 12 12  5 12 12  5  5 12 12  5 12 12  5 12 12 12 12  5  5 12 12  5 12
 11 11 11 11 11 11 11 11 11 11 11 11 11 11 11 11 11 11 11 11 11 11 11 11 11
 11 11 11 11 11 11 11 11 11 11 11 11 11 11 11 11 11 11 11 11 11 11 11 11 11
 13 13 13 13 13 13 13 13 13 13 13 13 13 13 13 13 13 13 13 13 13 13 13 10 13
 13 13 13 13 13 13 13 13 13 13 13 13 13 13 13 13 13 13 13 13 13 13 13 13 13
 14 14 14 14 14 14 14 14 14 14 14 14 14 14 14 14 14 14 14 14  2 14 14 14 14
 14 14 14 14 14 14 14 14 14 14 14 14 14 14 14 14 14 14 14 14 14 14 14 14 14
  1  1  1  1  1  8  8  1  8  1  8  8  1  1  8  1  8  1  1  1  1  8  1  1  1
  8  1  8  8  8  1  8  1  8  8  1  1  8  1  1  1  8  8  8  8  8  1  8  1  8
 10  4  4 10  4 10  4 10  4 10  4 10  4  4  4 10  4  4 10 10 10  4  4  4  4
 10 10  4 10  4 10  4 10  4  4  4 10  4  4 10 10  4  4  4 10  4  4  4  4 10
  2  2  2  2  2  2  2  2  2  2  2  2  2  2  2  2  2  2  2  2  2  2  2  2  2
  2  2  2  2  2  2  2  2  2  2  2  2  2  2  2  2  2  2  2  2  2  2  2  2  2
  3 15  3 15  3 15  3  3 15 15 15  3 15 15 15  3  3  3 15 15 15  3 15 15 15
 15 15  3  3 15  3  3 15  3 15 15 15  3  3 15  3  3  3  3  3  3 15 15 15  3]
 ARI Score 16 : 0.777282982292
Minkowski score 16 : 0.585191404236
------------------------------------------------------------------------------------------------------------
chromosome 17 : [ -3.55079027e+00  -6.47739615e+00  -5.66281271e-01   7.07813103e+00
   1.59850192e+01   7.90369032e+00  -8.85589004e+00   2.14120395e+00
  -4.23795833e+00   8.73333333e+00  -2.50081805e+00   9.83500000e+00
  -8.39375000e+00  -7.15571429e+00  -1.13151754e+01  -4.65500000e+00
  -9.84183566e+00  -1.22657343e-01   2.09340000e+00   9.78060000e+00
  -2.65085586e+00  -6.14214286e+00  -1.15353697e+01   2.54444862e+00
   3.67983333e+00   8.02883333e+00  -4.38838384e+00  -5.66338384e+00
   3.41818182e-03  -3.19854545e-01   3.90263657e+00  -4.25353958e-01
  -1.07086970e+01   2.90300000e+00  -1.01000000e+00   8.50000000e+00
   0.00000000e+00   0.00000000e+00   0.00000000e+00   0.00000000e+00
   0.00000000e+00   0.00000000e+00   0.00000000e+00   0.00000000e+00]
 Objectives (Sil) : 0.469854683581
 Objectives (PBM) : 220.718315329
Cluster size 17 :16
Predicted Label for 17: [ 1  4  4  4  4  4  4  1  4  4  1  4  1  4  4  1  4  4  1  4  1  4  4  1  4
  4  4  4  4  4  4  4  4  4  4  4  1  4  4  4  4  1  4  1  4  4  4  4  4  4
 15 15 15  1 15 15  1  1 15  1 15  1 15 15 15 15 15 15 15 15 15 15 15 15 15
  1 15 15 15 15 15 15  1 15 15 15  1 15 15 15 15  1 15 15 15 15 15 15 15 15
  0  0  0  0  0 10  0  0 10 10  0  0  0 10 10 10  0  0 10  0 10 10  0 10  0
  0  0 10 10  0 10 10  0  0 10 10  0 10 10  0 10 10 10 10  0  0 10 10  0 10
 14 14 14 14 14 14 14 14 14 14 14 14 14 14 14 14 14 14 14 14 14 14 14 14 14
 14 14 14 14 14 14 14 14 14 14 14 14 14 14 14 14 14 14 14 14 14 14 14 14 14
  6  5  5  5  5  6  6  6  6  6  5  5  6  6  5  5  5  5  5  6  6  6  5  5  6
  6  5  6  6  5  5  6  6  5  6  6  5  5  6  6  6  6  6  5  6  5  6  6  5  6
 11 11 11 11 11 11 11 11 11 11 11 11 11 11 11 11 11 11 11 11  8 11 11 11 11
  8 11 11 11 11 11 11 11 11 11 11  8 11 11  8 11 11 11 11 11  8 11 11 11 11
 12 12 12 12 12  9  9 12  9 12  9  9 12 12 12 12  9 12 12 12 12  9 12 12 12
  9 12  9  9  9 12  9 12  9  9 12 12 12 12 12 12  9  9  9  9  9 12  9 12  9
 13  2  2 13  2 13  2 13  2 13  2 13  2  2  2 13  2  2 13 13 13  2  2  2  2
 13 13  2 13  2 13  2 13  2  2  2 13  2  2 13 13  2  2  2 13  2  2  2  2 13
  7  7  7  7  7  8  7  7  7  8  8  7  7  7  7  7  8  8  7  7  8  7  7  7  8
  8  8  8  7  8  8  8  7  8  7  7  7  7  7  7  8  7  8  8  8  7  8  8  7  8
  3 11  3  3  3  3  3  3  3  3  3  3  3  3  3  3  3  3  3  3  3  3  3  3  3
  3 11  3  3  3  3  3  3  3  3  3  3  3  3 11  3  3  3  3  3  3  3  3  3  3]
 ARI Score 17 : 0.759552769702
Minkowski score 17 : 0.610252540564
------------------------------------------------------------------------------------------------------------
chromosome 18 : [ -0.32333333   8.00472222   7.88836735   9.77367347  -7.0378       2.8776
   0.98125     -0.69458333  -0.9244      -5.2372       6.30928571
   4.32071429  10.2637037    0.83074074 -13.0839      -1.5573      -0.9284
   0.6348       2.78333333   3.815        4.74611111   3.03166667
   3.13428571   4.79         3.914        5.098        2.8875       8.8925
  14.99810345   2.3012069   10.32066667  -1.11266667  -2.815       -6.49230769
   2.51857143   7.31571429   0.           0.           0.           0.           0.
   0.           0.           0.        ]
 Objectives (Sil) : 0.465974523168
 Objectives (PBM) : 155.944785839
Cluster size 18 :20
Predicted Label for 18: [ 0  0 13 13 13 13 13  0 13 13  0 13  0 13 13  0  0 13  0 13  0 13 13  0 13
 13 13 13 13 13 13 13 13 13  0 13  0 13 13  0 13  0 13  0 13 13 13 13  0 13
 10 10 10 17 10 17 17 17 10 17 10 17 17 10 17 17 10 10 10 17 10 10 17 17 10
 17 10 10 10 17 17 17 17 17 10 10 17 17 10 10 10 17 10 17 17 17 10 17 17 17
  8  8  8  8  8 16  8  8 16 16  8  8  8 16 16 16  8  8 16  8 16 16  8 16  8
  8  8 16 16  8 16 16  8  8 16 16  8 16 16  8 16 16 16 16  8  8 16 16  8 16
 11 11 18  6  6 18 18  6 11 18 18  6 11  3  6 11  6 18 11 18 18 11  3 18  6
 18 18 11  3 18  6  3 18 11 18 11  6 18  6  6 18 11  3  3 11 11  6 11 11  3
 15 14 15 14 14 15 15 15 15 15 15 14 15 15 14 14 14 14 15 15 15 15 14 14 15
 15 14 15 15 14 14 15 15 14 15 15 14 14 15 15 15 15 15 14 15 14 15 15 14 15
  4  4  4  4  4  4  4  4  4  4  4  4  4  4  4  4  4  4  4  4  7  4  4  4  4
  4  4  4  4  4  4  4  4  4  4  4  4  4  4  4  4  4  4  4  4  4  4  4  4  4
 12 12 12 12 12  1  1 12  1 12  1  1 12 12 12 12  1 12 12 12 12  1 12 12 12
  1 12  1  1  1 12  1 12  1  1 12 12 12 12 12 12  1  1  1  1  1 12  1 12  1
 14  9  9 14  9  9  9  9  9 14  9  9  9  9  9 14  9  9 14 14  9  9  9  9  9
  9 14  9 14  9 14  9  9  9  9  9  9  9  9 14 14  9  9  9  9  9  9  9  9  9
  7  7  7  7  7  7  7  7  7  7  7  7  7  7  7  7  7  7  7  7  7  7  7  7  7
  7  7  7  7  7  7  7  7  7  7  7  7  7  7  7  7  7  7  7  7  7  7  7  7  7
  5  2 19 19  5 19  5  5  2  2 19  5 19  2  2  5  5  5  2 19 19  5  2  2  2
  2  2  5  5  2 19  5 19  2  2  2 19  5  5  2  2  5  5 19 19 19  2  2 19  2]
 ARI Score 18 : 0.698584322666
Minkowski score 18 : 0.667740631548
------------------------------------------------------------------------------------------------------------
chromosome 19 : [ -8.0389972    1.84297487 -13.16654807  -1.28816667  12.99522727
   2.31746169   1.74892242   6.50323661  16.19         1.98         0.           0.
   0.           0.           0.           0.           0.           0.           0.
   0.           0.           0.           0.           0.           0.           0.
   0.           0.           0.           0.           0.           0.           0.
   0.           0.           0.           0.           0.           0.           0.
   0.           0.           0.           0.        ]
 Objectives (Sil) : 0.489502339525
 Objectives (PBM) : 269.169667794
Cluster size 19 :6
Predicted Label for 19: [3 3 3 3 3 3 3 3 3 3 3 3 3 3 3 3 3 3 3 3 3 3 3 3 3 3 3 3 3 3 3 3 3 3 3 3 3
 3 3 3 3 3 3 3 3 3 3 3 3 3 3 3 2 3 3 3 3 3 3 3 3 3 3 2 3 3 3 3 2 3 2 3 3 3
 3 3 3 3 2 3 3 3 3 3 3 3 3 3 3 3 3 3 2 3 3 3 2 3 3 3 5 5 5 5 5 5 5 5 5 5 5
 5 5 5 5 5 5 5 5 5 5 5 5 5 5 5 5 5 5 5 5 5 5 5 5 5 5 5 5 5 5 5 5 5 5 5 5 5
 5 5 5 5 5 5 5 5 5 5 5 5 5 5 5 5 5 5 5 5 5 5 5 5 5 5 5 5 5 5 5 5 5 5 5 5 5
 5 5 5 5 5 5 5 5 5 5 5 5 5 5 5 2 2 2 2 2 2 2 2 2 2 2 2 2 2 2 2 2 2 2 2 2 2
 2 4 2 2 2 2 2 2 2 2 2 2 2 2 2 2 2 2 2 2 2 2 2 2 2 2 2 2 1 1 1 1 1 1 1 1 1
 1 1 1 1 1 1 1 0 1 1 1 0 1 1 1 1 0 1 1 1 1 1 1 1 1 1 1 0 1 1 0 1 1 1 1 1 0
 1 1 1 1 3 3 3 3 3 3 3 3 3 3 3 3 3 3 3 3 3 3 3 3 3 3 3 3 3 3 3 3 3 3 3 3 3
 3 3 3 3 3 3 3 3 3 3 3 3 3 3 3 3 3 4 4 4 4 4 4 4 4 4 4 4 4 4 4 4 4 4 4 4 4
 4 4 4 4 4 4 4 4 4 4 4 4 4 4 4 4 4 4 4 4 4 4 4 4 4 4 4 4 4 4 0 0 0 0 0 0 0
 0 0 0 0 0 0 0 0 0 0 0 0 0 0 0 0 0 0 0 0 0 0 0 0 0 0 0 0 0 0 0 0 0 0 0 0 0
 0 0 0 0 0 0 1 1 1 1 1 1 1 1 1 1 1 1 1 1 1 1 1 1 1 1 1 1 1 1 1 1 1 1 1 1 1
 1 1 1 1 1 1 1 1 1 1 1 1 1 1 1 1 1 1 1]
 ARI Score 19 : 0.592122798699
Minkowski score 19 : 1.02248197429
------------------------------------------------------------------------------------------------------------
chromosome 20 : [ -3.16385589   0.67947297  10.50858741   0.95440404 -13.01        -3.99
   0.           0.           0.           0.           0.           0.           0.
   0.           0.           0.           0.           0.           0.           0.
   0.           0.           0.           0.           0.           0.           0.
   0.           0.           0.           0.           0.           0.           0.
   0.           0.           0.           0.           0.           0.           0.
   0.           0.           0.        ]
 Objectives (Sil) : 0.437462981606
 Objectives (PBM) : 500.355813051
Cluster size 20 :3
Predicted Label for 20: [0 0 0 0 0 0 0 0 0 0 0 0 0 0 0 0 0 0 0 0 0 0 0 0 0 0 0 0 0 0 0 0 0 0 0 0 0
 0 0 0 0 0 0 0 0 0 0 0 0 0 1 1 1 0 1 0 0 0 1 0 1 0 0 1 0 0 0 1 1 0 1 1 0 0
 1 0 1 1 1 0 0 0 0 0 1 0 0 0 1 1 1 0 1 0 0 0 1 0 0 0 0 0 0 0 0 0 0 0 0 0 0
 0 0 0 0 0 0 0 0 0 0 0 0 0 0 0 0 0 0 0 0 0 0 0 0 0 0 0 0 0 0 0 0 0 0 0 0 0
 0 0 0 0 0 0 0 0 0 0 0 0 0 0 0 0 0 0 0 0 0 0 0 0 0 0 0 0 0 0 0 0 0 0 0 0 0
 0 0 0 0 0 0 0 0 0 0 0 0 0 0 0 1 1 1 1 1 1 1 1 1 1 1 1 1 1 1 1 1 1 1 1 1 1
 1 1 1 1 1 1 1 1 1 1 1 1 1 1 1 1 1 1 1 1 1 1 1 1 1 1 1 1 2 2 2 2 2 2 2 2 2
 2 2 2 2 2 2 2 2 2 2 2 2 2 2 2 2 2 2 2 2 2 2 2 2 2 2 2 2 2 2 2 2 2 2 2 2 2
 2 2 2 2 1 1 1 1 1 1 1 1 1 1 1 1 1 1 1 1 1 1 1 1 1 1 1 1 1 1 1 1 1 1 1 1 1
 1 1 1 1 1 1 1 1 1 1 1 1 1 1 1 1 1 1 1 1 1 1 1 1 1 1 1 1 1 1 1 1 1 1 1 1 1
 1 1 1 1 1 1 1 1 1 1 1 1 1 1 1 1 1 1 1 1 1 1 1 1 1 1 1 1 1 1 2 2 2 2 2 2 2
 2 2 2 2 2 2 2 2 2 2 2 2 2 2 2 2 2 2 2 2 2 2 2 2 2 2 2 2 2 2 2 2 2 2 2 2 2
 2 2 2 2 2 2 0 2 2 2 0 2 0 0 2 2 2 0 2 2 2 0 0 0 2 2 2 0 2 2 2 2 2 0 0 2 2
 0 2 2 2 2 2 0 0 2 2 0 0 0 2 0 2 2 2 2]
 ARI Score 20 : 0.297154773446
Minkowski score 20 : 1.63150112423
------------------------------------------------------------------------------------------------------------
chromosome 21 : [-12.3065715    9.34939394 -13.593       -5.84         9.27370555
  -1.01070022   7.70785125   7.21291436  16.19        -2.0477381
  13.34294386  -6.54363636  16.57869565   4.7368857    8.20850877
   3.75807303   9.63663893   1.4122129    0.           0.           0.           0.
   0.           0.           0.           0.           0.           0.           0.
   0.           0.           0.           0.           0.           0.           0.
   0.           0.           0.           0.           0.           0.           0.
   0.        ]
 Objectives (Sil) : 0.50828188378
 Objectives (PBM) : 229.259011976
Cluster size 21 :14
Predicted Label for 21: [ 3  3  4  4  4  4  4  3  4  4  3  4  3  4  4  3  3  4  3  4  3  4  4  3  4
  4  4  4  4  4  4  4  4  4  3  4  3  4  4  3  4  3  4  3  4  4  4  4  3  4
 12 12 12 12 12 12 12 12 12 12 12 12 12 12 12 12 12 12 12 12 12 12 12 12 12
 12 12 12 12 12 12 12 12 12 12 12 12 12 12 12 12 12 12 12 12 12 12 12 12 12
  8  8  8  8  8 10  8  8 10 10  8  8  8 10 10 10  8  8 10  8 10 10  8 10  8
  8  8 10 10  8 10 10  8  8 10 10  8 10 10  8 10 10 10 10  8  8 10 10  8 10
  5  5  5  5  5  5  5  5  5  5  5  5  5  5  5  5  5  5  5  5  5  5  5  5  5
  5  5  5  5  5  5  5  5  5  5  5  5  5  5  5  5  5  5  5  5  5  5  5  5  5
  0  0  0  0  0  0  0  0  0  0  0  0  0  0  0  0  0  0  0  0  0  0  0  0  0
  0  0  0  0  0  0  0  0  0  0  0  0  0  0  0  0  0  0  0  0  0  0  0  0  0
 13 13 13 13 13 13 13 13 13 13 13 13 13 13 13 13 13 13 13 13  6 13 13 13 13
 13 13 13 13 13 13 13 13 13 13 13 13 13 13 13 13 13 13 13 13  6 13 13 13 13
  2  2  7  2  2  9  7  2  7  2  9  9  2  2  7  2  9  2  2  2  2  9  2  7  2
  7  7  9  7  9  2  9  7  9  9  7  2  7  2  2  2  9  9  9  7  9  2  9  2  9
 11 11 11 11 11 11 11 11 11 11 11 11 11 11 11 11 11 11 11 11 11 11 11 11 11
 11 11 11 11 11 11 11 11 11 11 11 11 11 11 11 11 11 11 11 11 11 11 11 11 11
  6  6  6  6  6  6  6  6  6  6  6  6  6  6  6  6  6  6  6  6  6  6  6  6  6
  6  6  6  6  6  6  6  6  6  6  6  6  6  6  6  6  6  6  6  6  6  6  6  6  6
  1 13  1  1  1  1  1  1  1  1  1  1  1  1  1  1  1  1  1  1  1  1  1  1  1
  1 13  1  1  1  1  1  1  1  1  1  1  1  1 13  1  1  1  1  1  1  1  1  1  1]
 ARI Score 21 : 0.880162344419
Minkowski score 21 : 0.44794314508
------------------------------------------------------------------------------------------------------------
chromosome 22 : [ -9.75309445e+00  -3.06618992e+00   1.14670575e+00   2.18252417e+00
  -4.15276372e+00   4.97938885e+00   6.73825743e+00   7.19932082e+00
  -6.85640906e+00  -9.92771855e-01  -8.81565823e+00  -4.31829955e+00
   1.02442071e+01   2.07704250e+00   7.07924224e+00   5.30023249e+00
   9.63663893e+00  -3.46954132e-01   1.28400000e+01   2.44076834e+00
   6.76575939e+00   4.15000000e+00   1.05506406e+00   2.03527778e+00
   5.02327870e+00  -1.33285678e-01  -8.74721765e+00  -4.57553819e+00
  -1.24895574e-02   4.15131660e+00  -4.09208192e+00  -1.70379932e+00
   3.29348508e+00   7.08989674e-01   5.41416118e+00   3.23382353e-01
   3.59839744e-01  -1.60773504e+00   0.00000000e+00   0.00000000e+00
   0.00000000e+00   0.00000000e+00   0.00000000e+00   0.00000000e+00]
 Objectives (Sil) : 0.437462981606
 Objectives (PBM) : 125.088953263
Cluster size 22 :3
Predicted Label for 22: [1 1 1 1 1 1 1 1 1 1 1 1 1 1 1 1 1 1 1 1 1 1 1 1 1 1 1 1 1 1 1 1 1 1 1 1 1
 1 1 1 1 1 1 1 1 1 1 1 1 1 2 2 2 1 2 1 1 1 2 1 2 1 1 2 1 1 1 2 2 1 2 2 1 1
 2 1 2 2 2 1 1 1 1 1 2 1 1 1 2 2 2 1 2 1 1 1 2 1 1 1 1 1 1 1 1 1 1 1 1 1 1
 1 1 1 1 1 1 1 1 1 1 1 1 1 1 1 1 1 1 1 1 1 1 1 1 1 1 1 1 1 1 1 1 1 1 1 1 1
 1 1 1 1 1 1 1 1 1 1 1 1 1 1 1 1 1 1 1 1 1 1 1 1 1 1 1 1 1 1 1 1 1 1 1 1 1
 1 1 1 1 1 1 1 1 1 1 1 1 1 1 1 2 2 2 2 2 2 2 2 2 2 2 2 2 2 2 2 2 2 2 2 2 2
 2 2 2 2 2 2 2 2 2 2 2 2 2 2 2 2 2 2 2 2 2 2 2 2 2 2 2 2 0 0 0 0 0 0 0 0 0
 0 0 0 0 0 0 0 0 0 0 0 0 0 0 0 0 0 0 0 0 0 0 0 0 0 0 0 0 0 0 0 0 0 0 0 0 0
 0 0 0 0 2 2 2 2 2 2 2 2 2 2 2 2 2 2 2 2 2 2 2 2 2 2 2 2 2 2 2 2 2 2 2 2 2
 2 2 2 2 2 2 2 2 2 2 2 2 2 2 2 2 2 2 2 2 2 2 2 2 2 2 2 2 2 2 2 2 2 2 2 2 2
 2 2 2 2 2 2 2 2 2 2 2 2 2 2 2 2 2 2 2 2 2 2 2 2 2 2 2 2 2 2 0 0 0 0 0 0 0
 0 0 0 0 0 0 0 0 0 0 0 0 0 0 0 0 0 0 0 0 0 0 0 0 0 0 0 0 0 0 0 0 0 0 0 0 0
 0 0 0 0 0 0 1 0 0 0 1 0 1 1 0 0 0 1 0 0 0 1 1 1 0 0 0 1 0 0 0 0 0 1 1 0 0
 1 0 0 0 0 0 1 1 0 0 1 1 1 0 1 0 0 0 0]
 ARI Score 22 : 0.297154773446
Minkowski score 22 : 1.63150112423
------------------------------------------------------------------------------------------------------------
chromosome 23 : [ -0.83135135   7.62243243  -0.07        -5.84         2.93555556
   6.9662963  -12.005        1.565        3.67809524   3.52952381
  -2.60878788   1.62272727  13.16381443   1.41123711 -12.72666667
   0.08166667  -2.58703704  -4.64888889 -15.18653061  -3.11244898
   6.61571429   3.21190476  -9.28957746   1.23084507   0.99423077
  -0.48346154   7.8378       9.7806      -1.70941176  -7.08411765   0.           0.
   0.           0.           0.           0.           0.           0.           0.
   0.           0.           0.           0.           0.        ]
 Objectives (Sil) : 0.476021831177
 Objectives (PBM) : 189.851378816
Cluster size 23 :18
Predicted Label for 23: [13 13 13 13 13 13 13  2 13 13 13 13 13 13 13  2 13 13 13 13 13 13 13 13 13
 13 13 13 13 13 13 13 13 13 13 13 13 13 13 13 13 13 13 13 13 13 13 13 13 13
 16 16 16  2 16  2  2  2 16  2 16  2  2 16  2  2 16 16 16  2 16 16  2  2 16
  2 16 16 16  2  2  2  2  2 16 16  2  2 16 16 16  2 16  2  2  2 16  2  2  2
  8  8  8  8  8 14  8  8 14 14  8  8  8 14 14 14  8  8 14  8 14 14  8 14  8
  8  8 14 14  8 14 14  8  8 14 14  8 14 14  8 14 14 14 14  8  8 14 14  8 14
 17  4 15 17 15 15  4 17 17 15 15 15 15  4 17  4 17 15  4 15 15  4  4 15 17
 15 15  4  4 15 17  4 15  4 15  4 17 15 17 17 15  4  4  4 15  4 17  4  4  4
 12 12 12 12 12 12 12 12 12 12 12 12 12 12 12 12 12 12 12 12 12 12 12 10 12
 12 12 12 12 12 12 12 12 12 12 12 12 12 12 12 12 12 12 12 12 12 12 12 12 12
 11 11 11 11 11 11 11 11 11 11 11 11 11 11 11 11 11 11 11 11  9 11 11 11 11
  9 11 11 11 11 11 11 11 11 11 11  9 11 11  9 11 11 11 11 11  9 11 11 11 11
  1  1  1  1  1  1  1  1  1  1  1  1  1  1  1  1  1  1  1  1  1  1  1  1  1
  1  1  1  1  1  1  1  1  1  1  1  1  1  1  1  1  1  1  1  1  1  1  1  1  1
 10  6  6 10  6 10  6 10  6 10  6 10  6  6  6 10  6  6 10 10 10  6  6  6  6
 10 10  6 10  6 10  6 10  6  6  6 10  6  6 10 10  6  6  6 10  6  6  6  6 10
  3  3  3  3  3  9  3  3  3  9  9  3  3  3  3  3  9  9  3  3  9  3  3  3  9
  9  9  9  3  9  9  9  3  9  3  3  3  3  3  3  9  3  9  9  9  3  9  9  3  9
  0  7  7  5  0  7  0  0  5  7  7  0  7  7  7  0  0  0  7  7  7  0  7  5  7
  5  7  0  0  7  7  0  7  5  7  5  7  0  0  7  5  0  0  0  7  0  5  7  7  5]
 ARI Score 23 : 0.753560527738
Minkowski score 23 : 0.613055246037
------------------------------------------------------------------------------------------------------------
chromosome 24 : [ -3.55079027e+00  -6.47739615e+00  -5.66281271e-01   7.07813103e+00
   1.59850192e+01   7.90369032e+00  -8.85589004e+00   2.14120395e+00
  -4.23795833e+00   8.73333333e+00  -2.50081805e+00   9.83500000e+00
  -8.39375000e+00  -7.15571429e+00  -1.13151754e+01  -4.65500000e+00
  -9.84183566e+00  -1.22657343e-01   2.09340000e+00   9.78060000e+00
  -2.65085586e+00  -6.14214286e+00  -1.15353697e+01   2.54444862e+00
   3.67983333e+00   8.02883333e+00  -4.38838384e+00  -5.66338384e+00
   3.41818182e-03  -3.19854545e-01   3.90263657e+00  -4.25353958e-01
  -1.07086970e+01   2.90300000e+00  -1.01000000e+00   8.50000000e+00
   0.00000000e+00   0.00000000e+00   0.00000000e+00   0.00000000e+00
   0.00000000e+00   0.00000000e+00   0.00000000e+00   0.00000000e+00]
 Objectives (Sil) : 0.497108552272
 Objectives (PBM) : 120.132604099
Cluster size 24 :16
Predicted Label for 24: [ 9  9  9  9  9  9  9  9  9  9  9  9  9  9  9  9  9  9  9  9  9  9  9  9  9
  9  9  9  9  9  9  9  9  9  9  9  9  9  9  9  9  9  9  9  9  9  9  9  9  9
 14 14 14 14 14 14 14 14 14 14 14 14 14 14 14 14 14 14 14 14 14 14 14 14 14
 14 14 14 14 14 14 14 14 14 14 14 14 14 14 14 14 14 14 14 14 14 14 14 14 14
 10 10 10 15 10 15 10 15 13 13  6  6 10 13 15 13 10 10  6  6 13 13 10  6 10
  6 10 15 15 10 13 13 10  6 13 15 10 15 15 15  6 13 13 15 10 10 15 15 10 13
  3  3  3  3  3  3  3  3  3  3  3  3  3  3  3  3  3  3  3  3  3  3  3  3  3
  3  3  3  3  3  3  3  3  3  3  3  3  3  3  3  3  3  3  3  3  3  3  3  3  3
  2  2  2  2  2  2  2  2  2  2  2  2  2  2  2  2  2  2  2  2  2  2  2  2  2
  2  2  2  2  2  2  2  2  2  2 14  2  2  2  2  2  2  2  2  2  2  2  2  2  2
 11 11 11 11 11 11 11 11 11 11 11 11 11 11 11 11 11 11 11 11  7 11 11 11 11
  7 11 11 11 11 11 11 11 11 11 11  7 11 11  7 11 11 11 11 11  7 11 11 11 11
 12 12 12 12 12 12 12 12 12 12 12 12 12 12 12 12 12 12 12 12 12 12 12 12 12
 12 12 12 12 12 12 12 12 12 12 12 12 12 12 12 12 12 12 12 12 12 12 12 12 12
  2  2  2  2  2  2  2  2  2  2  2  2  2  2  2  2  2  2  2  2  2  2  2  2  2
  2  2  2  2  2  2  2  2  2  2  2  2  2  2  2  2  2  2  2  2  2  2  2  2  2
  0  0  0  0  0  7  0  0  0  7  7  0  0  0  0  0  7  0  0  0  7  0  0  0  7
  7  7  7  0  7  7  7  0  7  0  0  0  0  0  0  7  0  7  7  7  0  7  7  0  7
  1  5  8  4  1  8  1  1  4  5  8  1  8  5  5  1  1  1  5  8  8  1  5  5  5
  5  5  1  1  5  8  1  8  4  5  4  8  1  1  5  4  1  1  8  8  8  5  5  8  4]
 ARI Score 24 : 0.75935065415
Minkowski score 24 : 0.657639563833
------------------------------------------------------------------------------------------------------------
chromosome 25 : [ -1.32404705e+01  -6.47739615e+00  -4.50560376e+00   1.37565479e+00
   1.47871766e+01   8.05571330e+00  -4.54964985e+00   1.08764697e+00
  -4.90276867e+00   6.09062205e+00  -1.11322199e+01   6.43562500e+00
  -1.55989279e+00  -3.33018762e+00  -1.09492774e+01  -4.00082399e+00
  -5.47433965e+00  -3.93188307e-01   5.78400000e-01   6.14560000e+00
  -2.65085586e+00  -6.14214286e+00  -1.15353697e+01   2.54444862e+00
   3.67983333e+00   8.02883333e+00  -4.38838384e+00  -5.66338384e+00
   3.41818182e-03  -3.19854545e-01  -3.03000000e+00  -7.27000000e+00
   0.00000000e+00   0.00000000e+00   0.00000000e+00   0.00000000e+00
   0.00000000e+00   0.00000000e+00   0.00000000e+00   0.00000000e+00
   0.00000000e+00   0.00000000e+00   0.00000000e+00   0.00000000e+00]
 Objectives (Sil) : 0.467080630961
 Objectives (PBM) : 136.185731134
Cluster size 25 :10
Predicted Label for 25: [4 4 4 4 4 4 4 4 4 4 4 4 4 4 4 4 4 4 4 4 4 4 4 4 4 4 4 4 4 4 4 4 4 4 4 4 4
 4 4 4 4 4 4 4 4 4 4 4 4 4 0 6 6 0 6 0 4 4 6 4 6 4 0 0 0 0 0 6 6 0 0 6 0 0
 6 4 0 0 0 0 0 0 4 0 0 0 4 0 6 0 6 4 0 0 0 0 0 0 4 0 8 8 8 8 8 5 8 8 5 5 8
 8 8 5 5 5 8 8 5 8 5 5 8 5 8 8 8 5 5 8 5 5 8 8 5 5 8 5 5 8 5 5 5 5 8 8 5 5
 8 5 0 0 0 0 0 0 0 0 0 0 0 0 0 0 0 0 0 0 0 0 0 0 0 0 0 0 0 0 0 0 0 0 0 0 0
 0 0 0 0 0 0 0 0 0 0 0 0 0 0 0 2 2 2 2 2 2 2 2 2 2 2 2 2 2 2 2 2 2 2 2 2 2
 2 2 2 2 2 2 2 2 2 2 2 2 2 2 2 2 2 2 2 2 2 2 2 2 2 2 2 2 1 1 1 1 1 1 1 1 1
 1 1 1 1 1 1 1 1 1 1 1 9 1 1 1 1 9 1 1 1 1 1 1 1 1 1 1 9 1 1 9 1 1 1 1 1 9
 1 1 1 1 6 6 6 6 6 6 6 6 6 6 6 6 6 6 6 6 6 6 6 6 6 6 6 6 6 6 6 6 6 6 6 6 6
 6 6 6 6 6 6 6 6 6 6 6 6 6 6 6 6 6 2 2 2 2 2 2 2 2 2 2 2 2 2 2 2 2 2 2 2 2
 2 2 2 2 2 2 2 2 2 2 2 2 2 2 2 2 2 2 2 2 2 2 2 2 2 2 2 2 2 2 3 3 3 3 3 9 3
 3 3 9 9 3 3 3 3 3 9 3 3 3 9 3 3 3 9 9 9 9 3 9 9 9 3 9 3 3 3 3 3 3 9 3 9 9
 9 3 9 9 3 9 7 1 7 7 7 7 7 7 7 1 7 7 7 7 7 7 7 7 7 7 7 7 7 7 7 7 1 7 7 7 7
 7 7 7 7 7 7 7 7 1 7 7 7 7 7 7 7 7 7 7]
 ARI Score 25 : 0.68878793015
Minkowski score 25 : 0.788333297378
------------------------------------------------------------------------------------------------------------
chromosome 26 : [  8.33939394   7.36159739  -1.22033081   7.3512719    4.81205542
   9.37683448   4.63693997   9.932       -1.19123397   8.73333333
   4.37009392   9.28278733 -11.96090097  -7.15571429   7.32902147
  10.61764706  -1.36037953  11.11333333  12.84         9.01606531
  -7.54845643  -2.5753125   15.64488372   4.17725984   4.08060905   8.78
 -10.38        -0.43         0.           0.           0.           0.           0.
   0.           0.           0.           0.           0.           0.           0.
   0.           0.           0.           0.        ]
 Objectives (Sil) : 0.49046903169
 Objectives (PBM) : 225.044251369
Cluster size 26 :13
Predicted Label for 26: [ 3  2  2  2  2  2  2  3  2  2  3  2  3  2  2  3  2  2  3  2  3  2  2  3  2
  2  2  2  2  2  2  2  2  2  2  2  3  2  2  2  2  3  2  3  2  2  2  2  2  2
 10 10 10  3 10 10  3  3 10  3 10  3 10 10 10 10 10 10 10 10 10 10 10 10 10
  3 10 10 10 10 10 10  3 10 10 10  3 10 10 10 10  3 10 10 10 10 10 10 10 10
  0  0  0  0  0  0  0  0  0  0  0  0  0  0  0  0  0  0  0  0  0  0  0  0  0
  0  0  0  0  0  0  0  0  0  0  0  0  0  0  0  0  0  0  0  0  0  0  0  0  0
  7  8  8  7  7  8  8  7  7  8  8  7  7  8  7  8  7  8  8  8  7  8  8  8  7
  8  8  8  8  8  7  8  7  8  8  8  7  8  7  7  8  7  8  8  8  8  7  7  8  8
 12  6 12  6  6 12 12 12 12 12 12  6 12 12  6  6  6  6 12 12 12 12  6  6 12
 12  6 12 12  6  6 12 12  6 12 12  6  6 12 12 12 12 12  6 12  6 12 12  6 12
  4  4  4  4  4  4  4  4  4  4  4  4  4  4  4  4  4  4  4  4  5  4  4  4  4
  4  4  4  4  4  4  4  4  4  4  4  4  4  4  4  4  4  4  4  4  5  4  4  4  4
  1  1  1  1  1  1  1  1  1  1  1  1  1  1  1  1  1  1  1  1  1  1  1  1  1
  1  1  1  1  1  1  1  1  1  1  1  1  1  1  1  1  1  1  1  1  1  1  1  1  1
  6  9  9  6  9  9  9  9  9  6  9  9  9  9  9  6  9  9  6  6  9  9  9  9  9
  9  6  9  6  9  6  9  9  9  9  9  9  9  9  6  6  9  9  9  9  9  9  9  9  9
  5  5  5  5  5  5  5  5  5  5  5  5  5  5  5  5  5  5  5  5  5  5  5  5  5
  5  5  5  5  5  5  5  5  5  5  5  5  5  5  5  5  5  5  5  5  5  5  5  5  5
 11  4 11 11 11 11 11 11 11 11 11 11 11 11 11 11 11 11 11 11 11 11 11 11 11
 11  4 11 11 11 11 11 11 11 11 11 11 11 11  4 11 11 11 11 11 11 11 11 11 11]
 ARI Score 26 : 0.84354372425
Minkowski score 26 : 0.51062186976
------------------------------------------------------------------------------------------------------------
chromosome 27 : [ -8.4639542    4.45118322  14.04292943   3.03340283  -3.2114952
   9.37683448  -3.41981179   7.55028853   1.75593904   8.29436062
  -4.48562379   2.34937083  -3.65576293  -4.67701602  -3.82381382
   3.05891909   0.45491172  -2.34552435   0.           0.           0.           0.
   0.           0.           0.           0.           0.           0.           0.
   0.           0.           0.           0.           0.           0.           0.
   0.           0.           0.           0.           0.           0.           0.
   0.        ]
 Objectives (Sil) : 0.462631109711
 Objectives (PBM) : 120.20529857
Cluster size 27 :21
Predicted Label for 27: [ 0 11  3  3  3 20 20 11  2  2  0  3  0  9  9  0 11  3  0 20  0  2 20  0 20
 20  2  2  9  2 20 20  3 20 11  9  0 20  2  3 20  0  3 11  9  2  2  3 11 20
 16 16 16 13 16 13 13 13 16 13 16 13 13 16 13 13 16 16 16 13 16 16 13 13 16
 13 16 16 16 13 13 13 13 13 16 16 13 13 16 16 16 13 16 13 13 13 16 13 13 13
  8  8  8  8  8 14  8  8 12 12  8 12  8 14 14 14  8  8 12 12 14 12  8 12  8
 12  8 14 14  8 12 12  8 12 12 14  8 14 14  8 12 12 14 14  8  8 14 12  8 12
 18 15 17 18 18 17 17 18 18 17 17 18 18 15 18 15 18 17 15 17 17 15 17 17 18
 17 17 15 15 17 18 15 17 15 17 15 18 17 18 18 17 15 15 15 17 15 18 15 15 15
  6 10  6 10 10  6  6  6  6  6  6 10  6  6 10 10 10 10  6  6  6  6 10 10  6
  6 10  6  6 10 10  6  6 10  6  6 10 10  6  6  6  6  6 10  6 10  6  6 10  6
  5  5  5  5  5  5  5  5  5  5  5  5  5  5  5  5  5  5  5  5  7  5  5  5  5
  5  5  5  5  5  5  5  5  5  5  5  5  5  5  5  5  5  5  5  5  7  5  5  5  5
  4  4  4  4  4  4  4  4  4  4  4  4  4  4  4  4  4  4  4  4  4  4  4  4  4
  4  4  4  4  4  4  4  4  4  4  4  4  4  4  4  4  4  4  4  4  4  4  4  4  4
 10  1  1 10  1  1  1  1  1 10  1  1  1  1  1 10  1  1 10 10  1  1  1  1  1
  1 10  1 10  1 10  1  1  1  1  1  1  1  1 10 10  1  1  1  1  1  1  1  1  1
  7  7  7  7  7  7  7  7  7  7  7  7  7  7  7  7  7  7  7  7  7  7  7  7  7
  7  7  7  7  7  7  7  7  7  7  7  7  7  7  7  7  7  7  7  7  7  7  7  7  7
 19  5 19 19 19 19 19 19 19 19 19 19 19 19 19 19 19 19 19 19 19 19 19 19 19
 19  5 19 19 19 19 19 19 19 19 19 19 19 19  5 19 19 19 19 19 19 19 19 19 19]
 ARI Score 27 : 0.733908591709
Minkowski score 27 : 0.639068199229
------------------------------------------------------------------------------------------------------------
chromosome 28 : [  3.17030078  -3.03611898  -6.72096359   1.60100212  17.29333333
   9.37683448  -5.01616949   4.47923966  -7.74700684   5.44957282 -16.13
  -1.47         0.           0.           0.           0.           0.           0.
   0.           0.           0.           0.           0.           0.           0.
   0.           0.           0.           0.           0.           0.           0.
   0.           0.           0.           0.           0.           0.           0.
   0.           0.           0.           0.           0.        ]
 Objectives (Sil) : 0.50035435706
 Objectives (PBM) : 319.490368283
Cluster size 28 :6
Predicted Label for 28: [3 3 3 3 3 3 3 3 3 3 3 3 3 3 3 3 3 3 3 3 3 3 3 3 3 3 3 3 3 3 3 3 3 3 3 3 3
 3 3 3 3 3 3 3 3 3 3 3 3 3 3 3 3 3 3 3 3 3 3 3 3 3 3 3 3 3 3 3 3 3 3 3 3 3
 3 3 3 3 3 3 3 3 3 3 3 3 3 3 3 3 3 3 3 3 3 3 3 3 3 3 0 0 0 0 0 0 0 0 0 0 0
 0 0 0 0 0 0 0 0 0 0 0 0 0 0 0 0 0 0 0 0 0 0 0 0 0 0 0 0 0 0 0 0 0 0 0 0 0
 0 0 0 0 0 0 0 0 0 0 0 0 0 0 0 0 0 0 0 0 0 0 0 0 0 0 0 0 0 0 0 0 0 0 0 0 0
 0 0 0 0 0 0 0 0 0 0 0 0 0 0 0 2 2 2 2 2 2 2 2 2 2 2 2 2 2 2 2 2 2 2 2 2 2
 2 2 2 2 2 2 2 2 2 2 2 2 2 2 2 2 2 2 2 2 2 2 2 2 2 2 2 2 1 1 1 1 1 1 1 1 1
 1 1 1 1 1 1 1 1 1 1 1 5 1 1 1 1 1 1 1 1 1 1 1 1 1 1 1 1 1 1 1 1 1 1 1 1 1
 1 1 1 1 3 3 3 3 3 3 3 3 3 3 3 3 3 3 3 3 3 3 3 3 3 3 3 3 3 3 3 3 3 3 3 3 3
 3 3 3 3 3 3 3 3 3 3 3 3 3 3 3 3 3 2 2 2 2 2 2 2 2 2 2 2 2 2 2 2 2 2 2 2 2
 2 2 2 2 2 2 2 2 2 2 2 2 2 2 2 2 2 2 2 2 2 2 2 2 2 2 2 2 2 2 5 5 5 5 5 5 5
 5 5 5 5 5 5 5 5 5 5 5 5 5 5 5 5 5 5 5 5 5 5 5 5 5 5 5 5 5 5 5 5 5 5 5 5 5
 5 5 5 5 5 5 4 1 4 4 4 4 4 4 4 4 4 4 4 4 4 4 4 4 4 4 4 4 4 4 4 4 4 4 4 4 4
 4 4 4 4 4 4 4 4 4 4 4 4 4 4 4 4 4 4 4]
 ARI Score 28 : 0.60494811634
Minkowski score 28 : 1.01808142892
------------------------------------------------------------------------------------------------------------
chromosome 29 : [ -1.14221875e+01  -9.76875000e-01  -1.35930000e+01  -3.00400000e+00
   1.72933333e+01   2.25111111e+00   3.98000000e+00   5.32000000e+00
   1.58933333e+01   3.93083333e+00   1.62825000e+01   2.48000000e+00
   1.13990000e+01  -9.67000000e-01   3.25666667e+00   4.00666667e+00
   2.68200000e+00   3.61400000e+00  -1.58760000e+01  -3.25971429e+00
  -7.77142857e-01  -6.14214286e+00   9.56571429e+00   1.09600000e+01
  -3.35363636e+00  -5.71954545e+00   1.33282353e+01   2.90705882e+00
   7.09513514e+00   9.59540541e+00   6.31705882e+00   4.06000000e+00
   1.01836667e+01   3.98000000e-01   8.04912281e-01   7.65684211e+00
   4.45562500e+00   3.19875000e+00   1.04016667e+01   9.54666667e+00
  -8.40000000e-03  -5.44000000e-02  -8.26273973e+00   2.24027397e+00]
 Objectives (Sil) : 0.454241041771
 Objectives (PBM) : 167.612367013
Cluster size 29 :21
Predicted Label for 29: [14 17 17 17 17 17 17 15 17 17 17 17 17 17 17 15 17 17 14 17 14 17 17 17 17
 17 17 17 17 17 17 17 17 17 17 17 17 17 17 17 17 17 17 15 17 17 17 17 17 17
 18 18 18 15 18 15 15 15 18 15 15 15 15 18 15 15 18 15 18 15 18 18 15 15 18
 15 18 18 18 15 15 15 15 15 18 18 15 15 18 18 18 15 18 15 15 15 18 15 15 15
 12 12 12 12 12 12 12 12 12 12 12 12 12 12 12 12 12 12 12 12 12 12 12 12 12
 12 12 12 12 12 12 12 12 12 12 12 12 12 12 12 12 12 12 12 12 12 12 12 12 12
  2 20 10  2  2 10 10  2  2 10 10  2  2 20  2 20  2 10 20 10 10 20 20 10  2
 10 10 20 20 10  2 20 10 20 10 20  2 10  2  2 10 20 20 20 10 20  2 20 20 20
  8 16 16 16 16  8  8  8  8  8 16 16  8  8 16 16 16 16 16  8  8  8 16 16  8
  8 16  8  8 16 16  8  8 16  8  8 16 16  8  8  8  8  8 16  8 16  8  8 16  8
  0  0  0  0  0  0  0  0  0  0  0  0  0  0  0  0  0  0  0  0  1  0  0  0  0
  1  0  0  0  0  0  0  0  0  0  0  1  0  0  1  0  0  0  0  0  1  0  0  0  0
  7 14  3 14 14 19  3 14  7 14 19 19  3  3  7 14 19 14 14  3 14 19 14  7 14
  7  3 19  7 19 14  7  3 19 19  3 14  7  3 14 14 19 19 19  3 19 14 19 14  7
 13  4  4 13  4 13  4 13  6 13  4 13  6  4  4 13  4  6 13 13 13  6  4  4  6
 13 13  6 13  6 13  4 13  6  6  6 13  4  6 13 13  4  6  4 13  4  4  4  6 13
  9  9  9  9  9  1  9  9  9  1  1  9  9  9  9  9  1  1  9  9  1  9  9  9  1
  1  1  1  9  1  1  1  9  1  9  9  9  9  9  9  1  9  1  1  1  9  1  1  9  1
 11  5  5  5 11  5 11 11  5  5  5 11  5  5  5 11 11 11  5  5  5 11  5  5  5
  5  5 11 11  5  5 11  5  5  5  5  5 11 11  5  5 11 11 11 11 11  5  5  5  5]
 ARI Score 29 : 0.679320471703
Minkowski score 29 : 0.684105255059
------------------------------------------------------------------------------------------------------------
chromosome 30 : [  3.17030078  -3.03611898  -6.72096359   1.60100212  17.29333333
   9.37683448  -5.01616949   4.47923966  -7.74700684   5.44957282 -16.13
  -1.47         0.           0.           0.           0.           0.           0.
   0.           0.           0.           0.           0.           0.           0.
   0.           0.           0.           0.           0.           0.           0.
   0.           0.           0.           0.           0.           0.           0.
   0.           0.           0.           0.           0.        ]
 Objectives (Sil) : 0.49460456968
 Objectives (PBM) : 159.415672781
Cluster size 30 :9
Predicted Label for 30: [5 5 5 5 5 5 5 5 5 5 5 5 5 5 5 5 5 5 5 5 5 5 5 5 5 5 5 5 5 5 5 5 5 5 5 5 5
 5 5 5 5 5 5 5 5 5 5 5 5 5 2 2 2 5 2 2 5 5 2 5 2 5 2 2 2 5 2 2 2 5 2 2 2 5
 2 5 2 2 2 5 2 5 5 2 2 2 5 5 2 2 2 5 2 4 2 2 2 2 5 2 7 7 7 7 7 0 7 7 0 0 7
 7 7 0 0 0 7 7 0 7 0 0 7 0 7 7 7 0 0 7 0 0 7 7 0 0 7 0 0 7 0 0 0 0 7 7 0 0
 7 0 4 4 4 4 4 4 4 4 4 4 4 4 4 4 4 4 4 4 4 4 4 4 4 4 4 4 4 4 4 4 4 4 4 4 4
 4 4 4 4 4 4 4 4 4 4 4 4 4 4 4 2 6 6 6 6 2 2 2 2 2 6 6 2 2 6 6 6 6 6 2 2 2
 6 6 2 2 6 2 2 6 6 2 2 6 2 2 6 6 2 2 2 2 2 6 2 6 2 2 6 2 8 8 8 8 8 8 8 8 8
 8 8 8 8 8 8 8 3 8 8 8 3 8 8 8 8 3 8 8 8 8 8 8 8 8 8 8 3 8 8 3 8 8 8 8 8 3
 8 8 8 8 1 1 1 1 1 1 1 1 1 1 1 1 1 1 1 1 1 1 1 1 1 1 1 1 1 1 1 1 1 1 1 1 1
 1 1 1 1 1 1 1 1 1 1 1 1 1 1 1 1 1 6 6 6 6 6 6 6 6 6 6 6 6 6 6 6 6 6 6 6 6
 6 6 6 6 6 6 6 6 6 6 6 6 6 6 6 6 6 6 6 6 6 6 6 6 6 6 6 6 6 6 3 3 3 3 3 3 3
 3 3 3 3 3 3 3 3 3 3 3 3 3 3 3 3 3 3 3 3 3 3 3 3 3 3 3 3 3 3 3 3 3 3 3 3 3
 3 3 3 3 3 3 8 8 8 8 8 8 8 8 8 8 8 8 8 8 8 8 8 8 8 8 8 8 8 8 8 8 8 8 8 8 8
 8 8 8 8 8 8 8 8 8 8 8 8 8 8 8 8 8 8 8]
 ARI Score 30 : 0.69862160606
Minkowski score 30 : 0.780162201869
------------------------------------------------------------------------------------------------------------
chromosome 31 : [ -1.00624680e+01   6.07303929e+00  -1.35895505e+01  -5.84000000e+00
   1.07686015e+01   1.78241410e+00   2.40544502e+00   5.03189803e+00
   1.61900000e+01   1.32892857e+00   1.20925348e+01  -1.62613636e+00
   1.65786957e+01   3.31647570e+00   2.55092105e+00   3.64580396e+00
   6.30939931e+00   1.35088423e+00  -1.61800000e+01  -7.27000000e+00
   3.85614221e+00  -1.46511905e+00   1.06886104e+01   1.03031982e+01
  -3.35363636e+00  -5.71954545e+00   1.33282353e+01   9.78060000e+00
   6.23872016e+00   6.21327385e+00   4.36574054e+00   4.06000000e+00
   1.34564995e+01  -1.05350000e+00   1.30991228e+00   3.40684211e+00
   4.45562500e+00   3.19875000e+00   1.04016667e+01   9.54666667e+00
  -8.40000000e-03  -5.44000000e-02   0.00000000e+00   0.00000000e+00]
 Objectives (Sil) : 0.461691671377
 Objectives (PBM) : 210.687318259
Cluster size 31 :9
Predicted Label for 31: [3 3 3 3 3 3 3 3 3 3 3 3 3 3 3 3 3 3 3 3 3 3 3 3 3 3 3 3 3 3 3 3 3 3 3 3 3
 3 3 3 3 3 3 3 3 3 3 3 3 3 7 7 7 7 7 7 7 7 7 7 7 7 7 7 7 7 7 7 7 7 7 7 7 7
 7 7 7 7 7 7 7 7 7 7 7 7 7 7 7 7 7 7 7 7 7 7 7 7 7 7 5 5 5 5 5 5 5 5 5 5 5
 5 5 5 5 5 5 5 5 5 5 5 5 5 5 5 5 5 5 5 5 5 5 5 5 5 5 5 5 5 5 5 5 5 5 5 5 5
 5 5 2 2 2 2 2 2 2 2 2 2 2 2 2 2 2 2 2 2 2 2 2 2 2 2 2 2 2 2 2 2 2 2 2 2 2
 2 2 2 2 2 2 2 2 2 2 2 2 2 2 2 8 4 8 4 4 8 8 8 8 8 8 4 8 8 4 4 4 4 8 8 8 8
 4 4 8 8 4 8 8 4 4 8 8 4 8 8 4 4 8 8 8 8 8 4 8 4 8 8 4 8 0 0 0 0 0 0 0 0 0
 0 0 0 0 0 0 0 1 0 0 0 1 0 0 0 0 1 0 0 0 0 0 0 0 0 0 0 1 0 0 1 0 0 0 0 0 1
 0 0 0 0 3 3 3 3 3 3 3 3 3 3 3 3 3 3 3 3 3 3 3 3 3 3 3 3 3 3 3 3 3 3 3 3 3
 3 3 3 3 3 3 3 3 3 3 3 3 3 3 3 3 3 4 6 6 4 6 6 6 6 6 4 6 6 6 6 6 4 6 6 4 4
 6 6 6 6 6 6 4 6 4 6 4 6 6 6 6 6 6 6 6 4 4 6 6 6 6 6 6 6 6 6 1 1 1 1 1 1 1
 1 1 1 1 1 1 1 1 1 1 1 1 1 1 1 1 1 1 1 1 1 1 1 1 1 1 1 1 1 1 1 1 1 1 1 1 1
 1 1 1 1 1 1 0 0 0 0 0 0 0 0 0 0 0 0 0 0 0 0 0 0 0 0 0 0 0 0 0 0 0 0 0 0 0
 0 0 0 0 0 0 0 0 0 0 0 0 0 0 0 0 0 0 0]
 ARI Score 31 : 0.742930223806
Minkowski score 31 : 0.727926885766
------------------------------------------------------------------------------------------------------------
chromosome 32 : [-14.15849034  -6.47739615   3.31098948   1.67114753 -10.1999411
   1.05803408 -10.42912579  -2.80864407  -6.55842991  -3.54666995
 -11.40852333  -1.46883795 -10.63466627  -1.66320893   2.57763274  -4.655
   0.32338553  -5.37         0.           0.           0.           0.           0.
   0.           0.           0.           0.           0.           0.           0.
   0.           0.           0.           0.           0.           0.           0.
   0.           0.           0.           0.           0.           0.           0.        ]
 Objectives (Sil) : 0.504035821353
 Objectives (PBM) : 156.947106468
Cluster size 32 :2
Predicted Label for 32: [1 1 1 1 1 1 1 1 1 1 1 1 1 1 1 1 1 1 1 1 1 1 1 1 1 1 1 1 1 1 1 1 1 1 1 1 1
 1 1 1 1 1 1 1 1 1 1 1 1 1 1 1 1 1 1 1 1 1 1 1 1 1 1 1 1 1 1 1 1 1 1 1 1 1
 1 1 1 1 1 1 1 1 1 1 1 1 1 1 1 1 1 1 1 1 1 1 1 1 1 1 0 0 0 0 0 0 0 0 0 0 0
 0 0 0 0 0 0 0 0 0 0 0 0 0 0 0 0 0 0 0 0 0 0 0 0 0 0 0 0 0 0 0 0 0 0 0 0 0
 0 0 1 0 0 1 1 0 0 1 1 0 0 1 1 0 1 0 1 0 0 0 1 0 0 0 1 0 0 0 0 0 1 0 1 0 0
 0 1 0 1 1 0 1 0 0 0 0 1 1 0 0 1 1 1 1 1 1 1 1 1 1 1 1 1 1 1 1 1 1 1 1 1 1
 1 1 1 1 1 1 1 1 1 1 1 1 1 1 1 1 1 1 1 1 1 1 1 1 1 1 1 1 0 0 0 0 0 0 0 0 0
 0 0 0 0 0 0 0 0 0 0 0 0 0 0 0 0 0 0 0 0 0 0 0 0 0 0 0 0 0 0 0 0 0 0 0 0 0
 0 0 0 0 1 1 1 1 1 1 1 1 1 1 1 1 1 1 1 1 1 1 1 1 1 1 1 1 1 1 1 1 1 1 1 1 1
 1 1 1 1 1 1 1 1 1 1 1 1 1 1 1 1 1 1 1 1 1 1 1 1 1 1 1 1 1 1 1 1 1 1 1 1 1
 1 1 1 1 1 1 1 1 1 1 1 1 1 1 1 1 1 1 1 1 1 1 1 1 1 1 1 1 1 1 0 0 0 0 0 0 0
 0 0 0 0 0 0 0 0 0 0 0 0 0 0 0 0 0 0 0 0 0 0 0 0 0 0 0 0 0 0 0 0 0 0 0 0 0
 0 0 0 0 0 0 0 0 0 0 0 0 0 0 0 0 0 0 0 0 0 0 0 0 0 0 0 0 0 0 0 0 0 0 0 0 0
 0 0 0 0 0 0 0 0 0 0 0 0 0 0 0 0 0 0 0]
 ARI Score 32 : 0.176228126794
Minkowski score 32 : 2.05116194049
------------------------------------------------------------------------------------------------------------
chromosome 33 : [ -8.44039294   2.05785842  -3.37801802  -1.5113964    1.12924708
   7.08927315   9.16784237   9.932       -4.28245238   1.2690119
 -11.50325195  -6.79875     16.57869565   7.65105334  -6.62413165
   1.37405462   9.63663893  -2.47852104   6.78954239   3.81535243   4.3
   4.15         0.           0.           0.           0.           0.           0.
   0.           0.           0.           0.           0.           0.           0.
   0.           0.           0.           0.           0.           0.           0.
   0.           0.        ]
 Objectives (Sil) : 0.473329461505
 Objectives (PBM) : 162.321346231
Cluster size 33 :20
Predicted Label for 33: [ 3  2  2  2  2  2  2 16  2  2  2  2  2  2  2 16  2  2  2  2  3  2  2  2  2
  2  2  2  2  2  2  2  2  2  2  2  2  2  2  2  2  2  2 16  2  2  2  2  2  2
 10 10 10 16 10 16 16 16 10 16 10 16 16 10 16 16 10 10 10 16 10 10 16 16 10
 16 10 10 10 16 16 16 16 16 10 10 16 16 10 10 10 16 10 16 16 16 10 16 16 16
 13 13 13 13 13  1 13 13 12 12 13 12 13  1  1  1 13 13 12 12  1 12 13 12 13
 12 13  1  1 13 12 12 13 12 12  1 13  1  1 13 12 12  1  1 13 13  1 12 13 12
  9 18 17  7  7 17 18  7  9 17 18  7 18 11  7  9  7 17  9 17 17 18 11 17  7
 17 17 11 11 17  7 11 17  9 18 18  7 18  7  7 17  9 11 11 18 18  7  9 11 11
  5  8  5  8  8  5  5  5  5  5  5  8  5  5  8  8  8  8  5  5  5  5  8  8  5
  5  8  5  5  8  8  5  5  8  5  5  8  8  5  5  5  5  5  8  5  8  5  5  8  5
 14 14 14 14 14 14 14 14 14 14 14 14 14 14 14 14 14 14 14 14  0 14 14 14 14
 14 14 14 14 14 14 14 14 14 14 14 14 14 14 14 14 14 14 14 14 14 14 14 14 14
  3  3  3  3  3  6  6  3  6  3  6  6  3  3  6  3  6  3  3  3  3  6  3  6  3
  6  6  6  6  6  3  6  3  6  6  3  3  6  3  3  3  6  6  6  6  6  3  6  3  6
  8 19 19  8 19 19 19 19 19  8 19 19 19 19 19  8 19 19  8  8 19 19 19 19 19
 19  8 19  8 19  8 19 19 19 19 19 19 19 19  8  8 19 19 19 19 19 19 19 19 19
  0  0  0  0  0  0  0  0  0  0  0  0  0  0  0  0  0  0  0  0  0  0  0  0  0
  0  0  0  0  0  0  0  0  0  0  0  0  0  0  0  0  0  0  0  0  0  0  0  0  0
 15  4  4  4 15  4 15 15  4  4  4 15  4  4  4 15 15 15  4  4  4 15  4  4  4
  4  4 15 15  4  4 15  4  4  4  4  4 15 15  4  4 15 15 15  4 15  4  4  4  4]
 ARI Score 33 : 0.711721187295
Minkowski score 33 : 0.658879692341
------------------------------------------------------------------------------------------------------------
chromosome 34 : [ -1.37442430e+01   3.86593154e+00  -3.97325042e+00  -3.50058699e-01
  -1.42707369e+00   7.82584523e+00   1.05205481e+01   9.93200000e+00
  -3.74088577e+00   3.33899378e-02  -1.15032520e+01  -6.79875000e+00
   1.65786957e+01   7.65105334e+00  -9.66543933e-01   3.70155462e+00
   9.63663893e+00  -2.41719237e+00   5.74284239e+00  -1.07494757e+00
   5.62542793e+00   4.15000000e+00   5.76768484e+00   0.00000000e+00
  -1.83991667e+00  -4.01441667e+00   2.19419192e+00   2.83169192e+00
  -1.70909091e-03   1.59927273e-01  -1.95131828e+00   2.12676979e-01
   5.35434848e+00  -1.45150000e+00   5.05000000e-01  -4.24000000e+00
   0.00000000e+00   0.00000000e+00  -2.37656429e+00   0.00000000e+00
   0.00000000e+00   0.00000000e+00   0.00000000e+00   0.00000000e+00]
 Objectives (Sil) : 0.52237650824
 Objectives (PBM) : 232.519962124
Cluster size 34 :7
Predicted Label for 34: [2 2 2 2 2 2 2 2 2 2 2 2 2 2 2 2 2 2 2 2 2 2 2 2 2 2 2 2 2 2 2 2 2 2 2 2 2
 2 2 2 2 2 2 2 2 2 2 2 2 2 4 4 4 4 4 4 4 4 4 4 4 4 4 4 4 4 4 4 4 4 4 4 4 4
 4 4 4 4 4 4 4 4 4 4 4 4 4 4 3 4 4 4 4 4 4 4 4 4 4 4 0 0 0 0 0 0 0 0 0 0 0
 0 0 0 0 0 0 0 0 0 0 0 0 0 0 0 0 0 0 0 0 0 0 0 0 0 0 0 0 0 0 0 0 0 0 0 0 0
 0 0 4 4 0 4 4 4 0 4 4 0 4 4 4 0 4 4 4 0 4 0 4 4 0 0 4 0 0 4 0 4 4 0 4 4 4
 4 4 0 4 4 0 4 4 4 4 4 4 4 4 4 6 6 6 6 6 6 6 6 6 6 6 6 6 6 6 6 6 6 6 6 6 6
 6 6 6 6 6 6 6 6 6 6 6 6 6 6 6 6 6 6 6 6 6 6 6 6 6 6 6 6 1 1 1 1 1 1 1 1 1
 1 1 1 1 1 1 1 1 1 1 1 5 1 1 1 1 5 1 1 1 1 1 1 1 1 1 1 5 1 1 5 1 1 1 1 1 5
 1 1 1 1 3 3 3 3 3 3 3 3 3 3 3 3 3 3 3 3 3 3 3 3 3 3 3 3 3 3 3 3 3 3 3 3 3
 3 3 3 3 3 3 3 3 3 3 3 3 3 3 3 3 3 6 6 6 6 6 6 6 6 6 6 6 6 6 6 6 6 6 6 6 6
 6 6 6 6 6 6 6 6 6 6 6 6 6 6 6 6 6 6 6 6 6 6 6 6 6 6 6 6 6 6 5 5 5 5 5 5 5
 5 5 5 5 5 5 5 5 5 5 5 5 5 5 5 5 5 5 5 5 5 5 5 5 5 5 5 5 5 5 5 5 5 5 5 5 5
 5 5 5 5 5 5 1 1 1 1 1 1 1 1 1 1 1 1 1 1 1 1 1 1 1 1 1 1 1 1 1 1 1 1 1 1 1
 1 1 1 1 1 1 1 1 1 1 1 1 1 1 1 1 1 1 1]
 ARI Score 34 : 0.698552600674
Minkowski score 34 : 0.822738086625
------------------------------------------------------------------------------------------------------------

------------------------------------------------------------------------------------------------------------

------------------------------------------------------------------------------------------------------------

 Maximum ari for 12th chromosome : 0.991083952411

 Minkowski score corresponding to maximum ARI : 0.126813377264
Final label corresponding to max ARI for 12 chromosome : [9 9 9 9 9 9 9 9 9 9 9 9 9 9 9 9 9 9 9 9 9 9 9 9 9 9 9 9 9 9 9 9 9 9 9 9 9
 9 9 9 9 9 9 9 9 9 9 9 9 9 7 7 7 7 7 7 7 7 7 7 7 7 7 7 7 7 7 7 7 7 7 7 7 7
 7 7 7 7 7 7 7 7 7 7 7 7 7 7 7 7 7 7 7 7 7 7 7 7 7 7 6 6 6 6 6 6 6 6 6 6 6
 6 6 6 6 6 6 6 6 6 6 6 6 6 6 6 6 6 6 6 6 6 6 6 6 6 6 6 6 6 6 6 6 6 6 6 6 6
 6 6 8 8 8 8 8 8 8 8 8 8 8 8 8 8 8 8 8 8 8 8 8 8 8 8 8 8 8 8 8 8 8 8 8 8 8
 8 8 8 8 8 8 8 8 8 8 8 8 8 8 8 2 2 2 2 2 2 2 2 2 2 2 2 2 2 2 2 2 2 2 2 2 2
 2 2 2 2 2 2 2 2 2 2 2 2 2 2 2 2 2 2 2 2 2 2 2 2 2 2 2 2 0 0 0 0 0 0 0 0 0
 0 0 0 0 0 0 0 0 0 0 0 3 0 0 0 0 0 0 0 0 0 0 0 0 0 0 0 0 0 0 0 0 0 0 0 0 0
 0 0 0 0 5 5 5 5 5 5 5 5 5 5 5 5 5 5 5 5 5 5 5 5 5 5 5 5 5 5 5 5 5 5 5 5 5
 5 5 5 5 5 5 5 5 5 5 5 5 5 5 5 5 5 4 4 4 4 4 4 4 4 4 4 4 4 4 4 4 4 4 4 4 4
 4 4 4 4 4 4 4 4 4 4 4 4 4 4 4 4 4 4 4 4 4 4 4 4 4 4 4 4 4 4 3 3 3 3 3 3 3
 3 3 3 3 3 3 3 3 3 3 3 3 3 3 3 3 3 3 3 3 3 3 3 3 3 3 3 3 3 3 3 3 3 3 3 3 3
 3 3 3 3 3 3 1 0 1 1 1 1 1 1 1 1 1 1 1 1 1 1 1 1 1 1 1 1 1 1 1 1 1 1 1 1 1
 1 1 1 1 1 1 1 1 1 1 1 1 1 1 1 1 1 1 1]
Actual label of data : [  1.   1.   1.   1.   1.   1.   1.   1.   1.   1.   1.   1.   1.   1.   1.
   1.   1.   1.   1.   1.   1.   1.   1.   1.   1.   1.   1.   1.   1.   1.
   1.   1.   1.   1.   1.   1.   1.   1.   1.   1.   1.   1.   1.   1.   1.
   1.   1.   1.   1.   1.   2.   2.   2.   2.   2.   2.   2.   2.   2.   2.
   2.   2.   2.   2.   2.   2.   2.   2.   2.   2.   2.   2.   2.   2.   2.
   2.   2.   2.   2.   2.   2.   2.   2.   2.   2.   2.   2.   2.   2.   2.
   2.   2.   2.   2.   2.   2.   2.   2.   2.   2.   3.   3.   3.   3.   3.
   3.   3.   3.   3.   3.   3.   3.   3.   3.   3.   3.   3.   3.   3.   3.
   3.   3.   3.   3.   3.   3.   3.   3.   3.   3.   3.   3.   3.   3.   3.
   3.   3.   3.   3.   3.   3.   3.   3.   3.   3.   3.   3.   3.   3.   3.
   4.   4.   4.   4.   4.   4.   4.   4.   4.   4.   4.   4.   4.   4.   4.
   4.   4.   4.   4.   4.   4.   4.   4.   4.   4.   4.   4.   4.   4.   4.
   4.   4.   4.   4.   4.   4.   4.   4.   4.   4.   4.   4.   4.   4.   4.
   4.   4.   4.   4.   4.   5.   5.   5.   5.   5.   5.   5.   5.   5.   5.
   5.   5.   5.   5.   5.   5.   5.   5.   5.   5.   5.   5.   5.   5.   5.
   5.   5.   5.   5.   5.   5.   5.   5.   5.   5.   5.   5.   5.   5.   5.
   5.   5.   5.   5.   5.   5.   5.   5.   5.   5.   6.   6.   6.   6.   6.
   6.   6.   6.   6.   6.   6.   6.   6.   6.   6.   6.   6.   6.   6.   6.
   6.   6.   6.   6.   6.   6.   6.   6.   6.   6.   6.   6.   6.   6.   6.
   6.   6.   6.   6.   6.   6.   6.   6.   6.   6.   6.   6.   6.   6.   6.
   7.   7.   7.   7.   7.   7.   7.   7.   7.   7.   7.   7.   7.   7.   7.
   7.   7.   7.   7.   7.   7.   7.   7.   7.   7.   7.   7.   7.   7.   7.
   7.   7.   7.   7.   7.   7.   7.   7.   7.   7.   7.   7.   7.   7.   7.
   7.   7.   7.   7.   7.   8.   8.   8.   8.   8.   8.   8.   8.   8.   8.
   8.   8.   8.   8.   8.   8.   8.   8.   8.   8.   8.   8.   8.   8.   8.
   8.   8.   8.   8.   8.   8.   8.   8.   8.   8.   8.   8.   8.   8.   8.
   8.   8.   8.   8.   8.   8.   8.   8.   8.   8.   9.   9.   9.   9.   9.
   9.   9.   9.   9.   9.   9.   9.   9.   9.   9.   9.   9.   9.   9.   9.
   9.   9.   9.   9.   9.   9.   9.   9.   9.   9.   9.   9.   9.   9.   9.
   9.   9.   9.   9.   9.   9.   9.   9.   9.   9.   9.   9.   9.   9.   9.
  10.  10.  10.  10.  10.  10.  10.  10.  10.  10.  10.  10.  10.  10.  10.
  10.  10.  10.  10.  10.  10.  10.  10.  10.  10.  10.  10.  10.  10.  10.
  10.  10.  10.  10.  10.  10.  10.  10.  10.  10.  10.  10.  10.  10.  10.
  10.  10.  10.  10.  10.]
 No of clusters detected automatically : 10
 For chromosome : 12