chromosome 0 : [  6.06497252  12.7718197   11.95520764  11.89421067   6.75479531
   3.23637386   0.           0.          13.95         9.73         0.           0.
   0.           0.           0.           0.           0.           0.           0.
   0.           0.           0.           0.           0.           0.           0.
   0.           0.           0.           0.        ]
 Objectives (Sil) : 0.506653771271
 Objectives (PBM) : 29.3840965812
Cluster size 0 :5
Predicted Label for 0: [4 4 4 4 4 4 4 4 4 4 3 4 4 4 4 4 4 4 4 4 4 4 4 4 4 4 4 4 4 4 4 4 4 4 4 4 4
 4 4 4 4 4 4 4 4 4 4 4 4 4 3 3 3 3 3 3 3 3 3 3 3 3 3 3 3 3 3 3 3 3 3 3 3 3
 3 3 3 3 3 3 3 3 3 3 3 3 3 3 3 3 3 3 3 3 3 3 3 3 3 3 0 0 0 0 0 0 0 0 0 0 0
 0 0 0 0 0 0 0 0 0 0 0 0 0 0 0 0 0 0 0 0 0 0 0 0 0 0 0 0 0 0 0 0 0 0 0 0 0
 0 0 2 2 2 2 2 2 2 2 2 2 2 2 2 2 4 2 2 2 2 2 2 2 2 2 2 2 2 2 2 2 2 2 2 2 2
 2 2 2 2 2 2 2 4 2 2 2 2 2 2 2 1 1 1 4 1 1 1 1 1 1 1 1 1 1 1 1 1 1 1 1 1 1
 1 1 1 1 1 1 1 1 1 1 1 1 1 1 1 1 1 1 1 1 1 1 1 1 1 1 1 1]
 ARI Score 0 : 0.960070672099
Minkowski score 0 : 0.253304688678
------------------------------------------------------------------------------------------------------------
chromosome 1 : [  9.576875     5.598125    14.27146341  10.1704878   10.4996875
  13.5471875    4.62555556   9.97666667   6.145       10.54909091
   9.82466667  15.158        8.514        5.726        9.88590909
   7.54545455   6.46818182   8.99863636  10.36403846  10.50096154
  11.60142857   6.49428571   0.           0.           0.           0.           0.
   0.           0.           0.        ]
 Objectives (Sil) : 0.370262310478
 Objectives (PBM) : 11.3293357281
Cluster size 1 :12
Predicted Label for 1: [ 7  9  7  9 11  7  7  9  7  7 11  7  7  9  7  2  9  7  7  9  9  9 11  7  9
  7  9  9  9  7  9  7  7  7 11  9  7  9  7 11  9  7  7  7 11  7  9 11  9  7
  0 11  6 11  6 11  6  0  6 11  0 11 11  0 11  0  0 11  6  6 11  6 11  0  0
  0 11  0  0  6 11  6  6  0  0  6  6  0  6 11  0  0  6  6  6 11 11  6  0  0
 10 10  1 10 10 10  8  1 10 10  8  1  1  8  1  8  8  8  8 10 10 10  1  8  8
  1 10  1  7  1 10 10  1 10 10 10 10  1  1  8 10 10 10 10  8  8  1  1  8  1
  2  2  5  5  2  5  2  2  5  5  5  2  2  2  2  5  5  2  5  5  5  5  2  2  2
  2  5  5  5  2  5  5  5  5  2  5  2  5  2  2  2  5  2  2  5  2  5  2  2  2
  4  3  4  9  9  3  9  4  4  3  4  3  3  4  3  4  4  4  3  4  4  4  3  3  3
  4  9  3  4  4  4  3  3  3  4  3  3  9  4  3  3  4  4  9  3  4  9  4  4  3]
 ARI Score 1 : 0.466416870044
Minkowski score 1 : 0.818560209347
------------------------------------------------------------------------------------------------------------
chromosome 2 : [ 12.2535046   10.66871657  14.91274234  15.08        10.18140555
  13.653942     0.           0.           0.           0.           0.           0.
   0.           0.           0.           0.           0.           0.           0.
   0.           0.           0.           0.           0.           0.           0.
   0.           0.           0.           0.        ]
 Objectives (Sil) : 0.506653771271
 Objectives (PBM) : 18.805821812
Cluster size 2 :5
Predicted Label for 2: [3 3 3 3 3 3 3 3 3 3 4 3 3 3 3 3 3 3 3 3 3 3 3 3 3 3 3 3 3 3 3 3 3 3 3 3 3
 3 3 3 3 3 3 3 3 3 3 3 3 3 4 4 4 4 4 4 4 4 4 4 4 4 4 4 4 4 4 4 4 4 4 4 4 4
 4 4 4 4 4 4 4 4 4 4 4 4 4 4 4 4 4 4 4 4 4 4 4 4 4 4 2 2 2 2 2 2 2 2 2 2 2
 2 2 2 2 2 2 2 2 2 2 2 2 2 2 2 2 2 2 2 2 2 2 2 2 2 2 2 2 2 2 2 2 2 2 2 2 2
 2 2 0 0 0 0 0 0 0 0 0 0 0 0 0 0 3 0 0 0 0 0 0 0 0 0 0 0 0 0 0 0 0 0 0 0 0
 0 0 0 0 0 0 0 3 0 0 0 0 0 0 0 1 1 1 3 1 1 1 1 1 1 1 1 1 1 1 1 1 1 1 1 1 1
 1 1 1 1 1 1 1 1 1 1 1 1 1 1 1 1 1 1 1 1 1 1 1 1 1 1 1 1]
 ARI Score 2 : 0.960070672099
Minkowski score 2 : 0.253304688678
------------------------------------------------------------------------------------------------------------
chromosome 3 : [  8.27094643   2.96481005  14.98526316   7.71882114  12.08512386
  12.52549659   8.86028083   9.91941392   7.86133333  12.33525758
   9.53377381  15.158        9.44330851   7.29674468   9.95175223
   8.10052317   6.15607468   6.18585065  13.52979933  10.41400502
  11.13959524   6.43178571   0.           0.           0.           0.           0.
   0.           0.           0.        ]
 Objectives (Sil) : 0.393123651352
 Objectives (PBM) : 8.23131165452
Cluster size 3 :3
Predicted Label for 3: [1 2 2 2 0 2 2 2 2 1 0 2 2 2 2 2 2 2 2 2 2 2 0 1 2 2 2 2 2 1 2 2 1 1 0 2 2
 2 1 0 2 2 2 2 0 1 2 0 2 1 0 0 0 0 0 0 0 0 0 0 0 0 0 0 0 0 0 0 0 0 0 0 0 0
 0 0 0 0 0 0 0 0 0 0 0 0 0 0 0 0 0 0 0 0 0 0 0 0 0 0 1 1 1 1 1 1 1 1 1 1 1
 1 1 1 1 1 1 1 1 1 1 1 1 1 1 1 1 1 1 1 1 1 1 1 1 1 1 1 1 1 1 1 1 1 1 1 1 1
 1 1 2 2 2 2 2 2 2 2 2 2 2 2 2 2 2 2 2 2 2 2 2 2 2 2 2 2 2 2 2 2 2 2 2 2 2
 2 2 2 2 2 2 2 2 2 2 2 2 2 2 2 2 2 2 2 2 2 2 2 2 2 2 2 2 2 2 2 2 2 2 2 2 2
 2 2 2 2 2 2 2 2 2 2 2 2 2 2 2 2 2 2 2 2 2 2 2 2 2 2 2 2]
 ARI Score 3 : 0.460112823486
Minkowski score 3 : 1.09223605134
------------------------------------------------------------------------------------------------------------
chromosome 4 : [ 0.  0.  0.  0.  0.  0.  0.  0.  0.  0.  0.  0.  0.  0.  0.  0.  0.  0.
  0.  0.  0.  0.  0.  0.  0.  0.  0.  0.  0.  0.]
 Objectives (Sil) : 0.387023813449
 Objectives (PBM) : 4.51565801959
Cluster size 4 :2
Predicted Label for 4: [1 0 1 0 0 1 1 0 1 1 0 1 1 1 1 1 0 1 0 0 0 0 0 1 0 1 1 0 0 1 0 1 1 1 0 0 0
 0 1 0 0 1 0 0 0 1 0 0 0 1 0 0 0 0 0 0 0 0 0 0 0 0 0 0 0 0 0 0 0 0 0 0 0 0
 0 0 0 0 0 0 0 0 0 0 0 0 0 0 0 0 0 0 0 0 0 0 0 0 0 0 1 1 1 1 1 1 1 1 1 1 1
 1 1 1 1 1 1 1 1 1 1 1 1 1 1 1 1 1 1 1 1 1 1 1 1 1 1 1 1 1 1 1 1 1 1 1 1 1
 1 1 1 1 1 1 1 1 1 1 1 1 1 1 1 1 1 1 1 1 1 1 1 1 1 1 1 1 1 1 1 1 1 1 1 1 1
 1 1 1 1 1 1 1 1 1 1 1 1 1 1 1 0 0 0 0 0 0 0 0 0 0 0 0 0 0 0 0 0 0 0 0 0 0
 0 0 0 0 0 0 0 0 0 0 0 0 0 0 0 0 0 0 0 0 0 0 0 0 0 0 0 0]
 ARI Score 4 : 0.315966798656
Minkowski score 4 : 1.31682983575
------------------------------------------------------------------------------------------------------------
chromosome 5 : [ 14.12722222   6.82247116  13.67301155  10.44599733  12.73917708
  14.88115385   7.53186869  15.3575      10.64583333  14.43454545  15.103
  15.158       15.69        13.55915385  15.15213487  15.467       12.46716783
  10.45085664  11.40201923  14.466875    14.61235294  13.17333333
  10.67413793   7.01965517   5.08         9.045        6.53         8.83
   0.           0.        ]
 Objectives (Sil) : 0.412245434098
 Objectives (PBM) : 18.1364155641
Cluster size 5 :7
Predicted Label for 5: [0 1 1 1 0 0 0 1 1 0 6 1 1 1 0 1 1 1 1 1 1 1 0 0 1 0 1 1 1 0 1 0 0 0 6 1 0
 1 0 6 1 0 1 0 1 0 1 0 1 0 6 6 6 6 6 6 6 6 6 6 6 6 6 6 6 6 6 6 6 6 6 6 6 6
 6 6 6 6 6 6 6 6 6 6 6 6 6 6 6 6 6 6 6 6 6 6 6 6 6 6 5 5 5 5 5 5 5 5 5 5 0
 5 5 5 5 5 5 5 5 5 5 5 5 5 5 5 5 5 0 5 5 5 5 5 5 5 5 5 5 0 5 5 5 5 0 5 5 5
 5 5 3 3 3 3 3 3 1 1 3 3 3 3 3 1 1 3 3 3 3 3 3 3 3 3 3 1 3 3 3 3 3 3 3 3 3
 3 3 3 1 3 3 3 1 3 3 3 3 3 1 3 4 2 4 1 2 2 2 4 4 2 4 2 2 4 2 4 4 4 2 4 4 4
 4 4 2 4 1 2 4 4 4 2 2 2 4 2 2 2 2 2 2 4 4 1 2 4 2 4 4 2]
 ARI Score 5 : 0.729083702569
Minkowski score 5 : 0.631809839643
------------------------------------------------------------------------------------------------------------
chromosome 6 : [  4.07271159   6.28835215  11.24226598   5.47767958   7.19369748
   1.58295249   5.73788319   4.43805852   4.181659     7.75978022
   4.56197597  10.7666442    5.40111392   4.36051527   7.79663462
  11.79595192   5.94078431   9.85411765  10.88        12.93         0.           0.
   0.           0.           0.           0.           0.           0.           0.
   0.        ]
 Objectives (Sil) : 0.3870688991
 Objectives (PBM) : 10.159046349
Cluster size 6 :2
Predicted Label for 6: [1 0 1 0 0 1 1 0 1 1 0 1 1 1 1 1 0 1 0 0 0 0 0 1 0 1 1 0 0 1 0 1 1 1 0 0 0
 0 1 0 0 1 1 1 0 1 0 0 0 1 0 0 0 0 0 0 0 0 0 0 0 0 0 0 0 0 0 0 0 0 0 0 0 0
 0 0 0 0 0 0 0 0 0 0 0 0 0 0 0 0 0 0 0 0 0 0 0 0 0 0 1 1 1 1 1 1 1 1 1 1 1
 1 1 1 1 1 1 1 1 1 1 1 1 1 1 1 1 1 1 1 1 1 1 1 1 1 1 1 1 1 1 1 1 1 1 1 1 1
 1 1 1 1 1 1 1 1 1 1 1 1 1 1 1 1 1 1 1 1 1 1 1 1 1 1 1 1 1 1 1 1 1 1 1 1 1
 1 1 1 1 1 1 1 1 1 1 1 1 1 1 1 0 0 0 0 0 0 0 0 0 0 0 0 0 0 0 0 0 0 0 0 0 0
 0 0 0 0 0 0 0 0 0 0 0 0 0 0 0 0 0 0 0 0 0 0 0 0 0 0 0 0]
 ARI Score 6 : 0.315602263541
Minkowski score 6 : 1.31707777961
------------------------------------------------------------------------------------------------------------
chromosome 7 : [ 10.89501196  14.41289474   8.62473231   6.16981793  10.6213447
   7.32160985  15.2567735    9.38997863   3.86716039  10.70723208
  12.15638537  11.31864535  15.26388996   8.77067756   8.36988636
  11.89787879   0.           0.           0.           0.           0.           0.
   0.           0.           0.           0.           0.           0.           0.
   0.        ]
 Objectives (Sil) : 0.409695441821
 Objectives (PBM) : 11.6199034529
Cluster size 7 :7
Predicted Label for 7: [5 5 5 5 2 5 5 5 5 3 2 5 5 5 5 5 5 5 5 5 5 5 2 3 5 5 5 5 5 3 5 5 5 5 2 5 5
 5 3 2 5 5 5 5 2 3 5 2 5 5 1 2 1 2 2 2 1 1 2 2 1 2 2 1 2 1 1 2 1 2 2 2 2 1
 1 1 2 1 1 1 2 1 1 1 1 2 1 1 1 2 1 1 2 2 2 2 2 1 1 1 3 6 6 3 3 3 3 6 3 3 3
 6 6 3 6 3 6 3 3 6 6 3 6 6 6 6 3 6 3 6 3 3 6 3 3 6 3 6 6 3 3 3 3 6 3 3 6 6
 3 6 0 0 0 0 0 0 5 5 0 0 0 0 0 5 5 0 0 0 0 0 0 0 0 0 0 5 0 0 0 0 0 0 0 0 0
 0 0 0 5 0 0 0 5 0 0 0 0 0 5 0 4 4 4 5 4 4 4 4 4 4 4 4 4 4 4 4 4 4 4 4 4 4
 4 4 4 4 4 4 4 4 4 4 4 4 4 4 4 4 4 4 4 4 4 5 4 4 4 4 4 4]
 ARI Score 7 : 0.680642689344
Minkowski score 7 : 0.682970701855
------------------------------------------------------------------------------------------------------------
chromosome 8 : [ 10.9845387   14.41289474   2.32496676  11.69051044  13.55270627
  12.5507226   11.65788472  10.03803411  14.15975893  11.45428571
  12.77382585   8.04893381  13.44         9.48         0.           0.           0.
   0.           0.           0.           0.           0.           0.           0.
   0.           0.           0.           0.           0.           0.        ]
 Objectives (Sil) : 0.427174443277
 Objectives (PBM) : 12.399053143
Cluster size 8 :8
Predicted Label for 8: [0 0 0 0 0 0 0 0 0 0 6 0 0 0 0 3 0 0 0 0 0 0 0 5 0 0 3 0 0 0 0 0 0 0 0 0 0
 0 0 0 0 3 0 0 0 0 0 0 0 0 6 6 6 6 6 6 6 6 6 6 6 6 6 6 6 6 6 6 6 6 6 6 6 6
 6 6 6 6 6 6 6 6 6 6 6 6 6 6 6 6 6 6 6 6 6 6 6 6 6 6 5 5 7 5 5 5 7 7 5 5 5
 7 7 5 7 5 7 5 7 5 5 5 7 7 7 7 5 7 5 7 5 5 7 5 5 5 5 7 7 5 5 5 5 5 5 7 7 7
 7 7 4 4 2 4 4 2 3 3 2 2 2 4 4 3 3 2 2 3 2 2 2 2 3 4 3 3 4 2 4 3 4 4 2 2 3
 2 3 4 3 3 4 2 3 3 4 4 4 4 3 3 1 1 1 0 1 1 1 1 1 1 1 1 1 1 1 1 1 1 1 1 1 1
 1 1 1 1 1 1 1 1 1 1 1 1 1 1 1 1 1 1 1 1 1 0 1 1 1 1 1 1]
 ARI Score 8 : 0.775592823002
Minkowski score 8 : 0.570856856857
------------------------------------------------------------------------------------------------------------
chromosome 9 : [ 10.91210526   6.83894737  12.08058824   9.61529412   5.22857143
  10.33571429  10.294375    15.3375       6.15333333   9.12166667
   8.73363636   6.80727273  10.11066667  13.942        9.55         9.03222222
   9.85388889   5.31777778   9.7122      11.6066      14.26219512
  10.2797561    0.           0.           0.           0.           0.           0.
   0.           0.        ]
 Objectives (Sil) : 0.400297042154
 Objectives (PBM) : 10.0606492613
Cluster size 9 :13
Predicted Label for 9: [ 3 12  3 12  0  3  3 12  3  3  0  3  3  3  3  3 12  3  3 12  3 12  0  3  3
  3  8 12  3  3  3  3  3  3  0 12  3  3  3  0  3  3  3  3  0  0  3  0 12  3
 10  0  9  0  9  0  9 10  9  0 10  0  0 10  0 10 10  0  9  9  0  9  0 10 10
 10  0 10 10  9  0  9  9 10 10  9  9 10  9  0 10 10  9  9  9  0  0  9 10 10
  1  1  1  1  1  1  1  1  1  1  1  1  1  1  1  1  1  1  1  1  1  1  1  1  1
  1  1  1  3  1  1  1  1  1  1  1  1  1  1  1  1  1  1  1  1  1  1  1  1  1
  5  5  4  5  5  7  8  8 11  4  4  5  5  8  8  4  4  8  4 11  4 11  8  5  8
  8  2 11  2  8  2  7  7 11  8 11  8  5  8  8  5  7  8  8  2  5  2  5  8  8
 12  6  6 12 12  6 12 12  6  6  6  6  6  6  6 12 12 12 12  6 12  6  6  6  6
  6 12 12  6 12  6  6  6  6  6  6  6 12 12  6  6  6 12 12  6 12 12 12  6  6]
 ARI Score 9 : 0.573743106452
Minkowski score 9 : 0.753332731322
------------------------------------------------------------------------------------------------------------
chromosome 10 : [  7.68583333  10.72083333  12.6169697    8.09848485   5.24935484
   9.84677419   9.97666667   5.28         8.76916667   6.755       10.05321429
  13.36821429  12.86471698  10.96528302   6.85153846   9.12230769
   9.34684211  10.44631579  10.09533333   8.246       10.294375    15.3375
   0.           0.           0.           0.           0.           0.           0.
   0.        ]
 Objectives (Sil) : 0.371492701536
 Objectives (PBM) : 9.48262891338
Cluster size 10 :13
Predicted Label for 10: [ 8  7  8  7 12  8  8  7  8  8 12  8  8  8  8 11  7  8  8  7  7  7 12  4  8
  8 11  7  7  8  7  8  8  8 12  7  8  7  4 12  8  8  8  8 12  4  7 12  7  8
  1 12  9 12  2 12  9  1  2 12  9 12 12  1 12  9  1 12  9  2 12  2 12  1  9
  1 12  1  1  2 12  9  9  1  9  2  9  9  2 12  9  9  2  2  2 12 12  2  9  1
  6  6  3  6  6  6  4  3  6  6  4  3  3  4  3  4  3  4  4  6  6  6  3  3  3
  3  6  3  4  3  6  6  3  6  6  6  6  6  3  4  6  6  6  6  4  4  3  3  4  3
 11  5  5  5 11  5 11 11  5  5  5 11  5 11 11  5  5 11  5  5  5  5 11 11 11
 11  5  5  5 11  5  5  5  5 11  5 11  5 11 11 11  5 11 11  5 11  5 11 11 11
  7  0 10  7  0  0  0  7 10 10 10  0 10 10  0  7  0  7  0 10 10 10 10 10 10
 10  7  0 10 10 10 10 10 10 10 10  0  0  0 10 10 10 10  7 10  7  0  0 10  0]
 ARI Score 10 : 0.446366367124
Minkowski score 10 : 0.830834348282
------------------------------------------------------------------------------------------------------------
chromosome 11 : [  7.18153846   9.46538462  10.36885714   6.02485714   5.22         8.61444444
   9.75466667  13.885       14.16775      9.774        8.61         6.268
  11.21882353  14.37235294   9.61766667  10.47966667   5.17         9.68235294
  12.0312      10.756        9.33769231   7.71923077   5.895       11.325
   7.51625     10.67625      0.           0.           0.           0.        ]
 Objectives (Sil) : 0.409480819458
 Objectives (PBM) : 12.3835985536
Cluster size 11 :9
Predicted Label for 11: [0 8 0 8 0 0 5 8 8 0 4 8 0 8 0 3 8 0 0 8 8 8 0 0 8 0 8 8 8 0 8 0 0 0 0 8 0
 8 0 0 8 5 0 0 0 0 8 0 8 0 4 4 7 4 7 4 7 4 7 4 7 4 4 4 4 7 7 4 7 7 4 7 4 4
 7 4 4 4 4 7 4 7 7 4 7 7 7 7 7 4 7 7 7 7 7 4 4 7 7 4 1 1 1 1 1 1 1 1 1 1 0
 1 1 1 1 1 1 1 1 1 1 1 1 1 1 1 1 1 0 1 1 1 1 1 1 1 1 1 1 0 1 1 1 1 1 1 1 1
 1 1 5 5 2 5 5 2 3 3 2 2 2 5 5 3 3 2 2 3 2 2 2 2 3 5 3 3 2 2 5 3 5 2 2 2 3
 2 3 5 3 3 5 2 3 3 5 5 5 5 3 3 6 6 6 8 8 6 8 6 6 6 6 6 6 6 6 6 6 6 6 6 6 6
 6 6 6 6 8 6 6 6 6 6 6 6 6 6 6 6 6 6 6 6 6 8 6 6 6 6 6 6]
 ARI Score 11 : 0.671361517955
Minkowski score 11 : 0.673583169114
------------------------------------------------------------------------------------------------------------
chromosome 12 : [ 13.58685714  10.166        9.96947368  15.08        10.1964      12.9652
   5.81769231   9.04807692  10.874        7.836       11.41428571
   9.59714286   9.93638298   6.24851064   9.15566667  10.04133333
  10.84571429  10.96857143   5.88347826  10.69391304  11.42166667  14.42
  15.34461538   9.98846154   0.           0.           0.           0.           0.
   0.        ]
 Objectives (Sil) : 0.378030965138
 Objectives (PBM) : 10.3710372009
Cluster size 12 :14
Predicted Label for 12: [ 7  4  7  4  8  7  7  4  4  7  8  7  7  4  7  2  4  7  7 13  4  4  8  7  4
  7  4 13  4  7  4  7  7  7  8  4  7  4  7  8  4  7  7  7  8  7  4  8  4  7
  5  8  6  8  6  8  6  5  6  8  5  8  8  5  8  5  5  8  6  6  8  6  8  5  5
  5  8  5  5  6  8  6  6  5  5  6  6  5  6  8  5  5  6  6  6  8  8  6  5  5
 10 11 11 10 10 10  0  0 10 10 10 11 11  0 11  0  0 10  0 10 10 10 11  0  0
 11 10 11 10 11 10 10 11 10 10 11 10 11 11  0 10 10 10 11  0  0 11 11  0  0
  2  2  1  1  2  1  2  2  1  1  1  2  2  2  2  1  1  2  1  1  1  1  2  2  2
  2  1  1  1  2  1  1  1  1  2  1  2  2  2  2  2  1  2  2  1  2  1  2  2  2
 13 12  3 13  9  9  9 13  3 12  3  9 12  3 12 13 13 13  9  3 13  3 12  3 12
  3  9  9 12 13  3 12 12 12  3 12  9  9  9 12 12  3 13  4 12 13  9 13  3  9]
 ARI Score 12 : 0.439803972707
Minkowski score 12 : 0.828177246138
------------------------------------------------------------------------------------------------------------
chromosome 13 : [ 7.95116261  5.20789467  9.40481647  8.05389579  0.          0.          0.
  0.          0.          0.          0.          0.          0.          0.
  0.          0.          0.          0.          0.          0.          0.
  0.          0.          0.          0.          0.          0.          0.
  0.          0.        ]
 Objectives (Sil) : 0.364159620357
 Objectives (PBM) : 3.79544111265
Cluster size 13 :2
Predicted Label for 13: [0 1 1 1 0 0 1 1 1 0 0 1 1 1 1 1 1 1 1 1 1 1 0 0 1 1 1 1 1 0 1 1 0 0 0 1 0
 1 0 0 1 1 1 0 0 0 1 0 1 0 0 0 0 0 0 0 0 0 0 0 0 0 0 0 0 0 0 0 0 0 0 0 0 0
 0 0 0 0 0 0 0 0 0 0 0 0 0 0 0 0 0 0 0 0 0 0 0 0 0 0 0 0 0 0 0 0 0 0 0 0 0
 0 0 0 0 0 0 0 0 0 0 0 0 0 0 0 0 0 0 0 0 0 0 0 0 0 0 0 0 0 0 0 0 0 0 0 0 0
 0 0 1 1 1 1 1 1 1 1 1 1 1 1 1 1 1 1 1 1 1 1 1 1 1 1 1 1 1 1 1 1 1 1 1 1 1
 1 1 1 1 1 1 1 1 1 1 1 1 1 1 1 1 1 1 1 1 1 1 1 1 1 1 1 1 1 1 1 1 1 1 1 1 1
 1 1 1 1 1 1 1 1 1 1 1 1 1 1 1 1 1 1 1 1 1 1 1 1 1 1 1 1]
 ARI Score 13 : 0.31887898434
Minkowski score 13 : 1.31484460167
------------------------------------------------------------------------------------------------------------
chromosome 14 : [  9.36266397  10.58183782  11.8201343   15.08        11.34517857
  13.37857143  11.98966346   7.0371844    8.73018182   6.51290909
  13.14508929   8.67         7.32551724   9.91689655   9.19571429
  12.42333333   5.372       10.851        5.03210526   9.20736842
  13.48448276  10.54103448   8.16        10.69         0.           0.           0.
   0.           0.           0.        ]
 Objectives (Sil) : 0.459100791536
 Objectives (PBM) : 15.4379715413
Cluster size 14 :6
Predicted Label for 14: [5 5 5 5 5 5 5 5 5 5 1 5 5 5 5 5 5 5 5 5 5 5 1 5 5 5 5 5 5 5 5 5 5 5 1 5 5
 5 5 5 5 5 5 5 5 5 5 5 5 5 1 1 1 1 1 1 1 1 1 1 1 1 1 1 1 1 1 1 1 1 1 1 1 1
 1 1 1 1 1 1 1 1 1 1 1 1 1 1 1 1 1 1 1 1 1 1 1 1 1 1 0 0 0 0 0 0 0 0 0 0 0
 0 0 0 0 0 0 0 0 0 0 0 0 0 0 0 0 0 0 0 0 0 0 0 0 0 0 0 0 0 0 0 0 0 0 0 0 0
 0 0 2 2 2 2 2 2 5 2 2 2 2 2 2 2 5 2 2 2 2 2 2 2 2 2 2 2 2 2 2 2 2 2 2 2 2
 2 2 2 2 2 2 2 5 2 2 2 2 2 2 2 3 3 4 5 3 3 3 4 4 4 4 3 4 4 3 4 3 4 3 4 4 4
 4 4 4 4 3 3 4 4 4 4 4 3 4 3 3 3 3 3 4 4 4 3 4 4 3 3 4 3]
 ARI Score 14 : 0.867212477812
Minkowski score 14 : 0.453557367611
------------------------------------------------------------------------------------------------------------
chromosome 15 : [  4.47        10.075        9.7952381    5.37761905  12.17125     10.23375
   7.115       10.24166667  10.69         7.3184      13.86535714  10.6
   5.755       10.71416667   8.87         7.29909091  11.1964      12.0824
   4.845        9.61        14.61235294   9.13647059   5.67933333
   8.78533333   8.554375    10.45375      9.8872      13.1636       0.           0.        ]
 Objectives (Sil) : 0.33905735322
 Objectives (PBM) : 8.5022383459
Cluster size 15 :13
Predicted Label for 15: [ 2 12 12 12  2  2  8  3 12  2  4 12 12 12  8  8 12 12 12  3 12  3  4  2 12
  8 12  3 12  2 12 12  2  2  4  3 12 12  2 12 12  8 12 12 12  2 12  2 12  2
  4  4  7  4  7  4  7  4  7  4  7  4  4  4  4  7  7  4  7  7  4  7  4  4  7
  4  4  4  4  7  4  7  7  4  7  7  7  7  7  4  7  7  7  7  7  4  4  7  7  4
  5  5 10  5  5  5  2 10  5  5  2 10 10  5  5  2 10  5 10  5  5  5 10  5 10
 10  5 10  2 10  5  5 10  5  5  5  5  5 10  2  5  5  5  5  2  2 10 10  2 10
  8  1  1  1  8  1  8  8  0  0  1  8  1  8  8  0  1  8  1  0  0  0  8  8  0
  8  1  0  1  0  1  1  1  0  0  0  8  1  8  8  8  0  8  8  1  8  1  8  8  0
  3  9 11  3  6  6  6  3 11  9 11  6  9 11  9  3  3  3  6 11 11 11  9  9  9
 11  3  6 11 11 11  9  9  9 11  9  6  3  3  9  9 11 11  3  9  3  3  3 11  6]
 ARI Score 15 : 0.438253558262
Minkowski score 15 : 0.837098974959
------------------------------------------------------------------------------------------------------------
chromosome 16 : [ 13.79375      8.68125      7.65227273   9.09681818   5.7265      10.701
  13.74461538  11.23307692   4.9          9.16454545  10.04583333   5.46
   9.53482759  10.75862069  15.18333333   9.958       12.15423077
   9.96846154   5.584        8.552       10.70354839  14.56258065
  10.15888889   7.29333333   9.52894737  12.93315789   0.           0.           0.
   0.        ]
 Objectives (Sil) : 0.395890942544
 Objectives (PBM) : 10.9753262659
Cluster size 16 :14
Predicted Label for 16: [ 0 13 13 13  0  0  0 13 13  0  1 13 13 13  0 12 13 13 13 13 13 13 11  0 13
  0 12  9 13  0 13  0  0  0  1 13 13 13  0  1 13  0 13  0  1  0 13  0 13  0
 11 11  5 11  1 11  5  5  1 11  5 11 11 11 11  5  5 11  5  1 11  1 11  5  5
  5  1 11 11  1 11  5  5 11  5  1  5  5  5 11  5  5  1  1  1 11  1  5  5 11
  3  3  8  3  3  3  7  7  3  3  0  8  8  7  8  7  7  3  7  3  3  3  8  7  7
  8  3  8  0  8  3  3  8  3  3  3  3  8  8  0  3  3  3  3  7  7  8  8  7  7
  6  6 10  6  6 10 12 12 10 10 10  6  6 12 12 10 10 12 10 10 10 10 12  6 12
 12 10 10  6 12  6 10 10 10 12 10 12  6 12 12  6 10 12 12  6  6  6  6 12 12
  9  2  4  9  2  2  2  9  4  4  4  2  4  9  4  9  9  9  2  9  9  4  4  4  4
  4  2  2  4  9  4  4  4  4  4  4  2  2  2  4  4  4  9  2  4  9  2  9  4  2]
 ARI Score 16 : 0.431629488362
Minkowski score 16 : 0.832306850793
------------------------------------------------------------------------------------------------------------
chromosome 17 : [ 14.12722222  11.13285039  11.39750312  11.15573819   7.99530682
  14.88115385  15.7525      12.1486078    6.7073342    7.02458673
  14.74506756   7.8342288   11.21416496  14.37235294  15.18333333   9.958
  12.15423077   9.96846154   5.584        8.552       10.70354839
  14.56258065   0.           0.           0.           0.           0.           0.
   0.           0.        ]
 Objectives (Sil) : 0.436628237046
 Objectives (PBM) : 16.1877973024
Cluster size 17 :6
Predicted Label for 17: [0 1 1 1 1 1 0 1 1 0 5 1 1 1 0 1 1 1 1 1 1 1 5 0 1 0 1 1 1 0 1 0 0 0 5 1 1
 1 0 1 1 0 1 1 1 0 1 1 1 0 5 5 5 5 5 5 5 5 5 5 5 5 5 5 5 5 5 5 5 5 5 5 5 5
 5 5 5 5 5 5 5 5 5 5 5 5 5 5 5 5 5 5 5 5 5 5 5 5 5 5 0 3 3 0 0 0 3 3 0 3 0
 3 3 3 3 0 3 0 3 3 3 3 3 3 3 3 3 3 0 3 0 0 3 0 3 3 3 3 3 0 0 3 0 3 0 3 3 3
 3 3 2 2 2 2 2 2 2 2 2 2 2 2 2 2 1 2 2 2 2 2 2 2 2 2 2 2 2 2 2 2 2 2 2 2 2
 2 2 2 2 2 2 2 1 2 2 2 2 2 2 2 4 4 4 1 4 4 4 4 4 4 4 4 4 4 4 4 4 4 4 4 4 4
 4 4 4 4 1 4 4 4 4 4 4 4 4 4 4 4 4 4 4 4 4 1 4 4 4 4 4 4]
 ARI Score 17 : 0.793260136073
Minkowski score 17 : 0.561194062255
------------------------------------------------------------------------------------------------------------
chromosome 18 : [  5.56318182  10.49727273  10.31941176   5.52058824  12.18727273
   9.21363636  11.17777778   6.78777778   6.87538462   9.18307692
   9.66731707  13.70756098  15.27142857   9.97428571   8.27727273
  10.28818182   5.06         8.87916667  14.05857143   9.01285714
   9.85428571   7.77333333   8.755        5.8         10.37766667
  11.14833333  12.9446875   11.62875      0.           0.        ]
 Objectives (Sil) : 0.370097531966
 Objectives (PBM) : 10.6743435293
Cluster size 18 :11
Predicted Label for 18: [10  3  7  3 10 10  7  0  7 10  3  7  3  7  7  7  7  7  3  3  7  0 10 10  7
  7  7  3  3 10  3  7 10 10  3  0  3  7 10  3  3  7  3 10  3 10  7 10  3 10
  1  1  1  1  1  1  1  1  1  1  1 10  1  1  1  1  1 10  1  1  1  1  1  1  1
  1  3  1  1  1  1  1  1  1  1  1  1  1  1  1  1  1  1  1  1 10  3  1  1  1
  6  6  4  2  2  2  9  9  2  2  2  9  4  9  6  9  9  2  9  6  6  2  4  9  9
  4  2  4  2  4  2  2  4  2  2  6  2  6  4 10  2  2  6  6  9  9  4  4  9  9
  5  5  5  5  5  5  7  7  5  5  5  7  5  7  7  5  5  5  5  5  5  5  7  5  5
  7  5  5  5  5  5  5  5  5  5  5  5  5  7  7  7  5  7  7  5  5  5  7  7  5
  0  8  8  0  0  8  0  0  8  8  8  8  8  8  8  0  0  0  0  8  0  8  8  8  8
  8  0  0  8  0  8  8  8  8  8  8  8  0  0  8  8  8  8  0  8  0  0  0  8  8]
 ARI Score 18 : 0.570079580235
Minkowski score 18 : 0.757547061918
------------------------------------------------------------------------------------------------------------
chromosome 19 : [ 14.12722222   9.06055556  13.14214286  10.4          7.48933333
  10.29133333   5.21909091  10.44363636   7.57333333   9.16        12.30166667
  13.27916667  14.94615385  10.69615385  10.20918033  12.99245902
   9.23307692   5.95153846   6.22        11.612        9.79285714
   9.92619048  10.67413793   7.01965517   5.08         9.045        6.53
   8.83         0.           0.        ]
 Objectives (Sil) : 0.403133710286
 Objectives (PBM) : 9.6142015291
Cluster size 19 :14
Predicted Label for 19: [ 1  5  1  5  6  1  1  5  5  1  6  1  1  8  1  8  5  1  1  5  5  5  6  1  5
  1  8  5  5  1  5  1  1  1  6  5  1  5  1  6  5  8  1  1  6  1  5  6  5  1
  4  4  3  4 10  6  3  4 10  6  3  6  6  4  6  3  3  6 10 10  6 10  6  4  3
  4  6  4  4 10  6  3  3  4  3 10  3  3 10  6  3  3 10 10 10  6  6 10  3  4
  0  0  0  0  0  0  0  0  0  0  1  0  0  0  0  0  0  0  0  0  0  0  0  0  0
  0  0  0  1  0  0  0  0  0  0  0  0  0  0  1  0  0  0  0  0  0  0  0  0  0
 11 11 12 11 11 12  8  8 12 12 12 11 11  8  8 12 12  2 12 12 12 12  8 11  2
  8 11 12 11  2 11 11 12 12  2 12  2 11  8  8 11  2  8  2 11 11 11 11  8  2
 13  7  9  5  7  7  7 13  9  9  9  7  9 13  7 13 13 13  7 13 13  9  9  9  9
  9  5  7  9 13  9  9  9  9  9  7  7  7  7  7  9  9 13  5  9 13  7 13  9  7]
 ARI Score 19 : 0.493859214594
Minkowski score 19 : 0.800713967121
------------------------------------------------------------------------------------------------------------
chromosome 20 : [ 12.51930556  10.80993372   9.98663732   9.79530528  11.4562544
  14.88115385  14.32166667  14.62944113   6.1814144    7.30628673  15.103
   6.45012166   7.65930647  14.24679477   0.           0.           0.           0.
   0.           0.           0.           0.           0.           0.           0.
   0.           0.           0.           0.           0.        ]
 Objectives (Sil) : 0.363778954378
 Objectives (PBM) : 8.53071828785
Cluster size 20 :2
Predicted Label for 20: [1 0 0 0 1 1 0 0 0 1 1 0 0 0 0 0 0 0 0 0 0 0 1 1 0 0 0 0 0 1 0 1 1 1 1 0 1
 0 1 1 0 0 0 1 1 1 0 1 0 1 1 1 1 1 1 1 1 1 1 1 1 1 1 1 1 1 1 1 1 1 1 1 1 1
 1 1 1 1 1 1 1 1 1 1 1 1 1 1 1 1 1 1 1 1 1 1 1 1 1 1 1 1 1 1 1 1 1 1 1 1 1
 1 1 1 1 1 1 1 1 1 1 1 1 1 1 1 1 1 1 1 1 1 1 1 1 1 1 1 1 1 1 1 1 1 1 1 1 1
 1 1 0 0 0 0 0 0 0 0 0 0 0 0 0 0 0 0 0 0 0 0 0 0 0 0 0 0 0 0 0 0 0 0 0 0 0
 0 0 0 0 0 0 0 0 0 0 0 0 0 0 0 0 0 0 0 0 0 0 0 0 0 0 0 0 0 0 0 0 0 0 0 0 0
 0 0 0 0 0 0 0 0 0 0 0 0 0 0 0 0 0 0 0 0 0 0 0 0 0 0 0 0]
 ARI Score 20 : 0.31787874089
Minkowski score 20 : 1.3155273638
------------------------------------------------------------------------------------------------------------
chromosome 21 : [ 10.244       13.622        9.92692308   7.96173077   9.66        11.74352941
  11.46166667  13.665       13.72347826   9.84673913  10.4015      15.146
  10.64466667  11.09933333  13.87666667  11.46555556   6.6675      10.98022727
  10.11555556   5.05888889   7.16888889   7.44148148   0.           0.           0.
   0.           0.           0.           0.           0.        ]
 Objectives (Sil) : 0.366705364962
 Objectives (PBM) : 11.8857830784
Cluster size 21 :10
Predicted Label for 21: [1 1 1 1 1 1 3 3 3 1 6 3 1 3 3 3 3 3 1 1 3 3 6 1 3 3 3 1 1 1 1 1 1 1 6 3 1
 3 1 1 1 3 1 1 1 1 3 1 1 1 7 6 9 6 9 6 9 7 9 6 7 6 6 7 6 7 7 6 9 9 6 9 6 7
 7 7 6 7 7 9 6 9 9 7 7 9 9 7 9 6 7 7 9 9 9 6 6 9 7 7 4 4 2 4 4 4 2 2 4 4 4
 2 2 4 2 4 2 4 2 4 4 4 2 2 2 2 4 2 4 2 4 4 2 4 4 4 4 2 2 4 4 4 4 4 4 2 2 2
 2 2 0 0 5 0 0 5 3 3 5 5 5 0 0 3 3 5 5 0 5 5 5 5 0 0 0 3 5 5 0 0 0 0 5 5 0
 5 0 0 3 0 0 0 3 0 0 0 0 0 3 0 8 8 8 8 8 8 8 8 8 8 8 8 8 8 8 8 8 8 8 8 8 8
 8 8 8 8 8 8 8 8 8 8 8 8 8 8 8 8 8 8 8 8 8 3 8 8 8 8 8 8]
 ARI Score 21 : 0.618986501568
Minkowski score 21 : 0.714399990859
------------------------------------------------------------------------------------------------------------
chromosome 22 : [  7.36928571   9.79107143   9.65529412  11.94235294  14.01142857
  11.02047619  15.7525       9.6575       9.842       15.672       10.9575
  10.24208333  10.436875     7.280625     9.08428571   9.89071429
  14.04052632   9.44421053   9.685625    14.466875     5.17733333
   9.63966667  11.19842105  13.85842105  10.06380952   5.36285714   0.           0.
   0.           0.        ]
 Objectives (Sil) : 0.33785171352
 Objectives (PBM) : 7.45120846892
Cluster size 22 :14
Predicted Label for 22: [ 5  0  5  0  5  5 11  0  5  5  5  5  5  7 11  7  7  5  5  0  7  0  5  5  5
 11  7  0  5  5  5  5  5  5  5  0  5  7  5  5  5 11  5  5  5  5  7  5  0  5
  8  8 12  8 12  8 12  8 12  8 12  8  8  8  8 12  8  8 12 12  8 12  8  8 12
  8  8  8  8 12  8 12 12  8 12 12 12 12 12  8 12 12 12 12 12  8  8 12 12  8
  1  2  2  1  1  1  6  3  1  1  1  3  3  6  2  6  6  6  6  1  2  1  3  6  6
  3  1  3  1  3  1  1  2  1  1  2  1  2  3  6  1  1  1  2  6  6  3  3  6  3
 11  9  9  9 11  9  7  7 10 10 10 11  9  7  7 10  9  7  9 10 10 10 11  9 10
  7  9 10  9 10  9  9  9 10  7 10 10  9  7  7 11 10  7  7  9 11  9 11  7 10
  0  4 13  0  0  4  4  0 13 13 13  4 13 13  4  0  0  0  4 13  0 13 13 13 13
 13  0  4 13  0 13 13 13  4 13  4  4  0  0  4  4 13 13  0  4  0  0  0 13  4]
 ARI Score 22 : 0.444046758281
Minkowski score 22 : 0.829260796968
------------------------------------------------------------------------------------------------------------
chromosome 23 : [ 13.04136218   8.17610694  12.3230295    9.468079     7.11744481
  12.41890536   8.46083179  14.28469658   8.71379885  12.04965143  15.103
  15.158       15.69        14.37235294  15.18333333  15.467       14.83764706
  10.65771493  11.636       14.219       14.61235294  15.3375      15.34461538
  10.26485517  10.169375    15.300625     0.           0.           0.           0.        ]
 Objectives (Sil) : 0.403254416215
 Objectives (PBM) : 13.6243015862
Cluster size 23 :8
Predicted Label for 23: [5 7 7 7 5 5 4 7 7 5 5 7 7 7 4 4 7 7 7 7 7 7 5 5 7 4 7 7 7 5 7 7 5 5 5 7 5
 7 5 5 7 4 7 5 5 5 7 5 7 5 6 6 1 6 1 5 1 6 1 5 6 5 1 6 6 6 6 5 1 1 1 1 5 6
 6 6 5 6 6 1 5 1 1 6 6 1 1 6 1 5 6 6 1 1 1 5 5 1 6 6 0 0 0 0 0 0 0 0 0 0 0
 0 0 0 0 0 0 0 0 0 0 0 0 0 0 0 0 0 0 0 0 0 0 0 0 0 0 0 0 5 0 0 0 0 0 0 0 0
 0 0 4 4 2 2 4 2 4 4 2 2 2 4 4 4 4 2 2 4 2 2 2 2 4 4 4 4 2 2 2 4 2 2 2 2 4
 2 4 4 4 4 4 2 4 4 2 4 2 4 4 2 3 3 3 7 7 3 3 3 3 3 3 3 3 3 3 3 3 3 3 3 3 3
 3 3 3 3 7 3 3 3 3 3 3 3 3 3 3 3 3 3 3 3 3 7 3 3 3 3 3 3]
 ARI Score 23 : 0.673960934874
Minkowski score 23 : 0.679495611255
------------------------------------------------------------------------------------------------------------
chromosome 24 : [  9.87363636  10.33454545  10.31866667  14.138       10.7675       6.50125
   6.75        11.2          5.73181818  10.54454545   8.15714286
  10.76714286   5.46071429   8.77571429  14.13304348  10.13717391   8.575
   5.3825       8.01764706   9.41529412   4.7          9.87111111   9.512
   7.2715      11.27636364  10.09590909  10.29916667   5.15416667   9.499
  11.742     ]
 Objectives (Sil) : 0.383834269835
 Objectives (PBM) : 9.20308380564
Cluster size 24 :14
Predicted Label for 24: [12  9 12  9 11 12 12  9 12 12 11 12 12  0 12  0  9 12 12  9  9  9 11 12 12
 12  0  9  9 12  9 12 12 12 11  9 12  9 12 11 12 12 12 12 11 12  9 11  9 12
 13 11  8 11  7 11  8 13  7 11  8 11 11 13 11  8 13 11  8  7 11  7 11 13  8
 13 11 13 13  7 11  8  8 13  8  7  8  8  7 11  8  8  7  7  7 11 11  7  8 13
  3  3  4  3  6  6  2  2  6  6  6  4  4  2  4  2  2  6  2  3  3  6  4  2  2
  4  6  4  6  4  3  3  4  3  6  3  3  4  4  6  6  6  3  3  2  2  4  4  2  2
  5  5  1  5  5  1  0  0  1  1  1  5  5  0  0  1  1  0  1  1  1  1  0  5  0
  0  5  1  5  0  5  5  1  1  0  1  0  5  0  0  5  1  0  0  5  5  5  5  0  1
  9 10 10  9  9 10  9  9 10 10 10 10 10 10 10  9 10  9 10 10 10 10 10 10 10
 10  9 10 10 10 10 10 10 10 10 10 10  9 10 10 10 10 10  9 10  9  9 10 10 10]
 ARI Score 24 : 0.442620582486
Minkowski score 24 : 0.834070422319
------------------------------------------------------------------------------------------------------------
chromosome 25 : [  5.8886878   10.8927201    8.04514116   4.62463181  12.66794508
   7.00267658  13.0753312    4.65026709   1.94722568   9.6133234
  10.54475976  11.79388365  15.69         8.80995783   5.52388258
  10.50434343   1.72625      3.38905303   8.14        10.21         0.           0.
   0.           0.           0.           0.           0.           0.           0.
   0.        ]
 Objectives (Sil) : 0.415561047816
 Objectives (PBM) : 10.352485741
Cluster size 25 :7
Predicted Label for 25: [2 4 4 4 4 4 2 4 4 2 1 4 4 4 2 0 4 4 4 4 4 4 1 2 4 2 4 4 4 2 4 2 2 2 1 4 4
 4 2 4 4 0 4 4 4 2 4 4 4 2 1 1 1 1 1 1 1 1 1 1 1 1 1 1 1 1 1 1 1 1 1 1 1 1
 1 1 1 1 1 1 1 1 1 1 1 1 1 1 1 1 1 1 1 1 1 1 1 1 1 1 3 3 3 2 2 2 3 3 2 3 2
 3 3 3 3 2 3 3 3 3 3 3 3 3 3 3 3 3 2 3 2 2 3 2 3 3 3 3 3 2 3 3 3 3 2 3 3 3
 3 3 0 0 5 5 0 5 0 0 5 5 5 0 0 0 0 5 5 0 5 5 5 5 0 0 0 0 5 5 5 0 5 5 5 5 0
 5 0 5 0 0 0 5 0 0 5 0 5 0 0 0 6 6 6 4 6 6 6 6 6 6 6 6 6 6 6 6 6 6 6 6 6 6
 6 6 6 6 4 6 6 6 6 6 6 6 6 6 6 6 6 6 6 6 6 4 6 6 6 6 6 6]
 ARI Score 25 : 0.741479267029
Minkowski score 25 : 0.615712628437
------------------------------------------------------------------------------------------------------------
chromosome 26 : [ 10.975       11.25666667  14.48133333  10.17666667  13.36727273
  10.92181818  14.28714286   8.93357143  14.30666667  11.40833333  10.8325
   9.81875     11.795        9.39         9.28735294  11.15147059  10.2215
   5.343       12.215       10.52        10.498       14.295        9.86228571
   7.18428571   6.02113208   9.80830189   0.           0.           0.           0.        ]
 Objectives (Sil) : 0.359095970151
 Objectives (PBM) : 9.37328181346
Cluster size 26 :15
Predicted Label for 26: [ 1  3  3  3  1  1  1  6  3  1  8  3  3  3  1  0  3  3  3  6  3  3  8  1  3
  1  3  6  3  1  3  1  1  1  8  3  3  3  1  8  3  0  3  1  8  1  3  1  3  1
  9  9 11  9  8  9 11  9  8  9 11  9  8  9  9 11 11  9 11  8  8  8  8  9 11
  9  8  9  9  8  8 11 11  9 11  8 11 11 11  9 11 11  8  8  8  9  8 11 11  9
  5  5  2  5  5  5  4  4  5  5  1  2  2  4  2  4  4  5  4  5  5  5  2  4  4
  2  5  2  1  2  5  5  2  5  5  5  5  2  2  1  5  5  5  5  4  4  2  2  4  4
  0  0  7  7  0  7  0  0  7  7  7  0  0  0  0  7  7  0  7  7  7  7  0  0  0
  0  7  7  7  0  7  7  7  7  0  7  0  0  0  0  0  7  0  0  7  0  7  0  0  0
  6 10 14  6 12 12 12  6 13 10 14 12 10 13 10  6  6  6 12 13 13 14 10 14 10
 14 12 12 13 13 14 10 10 10 13 10 12 12 12 10 10 14 13 12 10  6 12  6 14 12]
 ARI Score 26 : 0.423263567566
Minkowski score 26 : 0.838852471766
------------------------------------------------------------------------------------------------------------
chromosome 27 : [ 13.6300094    7.64162842  10.16584211  10.6278223   11.12835908
  11.43117357   0.           4.67953885  14.30666667   4.41053364
   6.4302857    8.89425808  15.69        14.37235294   1.15869612
   1.28334711   0.           0.           0.           0.           0.           0.
   0.           0.           0.           0.           0.           0.           0.
   0.        ]
 Objectives (Sil) : 0.503015075679
 Objectives (PBM) : 10.0666553778
Cluster size 27 :4
Predicted Label for 27: [2 1 0 1 3 2 0 1 0 2 3 0 0 0 0 0 0 0 0 1 0 1 3 2 0 0 0 1 1 2 1 0 2 2 3 1 3
 1 2 3 1 0 0 3 3 2 0 3 1 2 3 3 3 3 3 3 3 3 3 3 3 3 3 3 3 3 3 3 3 3 3 3 3 3
 3 3 3 3 3 3 3 3 3 3 3 3 3 3 3 3 3 3 3 3 3 3 3 3 3 3 2 2 2 2 2 2 2 2 2 2 2
 2 2 2 2 2 2 2 2 2 2 2 2 2 2 2 2 2 2 2 2 2 2 2 2 2 2 2 2 2 2 2 2 2 2 2 2 2
 2 2 0 0 0 0 0 0 0 0 0 0 0 0 0 0 0 0 0 0 0 0 0 0 0 0 0 0 0 0 0 0 0 0 0 0 0
 0 0 0 0 0 0 0 0 0 0 0 0 0 0 0 1 1 1 1 1 1 1 1 1 1 1 1 1 1 1 1 1 1 1 1 1 1
 1 1 1 1 1 1 1 1 1 1 1 1 1 1 1 1 1 1 1 1 1 1 1 1 1 1 1 1]
 ARI Score 27 : 0.684694502188
Minkowski score 27 : 0.745818274085
------------------------------------------------------------------------------------------------------------
chromosome 28 : [ 9.24820657  9.30409862  7.46024168  7.7785932   0.          0.50018753
  0.          0.          0.          0.          0.          0.          0.
  0.          0.          0.          0.          0.          0.          0.
  0.          0.          0.          0.          0.          0.          0.
  0.          0.          0.        ]
 Objectives (Sil) : 0.461413963824
 Objectives (PBM) : 15.5107688784
Cluster size 28 :6
Predicted Label for 28: [3 3 3 3 3 3 3 3 3 3 1 3 3 3 3 3 3 3 3 3 3 3 1 3 3 3 3 3 3 3 3 3 3 3 1 3 3
 3 3 3 3 3 3 3 3 1 3 3 3 3 1 1 2 1 2 1 2 1 2 1 2 1 1 1 1 2 2 1 2 2 1 2 1 1
 2 1 1 1 1 2 1 2 2 1 2 2 2 2 2 1 2 2 2 2 2 1 1 2 2 1 5 5 5 5 5 5 5 5 5 5 5
 5 5 5 5 5 5 5 5 5 5 5 5 5 5 5 5 5 5 5 5 5 5 5 5 5 5 5 5 5 5 5 5 5 5 5 5 5
 5 5 0 0 0 0 0 0 3 3 0 0 0 0 0 3 3 0 0 0 0 0 0 0 0 0 0 3 0 0 0 0 0 0 0 0 0
 0 0 0 0 0 0 0 3 0 0 0 0 0 3 0 4 4 4 3 4 4 4 4 4 4 4 4 4 4 4 4 4 4 4 4 4 4
 4 4 4 4 4 4 4 4 4 4 4 4 4 4 4 4 4 4 4 4 4 3 4 4 4 4 4 4]
 ARI Score 28 : 0.816578610232
Minkowski score 28 : 0.531305669352
------------------------------------------------------------------------------------------------------------
chromosome 29 : [ 14.12722222   9.07782942  11.40146935  10.01105504   5.40711147
  11.89957203   9.62989725  15.3575      12.50046551  15.672       15.103
  15.158       15.69        14.37235294  10.53         8.95         0.           0.
   0.           0.           0.           0.           0.           0.           0.
   0.           0.           0.           0.           0.        ]
 Objectives (Sil) : 0.417342474798
 Objectives (PBM) : 9.43350640293
Cluster size 29 :3
Predicted Label for 29: [0 2 0 2 1 0 0 2 0 0 1 0 0 0 0 0 2 0 0 2 2 2 1 0 0 0 0 2 2 0 2 0 0 0 1 2 1
 2 0 1 2 0 0 0 1 1 2 1 2 0 1 1 1 1 1 1 1 1 1 1 1 1 1 1 1 1 1 1 1 1 1 1 1 1
 1 1 1 1 1 1 1 1 1 1 1 1 1 1 1 1 1 1 1 1 1 1 1 1 1 1 0 0 0 0 0 0 0 0 0 0 0
 0 0 0 0 0 0 0 0 0 0 0 0 0 0 0 0 0 0 0 0 0 0 0 0 0 0 0 0 0 0 0 0 0 0 1 0 0
 1 0 0 0 0 0 0 0 0 0 0 0 0 0 0 0 0 0 0 0 0 0 0 0 0 0 0 0 0 0 0 0 0 0 0 0 0
 0 0 0 0 0 0 0 0 0 0 0 0 0 0 0 2 2 2 2 2 2 2 2 2 2 2 2 2 2 2 2 2 2 2 2 2 2
 2 2 2 2 2 2 2 2 2 2 2 2 2 2 2 2 2 2 2 2 2 2 2 2 2 2 2 2]
 ARI Score 29 : 0.457270923316
Minkowski score 29 : 1.07824498371
------------------------------------------------------------------------------------------------------------
chromosome 30 : [  9.59066667  12.128       13.435       10.275       14.67941176
   9.02352941   9.92956044   8.06098901  11.26153846  13.48692308
  10.94888889  14.79111111  12.929375    10.639375     9.867       15.467
   5.94078431   9.85411765   9.1675      13.7525      14.044375    10.18625
   0.           0.           0.           0.           0.           0.           0.
   0.        ]
 Objectives (Sil) : 0.365073314925
 Objectives (PBM) : 8.50210432816
Cluster size 30 :11
Predicted Label for 30: [ 6  3  3  3  3  3  6  3  9  6  0  9  3  9  6  9  9  9  3  3  9  9  0  6  9
  6  9  3  3  6  3  6  6  6  3  9  3  9  6  3  3  4  3  3  3  6  9  3  3  6
  0  0  2  0  1  0  2  2  1  0  2  0  0  0  0  2  2  0  1  1  0  1  0  2  2
  2  0  0  0  1  0  2  1  0  2  1  2  2  1  0  2  2  1  1  1  0  0  1  2  2
 10 10 10  6  6  6 10 10  6 10  6 10 10 10 10  6 10 10 10 10 10 10 10 10 10
 10 10 10  6 10  6  6 10  6 10 10 10 10 10  6 10 10 10 10  6 10 10 10 10 10
  4  4  5  4  4  5  9  9  7  5  5  4  4  9  9  5  5  7  5  5  5  7  4  4  7
  9  5  7  4  7  5  5  5  7  7  5  7  4  9  4  4  7  9  7  5  4  5  4  9  7
  8  8  8  3  9  8  9  8  8  8  8  8  8  8  8  8  8  8  8  8  8  8  8  8  8
  8  9  8  8  8  8  8  8  8  8  8  8  8  8  8  8  8  8  9  8  8  8  8  8  8]
 ARI Score 30 : 0.542949412234
Minkowski score 30 : 0.77754191435
------------------------------------------------------------------------------------------------------------
chromosome 31 : [ 10.34842105  14.41289474   9.86119048   6.09833333  10.61333333
   7.83166667  13.22538462  11.11692308   5.77446809   9.77489362
  14.25540541   9.76486486  10.50567568  10.9772973    8.66625     10.40333333
   0.           0.           0.           0.           0.           0.           0.
   0.           0.           0.           0.           0.           0.           0.        ]
 Objectives (Sil) : 0.380114652136
 Objectives (PBM) : 11.8107692944
Cluster size 31 :10
Predicted Label for 31: [2 6 2 6 2 2 2 6 6 2 5 6 2 6 2 6 6 2 2 6 6 6 2 2 6 2 6 6 6 2 6 2 2 2 5 6 2
 6 2 5 6 2 2 2 5 2 6 2 6 2 1 1 5 1 5 1 5 1 5 1 1 1 1 1 1 1 1 1 5 5 1 5 1 1
 1 1 5 1 1 5 1 5 5 1 1 5 5 1 5 1 1 1 5 5 5 1 5 5 1 1 4 3 3 4 7 7 7 8 7 7 7
 8 8 7 3 7 8 7 8 3 3 7 8 7 8 8 7 8 2 3 4 4 3 4 7 3 7 3 8 7 7 7 4 3 7 7 8 8
 7 8 0 0 0 0 0 0 6 6 0 0 0 0 0 6 6 0 0 0 0 0 0 0 0 0 0 6 0 0 0 0 0 0 0 0 0
 0 0 0 6 0 0 0 6 0 0 0 0 0 6 0 9 9 9 6 6 9 6 9 9 9 9 9 9 9 9 9 9 9 9 9 9 9
 9 9 9 9 6 9 9 9 9 9 9 9 9 9 9 9 9 9 9 9 9 6 9 9 9 9 9 9]
 ARI Score 31 : 0.623475570489
Minkowski score 31 : 0.719410189258
------------------------------------------------------------------------------------------------------------
chromosome 32 : [ 12.29834869  12.49373587   5.06556548  10.38997876  14.97142857
  14.5335918    6.87230769   5.60784274   2.45         4.58227273   0.           0.
   0.           0.           0.           0.           0.           0.           0.
   0.           0.           0.           0.           0.           0.           0.
   0.           0.           0.           0.        ]
 Objectives (Sil) : 0.457607949034
 Objectives (PBM) : 15.8478426177
Cluster size 32 :6
Predicted Label for 32: [4 5 4 5 4 4 4 5 5 4 3 5 4 5 4 5 5 4 4 5 5 5 4 4 5 4 5 5 5 4 5 4 4 4 4 5 4
 5 4 4 4 4 4 4 4 4 5 4 5 4 3 3 3 3 3 3 3 3 3 3 3 3 3 3 3 3 3 3 3 3 3 3 3 3
 3 3 3 3 3 3 3 3 3 3 3 3 3 3 3 3 3 3 3 3 3 3 3 3 3 3 2 2 2 2 2 2 2 2 2 2 4
 2 2 2 2 2 2 2 2 2 2 2 2 2 2 2 2 2 4 2 2 2 2 2 2 2 2 2 2 4 2 2 2 2 2 2 2 2
 2 2 0 0 0 0 0 0 5 5 0 0 0 0 0 5 5 0 0 0 0 0 0 0 0 0 0 5 0 0 0 0 0 0 0 0 0
 0 0 0 5 0 0 0 5 0 0 0 0 0 5 0 1 1 1 5 5 1 5 1 1 1 1 1 1 1 1 1 1 1 1 1 1 1
 1 1 1 1 5 1 1 1 1 1 1 1 1 1 1 1 1 1 1 1 1 5 1 1 1 1 1 1]
 ARI Score 32 : 0.809835482068
Minkowski score 32 : 0.537264423933
------------------------------------------------------------------------------------------------------------
chromosome 33 : [ 14.12722222  11.13285039  11.39750312  11.15573819   7.99530682
  14.88115385  15.7525      12.1486078    6.7073342    7.02458673
  14.74506756   7.8342288   11.21416496  14.37235294  15.18333333   9.958
  12.15423077   9.96846154   5.584        8.552       10.70354839
  14.56258065   0.           0.           0.           0.           0.           0.
   0.           0.        ]
 Objectives (Sil) : 0.363778954378
 Objectives (PBM) : 3.79143035015
Cluster size 33 :2
Predicted Label for 33: [0 1 1 1 0 0 1 1 1 0 0 1 1 1 1 1 1 1 1 1 1 1 0 0 1 1 1 1 1 0 1 0 0 0 0 1 0
 1 0 0 1 1 1 0 0 0 1 0 1 0 0 0 0 0 0 0 0 0 0 0 0 0 0 0 0 0 0 0 0 0 0 0 0 0
 0 0 0 0 0 0 0 0 0 0 0 0 0 0 0 0 0 0 0 0 0 0 0 0 0 0 0 0 0 0 0 0 0 0 0 0 0
 0 0 0 0 0 0 0 0 0 0 0 0 0 0 0 0 0 0 0 0 0 0 0 0 0 0 0 0 0 0 0 0 0 0 0 0 0
 0 0 1 1 1 1 1 1 1 1 1 1 1 1 1 1 1 1 1 1 1 1 1 1 1 1 1 1 1 1 1 1 1 1 1 1 1
 1 1 1 1 1 1 1 1 1 1 1 1 1 1 1 1 1 1 1 1 1 1 1 1 1 1 1 1 1 1 1 1 1 1 1 1 1
 1 1 1 1 1 1 1 1 1 1 1 1 1 1 1 1 1 1 1 1 1 1 1 1 1 1 1 1]
 ARI Score 33 : 0.31787874089
Minkowski score 33 : 1.3155273638
------------------------------------------------------------------------------------------------------------
chromosome 34 : [  8.43915875  10.94988357   7.63832614  13.10299394  13.09325046
   6.10909062  14.98208753   9.46500345   4.40101926  10.76055802
  10.86301301   9.522828     6.5223308    3.38902968   8.21260777
   6.38330578  14.83764706   7.09366024   5.101875     7.590625
   2.64733333   5.34466667  11.19842105  11.44940199  10.06380952
   5.36285714   0.           0.           0.           0.        ]
 Objectives (Sil) : 0.460217732223
 Objectives (PBM) : 12.9534370244
Cluster size 34 :6
Predicted Label for 34: [2 2 2 2 2 2 2 1 2 2 5 2 2 2 2 2 1 2 2 1 2 1 5 2 2 2 2 1 2 2 2 2 2 2 5 1 2
 2 2 2 2 2 2 2 2 2 2 2 2 2 5 5 5 5 5 5 5 5 5 5 5 5 5 5 5 5 5 5 5 5 5 5 5 5
 5 5 5 5 5 5 5 5 5 5 5 5 5 5 5 5 5 5 5 5 5 5 5 5 5 5 3 3 3 3 3 3 3 3 3 3 3
 3 3 3 3 3 3 3 3 3 3 3 3 3 3 3 3 3 2 3 3 3 3 3 3 3 3 3 3 3 3 3 3 3 3 3 3 3
 3 3 0 0 0 0 0 0 2 0 0 0 0 0 0 0 2 0 0 0 0 0 0 0 0 0 0 0 0 0 0 0 0 0 0 0 0
 0 0 0 0 0 0 0 2 0 0 0 0 0 0 0 1 4 4 1 1 1 1 1 4 4 4 1 4 4 4 1 1 1 1 4 1 4
 4 4 4 4 1 1 4 1 4 4 4 4 4 4 4 1 1 4 4 4 4 1 4 1 1 1 4 1]
 ARI Score 34 : 0.825099159158
Minkowski score 34 : 0.517766001832
------------------------------------------------------------------------------------------------------------
chromosome 35 : [ 13.6300094    7.64162842  10.16584211  10.6278223   11.12835908
  11.43117357   0.           4.67953885  14.30666667   4.41053364
   6.4302857    8.89425808  15.69        14.37235294   1.15869612
   1.28334711   0.           0.           0.           0.           0.           0.
   0.           0.           0.           0.           0.           0.           0.
   0.        ]
 Objectives (Sil) : 0.508386555395
 Objectives (PBM) : 13.2408303057
Cluster size 35 :5
Predicted Label for 35: [3 3 3 3 3 3 3 3 3 3 0 3 3 3 3 3 3 3 3 3 3 3 0 3 3 3 3 3 3 3 3 3 3 3 0 3 3
 3 3 3 3 3 3 3 3 3 3 3 3 3 0 0 0 0 0 0 0 0 0 0 0 0 0 0 0 0 0 0 0 0 0 0 0 0
 0 0 0 0 0 0 0 0 0 0 0 0 0 0 0 0 0 0 0 0 0 0 0 0 0 0 2 2 2 2 2 2 2 2 2 2 2
 2 2 2 2 2 2 2 2 2 2 2 2 2 2 2 2 2 2 2 2 2 2 2 2 2 2 2 2 2 2 2 2 2 2 2 2 2
 2 2 4 4 4 4 4 4 3 4 4 4 4 4 4 4 3 4 4 4 4 4 4 4 4 4 4 4 4 4 4 4 4 4 4 4 4
 4 4 4 4 4 4 4 3 4 4 4 4 4 4 4 1 1 1 3 1 1 1 1 1 1 1 1 1 1 1 1 1 1 1 1 1 1
 1 1 1 1 1 1 1 1 1 1 1 1 1 1 1 1 1 1 1 1 1 3 1 1 1 1 1 1]
 ARI Score 35 : 0.921907059772
Minkowski score 35 : 0.354331794238
------------------------------------------------------------------------------------------------------------
chromosome 36 : [ 14.12722222   9.69738788   8.72020349   7.71831165   0.          11.15092408
   0.           0.01739145   0.           0.           0.           0.           0.
   0.           0.           0.           0.           0.           0.           0.
   0.           0.           0.           0.           0.           0.           0.
   0.           0.           0.        ]
 Objectives (Sil) : 0.394387621332
 Objectives (PBM) : 8.53615319021
Cluster size 36 :3
Predicted Label for 36: [0 1 1 1 1 0 2 1 1 0 1 2 1 2 2 2 1 2 1 1 1 1 0 0 1 2 2 1 1 0 1 0 0 0 1 1 1
 1 0 1 1 2 1 1 1 0 1 1 1 0 0 1 1 0 1 1 1 1 1 1 1 0 1 0 1 1 1 0 1 1 1 1 1 1
 1 0 1 1 0 1 1 1 1 0 1 1 1 1 1 1 1 1 1 1 1 0 1 1 1 0 0 0 0 0 0 0 0 0 0 0 0
 0 0 0 0 0 0 0 0 0 0 0 0 0 0 0 0 0 0 0 0 0 0 0 0 0 0 0 0 0 0 0 0 0 0 0 0 0
 0 0 2 2 2 2 2 2 2 2 2 2 2 2 2 2 2 2 2 2 2 2 2 2 2 2 2 2 2 2 2 2 2 2 2 2 2
 2 2 2 2 2 2 2 2 2 2 2 2 2 2 2 1 1 1 1 1 1 1 1 1 1 1 1 1 1 1 1 1 1 1 1 1 1
 1 1 1 1 1 1 1 1 1 1 1 1 1 1 1 1 1 1 1 1 1 1 1 1 1 1 1 1]
 ARI Score 36 : 0.429698542829
Minkowski score 36 : 1.09894197726
------------------------------------------------------------------------------------------------------------
chromosome 37 : [ 11.19851434  10.21593552   4.33722127   9.28377818   9.20383912
   6.45609121  10.88243132  15.3575       6.93221255   5.63742973
  13.57622425  10.77628107   7.78270224  11.61772819  12.34419414
   6.51041026  14.83764706   9.55292432  11.40761404   9.32731579   0.           0.
   0.           0.           0.           0.           0.           0.           0.
   0.        ]
 Objectives (Sil) : 0.392106797025
 Objectives (PBM) : 18.7500532151
Cluster size 37 :3
Predicted Label for 37: [2 1 0 1 1 2 0 1 0 2 1 0 1 0 0 0 0 0 1 1 1 1 2 2 1 0 0 1 1 2 1 0 2 2 1 1 1
 1 2 1 1 0 1 1 1 2 1 1 1 2 2 1 1 2 1 1 1 1 1 1 1 2 1 2 1 1 1 2 1 1 1 1 1 1
 1 2 1 1 2 1 1 1 1 2 1 1 1 1 1 1 1 1 1 1 1 2 1 1 1 2 2 2 2 2 2 2 2 2 2 2 2
 2 2 2 2 2 2 2 2 2 2 2 2 2 2 2 2 2 2 2 2 2 2 2 2 2 2 2 2 2 2 2 2 2 2 2 2 2
 2 2 0 0 0 0 0 0 0 0 0 0 0 0 0 0 0 0 0 0 0 0 0 0 0 0 0 0 0 0 0 0 0 0 0 0 0
 0 0 0 0 0 0 0 0 0 0 0 0 0 0 0 1 1 1 1 1 1 1 1 1 1 1 1 1 1 1 1 1 1 1 1 1 1
 1 1 1 1 1 1 1 1 1 1 1 1 1 1 1 1 1 1 1 1 1 1 1 1 1 1 1 1]
 ARI Score 37 : 0.431078495631
Minkowski score 37 : 1.09298318601
------------------------------------------------------------------------------------------------------------
chromosome 38 : [  9.95409906  11.71728858  12.18052413   8.39437176  12.8535211
  11.05157302   0.           0.           0.           0.           0.           0.
   0.           0.           0.           0.           0.           0.           0.
   0.           0.           0.           0.           0.           0.           0.
   0.           0.           0.           0.        ]
 Objectives (Sil) : 0.503328803604
 Objectives (PBM) : 15.2435371707
Cluster size 38 :4
Predicted Label for 38: [3 1 2 1 0 3 2 1 2 3 0 2 2 2 2 2 1 2 2 1 1 1 0 3 2 2 2 1 1 3 1 2 3 3 0 1 0
 1 3 0 1 2 2 0 0 3 1 0 1 3 0 0 0 0 0 0 0 0 0 0 0 0 0 0 0 0 0 0 0 0 0 0 0 0
 0 0 0 0 0 0 0 0 0 0 0 0 0 0 0 0 0 0 0 0 0 0 0 0 0 0 3 3 3 3 3 3 3 3 3 3 3
 3 3 3 3 3 3 3 3 3 3 3 3 3 3 3 3 3 3 3 3 3 3 3 3 3 3 3 3 3 3 3 3 3 3 3 3 3
 3 3 2 2 2 2 2 2 2 2 2 2 2 2 2 2 2 2 2 2 2 2 2 2 2 2 2 2 2 2 2 2 2 2 2 2 2
 2 2 2 2 2 2 2 2 2 2 2 2 2 2 2 1 1 1 1 1 1 1 1 1 1 1 1 1 1 1 1 1 1 1 1 1 1
 1 1 1 1 1 1 1 1 1 1 1 1 1 1 1 1 1 1 1 1 1 1 1 1 1 1 1 1]
 ARI Score 38 : 0.683370705362
Minkowski score 38 : 0.747130565318
------------------------------------------------------------------------------------------------------------
chromosome 39 : [ 2.61308459  7.53015405  8.83589855  3.26976667  7.11382576  7.44057692
  2.98667688  5.74110294  5.29237028  3.39530078  7.5515      5.78725281
  6.41681277  7.18617647  0.          0.          0.          0.          0.
  0.          0.          0.          0.          0.          0.          0.
  0.          0.          0.          0.        ]
 Objectives (Sil) : 0.503250380714
 Objectives (PBM) : 15.4704572392
Cluster size 39 :4
Predicted Label for 39: [3 0 1 0 2 2 1 0 1 3 2 1 1 1 1 1 0 1 1 0 0 0 2 3 1 1 1 0 0 3 0 1 3 3 2 0 2
 0 3 2 0 1 1 2 2 3 0 2 0 3 2 2 2 2 2 2 2 2 2 2 2 2 2 2 2 2 2 2 2 2 2 2 2 2
 2 2 2 2 2 2 2 2 2 2 2 2 2 2 2 2 2 2 2 2 2 2 2 2 2 2 3 3 3 3 3 3 3 3 3 3 3
 3 3 3 3 3 3 3 3 3 3 3 3 3 3 3 3 3 3 3 3 3 3 3 3 3 3 3 3 3 3 3 3 3 3 3 3 3
 3 3 1 1 1 1 1 1 1 1 1 1 1 1 1 1 1 1 1 1 1 1 1 1 1 1 1 1 1 1 1 1 1 1 1 1 1
 1 1 1 1 1 1 1 1 1 1 1 1 1 1 1 0 0 0 0 0 0 0 0 0 0 0 0 0 0 0 0 0 0 0 0 0 0
 0 0 0 0 0 0 0 0 0 0 0 0 0 0 0 0 0 0 0 0 0 0 0 0 0 0 0 0]
 ARI Score 39 : 0.683370705362
Minkowski score 39 : 0.747130565318
------------------------------------------------------------------------------------------------------------
chromosome 40 : [  8.68892655  10.07429379  13.20972603  10.07849315   0.           0.           0.
   0.           0.           0.           0.           0.           0.           0.
   0.           0.           0.           0.           0.           0.           0.
   0.           0.           0.           0.           0.           0.           0.
   0.           0.        ]
 Objectives (Sil) : 0.387023813449
 Objectives (PBM) : 4.51565801959
Cluster size 40 :2
Predicted Label for 40: [1 0 1 0 0 1 1 0 1 1 0 1 1 1 1 1 0 1 0 0 0 0 0 1 0 1 1 0 0 1 0 1 1 1 0 0 0
 0 1 0 0 1 0 0 0 1 0 0 0 1 0 0 0 0 0 0 0 0 0 0 0 0 0 0 0 0 0 0 0 0 0 0 0 0
 0 0 0 0 0 0 0 0 0 0 0 0 0 0 0 0 0 0 0 0 0 0 0 0 0 0 1 1 1 1 1 1 1 1 1 1 1
 1 1 1 1 1 1 1 1 1 1 1 1 1 1 1 1 1 1 1 1 1 1 1 1 1 1 1 1 1 1 1 1 1 1 1 1 1
 1 1 1 1 1 1 1 1 1 1 1 1 1 1 1 1 1 1 1 1 1 1 1 1 1 1 1 1 1 1 1 1 1 1 1 1 1
 1 1 1 1 1 1 1 1 1 1 1 1 1 1 1 0 0 0 0 0 0 0 0 0 0 0 0 0 0 0 0 0 0 0 0 0 0
 0 0 0 0 0 0 0 0 0 0 0 0 0 0 0 0 0 0 0 0 0 0 0 0 0 0 0 0]
 ARI Score 40 : 0.315966798656
Minkowski score 40 : 1.31682983575
------------------------------------------------------------------------------------------------------------
chromosome 41 : [  8.55022083   8.77852837   6.37121382  10.16161998  14.22765152
  14.88115385   9.24562325  11.48220588  10.58474055   6.79060155  15.103
  14.36718579  12.83362554  14.37235294  14.00270833  15.467       14.83764706
   9.41235294  10.832        5.214       10.478       11.4025      10.3496
   6.4904      10.17875     15.300625     2.77323432  10.3644       6.96
   9.41      ]
 Objectives (Sil) : 0.36327009828
 Objectives (PBM) : 15.1696214048
Cluster size 41 :9
Predicted Label for 41: [1 3 1 3 0 1 1 3 1 1 0 1 1 1 1 1 3 1 1 3 3 3 0 1 1 1 1 3 3 1 3 1 1 1 0 3 1
 3 1 0 1 1 1 1 0 1 3 0 3 1 8 0 8 0 0 0 8 8 0 0 8 0 0 8 0 8 8 0 8 0 0 0 0 8
 8 8 0 8 8 0 0 8 8 8 8 0 8 8 8 0 8 8 0 0 0 0 0 8 8 8 5 5 4 5 5 5 4 4 5 5 5
 4 4 5 4 5 4 5 4 5 5 5 4 4 4 4 5 4 5 4 5 5 4 5 5 5 5 4 4 5 5 5 5 5 5 4 4 4
 4 4 6 6 6 6 6 6 1 1 6 6 6 6 6 6 1 6 6 6 6 6 6 6 6 6 6 1 6 6 6 6 6 6 6 6 6
 6 6 6 6 6 6 6 1 6 6 6 6 6 6 6 3 7 2 3 3 7 7 3 2 2 2 7 2 2 7 3 3 3 7 2 2 2
 2 2 2 2 3 7 2 2 2 2 2 7 2 7 7 3 7 7 7 2 2 3 7 3 3 3 2 7]
 ARI Score 41 : 0.582501571605
Minkowski score 41 : 0.753549424188
------------------------------------------------------------------------------------------------------------
chromosome 42 : [  6.06497252  12.7718197   11.95520764  11.89421067   6.75479531
   3.23637386   0.           0.          13.95         9.73         0.           0.
   0.           0.           0.           0.           0.           0.           0.
   0.           0.           0.           0.           0.           0.           0.
   0.           0.           0.           0.        ]
 Objectives (Sil) : 0.506653771271
 Objectives (PBM) : 29.3840965812
Cluster size 42 :5
Predicted Label for 42: [2 2 2 2 2 2 2 2 2 2 3 2 2 2 2 2 2 2 2 2 2 2 2 2 2 2 2 2 2 2 2 2 2 2 2 2 2
 2 2 2 2 2 2 2 2 2 2 2 2 2 3 3 3 3 3 3 3 3 3 3 3 3 3 3 3 3 3 3 3 3 3 3 3 3
 3 3 3 3 3 3 3 3 3 3 3 3 3 3 3 3 3 3 3 3 3 3 3 3 3 3 4 4 4 4 4 4 4 4 4 4 4
 4 4 4 4 4 4 4 4 4 4 4 4 4 4 4 4 4 4 4 4 4 4 4 4 4 4 4 4 4 4 4 4 4 4 4 4 4
 4 4 1 1 1 1 1 1 1 1 1 1 1 1 1 1 2 1 1 1 1 1 1 1 1 1 1 1 1 1 1 1 1 1 1 1 1
 1 1 1 1 1 1 1 2 1 1 1 1 1 1 1 0 0 0 2 0 0 0 0 0 0 0 0 0 0 0 0 0 0 0 0 0 0
 0 0 0 0 0 0 0 0 0 0 0 0 0 0 0 0 0 0 0 0 0 0 0 0 0 0 0 0]
 ARI Score 42 : 0.960070672099
Minkowski score 42 : 0.253304688678
------------------------------------------------------------------------------------------------------------
chromosome 43 : [  9.03161041  12.38293085   5.87186332   6.65361929   4.6          9.7
   0.           0.           0.           0.           0.           0.           0.
   0.           0.           0.           0.           0.           0.           0.
   0.           0.           0.           0.           0.           0.           0.
   0.           0.           0.        ]
 Objectives (Sil) : 0.3870688991
 Objectives (PBM) : 10.159046349
Cluster size 43 :2
Predicted Label for 43: [0 1 0 1 1 0 0 1 0 0 1 0 0 0 0 0 1 0 1 1 1 1 1 0 1 0 0 1 1 0 1 0 0 0 1 1 1
 1 0 1 1 0 0 0 1 0 1 1 1 0 1 1 1 1 1 1 1 1 1 1 1 1 1 1 1 1 1 1 1 1 1 1 1 1
 1 1 1 1 1 1 1 1 1 1 1 1 1 1 1 1 1 1 1 1 1 1 1 1 1 1 0 0 0 0 0 0 0 0 0 0 0
 0 0 0 0 0 0 0 0 0 0 0 0 0 0 0 0 0 0 0 0 0 0 0 0 0 0 0 0 0 0 0 0 0 0 0 0 0
 0 0 0 0 0 0 0 0 0 0 0 0 0 0 0 0 0 0 0 0 0 0 0 0 0 0 0 0 0 0 0 0 0 0 0 0 0
 0 0 0 0 0 0 0 0 0 0 0 0 0 0 0 1 1 1 1 1 1 1 1 1 1 1 1 1 1 1 1 1 1 1 1 1 1
 1 1 1 1 1 1 1 1 1 1 1 1 1 1 1 1 1 1 1 1 1 1 1 1 1 1 1 1]
 ARI Score 43 : 0.315602263541
Minkowski score 43 : 1.31707777961
------------------------------------------------------------------------------------------------------------
chromosome 44 : [ 10.54419355  10.28290323  10.78227273  14.88454545  10.45642857
  13.37857143  15.31692308   9.90230769   9.99290909   6.51472727
  13.87428571   8.67         7.32551724   9.91689655   9.19571429
  12.42333333   5.372       10.851        5.03210526   9.20736842
  13.48448276  10.54103448   0.           0.           0.           0.           0.
   0.           0.           0.        ]
 Objectives (Sil) : 0.365213440123
 Objectives (PBM) : 11.4063567279
Cluster size 44 :12
Predicted Label for 44: [ 0 11  0 11  0  0  0 11 11  0  3  0  0 11  0  7 11  0  0 11 11 11  3  0 11
  0  7  6 11  0 11  0  0  0  3 11  0 11  0 11 11  0  0  0 11  0 11  0 11  0
  3  3  4  3  4  3  4  3  4  3  4  3  3  3  3  4  4  3  4  4  3  4  3  3  4
  3  3  3  3  4  3  4  4  3  4  4  4  4  4  3  4  4  4  4  4  3  3  4  4  3
 10 10 10 10 10 10  5  5 10 10  0 10 10  5 10  5  5  5  5 10 10 10 10 10  5
 10 10 10  0 10 10 10 10 10 10 10 10 10 10  5 10 10 10 10  5  5 10 10  5  5
  2  2  1  2  2  1  7  7  1  1  1  2  2  7  7  1  1  7  1  1  1  1  7  2  7
  7  1  1  2  7  2  1  1  1  7  1  7  2  7  7  2  1  7  7  2  2  2  2  7  7
  6  8  9  6  8  8  8  6  9  9  9  8  9  9  8  6  6  6  8  9  6  9  9  9  9
  9  6  8  9  6  9  9  9  8  9  8  8  6  6  8  9  9  6 11  9  6  6  6  9  8]
 ARI Score 44 : 0.514316160549
Minkowski score 44 : 0.78537655079
------------------------------------------------------------------------------------------------------------
chromosome 45 : [ 10.60468998   4.53404363  14.55219315   4.17099492   4.59940958
  10.35194714   0.           0.           0.           0.           0.           0.
   0.           0.           0.           0.           0.           0.           0.
   0.           0.           0.           0.           0.           0.           0.
   0.           0.           0.           0.        ]
 Objectives (Sil) : 0.417582702345
 Objectives (PBM) : 14.0941932041
Cluster size 45 :7
Predicted Label for 45: [4 6 6 6 5 4 4 6 6 4 5 6 6 6 4 6 6 6 6 6 6 6 5 4 6 4 6 6 6 4 6 4 4 4 5 6 6
 6 4 5 6 4 6 4 5 4 6 5 6 4 1 5 1 5 1 5 1 1 1 5 1 5 5 1 5 1 1 5 1 5 5 5 5 1
 1 1 5 1 1 1 5 1 1 1 1 5 1 1 1 5 1 1 5 5 5 5 5 1 1 1 3 3 3 3 3 3 3 3 3 3 4
 3 3 3 3 3 3 3 3 3 3 3 3 3 3 3 3 3 4 3 3 3 3 3 3 3 3 3 3 4 3 3 3 3 4 3 3 3
 3 3 2 2 2 2 2 2 6 6 2 2 2 2 2 6 6 2 2 2 2 2 2 2 2 2 2 6 2 2 2 2 2 2 2 2 2
 2 2 2 6 2 2 2 6 2 2 2 2 2 6 2 0 0 0 6 6 0 0 0 0 0 0 0 0 0 0 0 0 0 0 0 0 0
 0 0 0 0 6 0 0 0 0 0 0 0 0 0 0 0 0 0 0 0 0 6 0 0 0 0 0 0]
 ARI Score 45 : 0.707798323147
Minkowski score 45 : 0.653155605425
------------------------------------------------------------------------------------------------------------
chromosome 46 : [ 11.68490783  11.51713995  12.37887871  15.08        11.40762634
  14.13282553   4.91008926   8.5988385   10.13765012  11.55949284
  15.00444829  10.26167751  11.05340755   9.64586685   0.           0.           0.
   0.           0.           0.           0.           0.           0.           0.
   0.           0.           0.           0.           0.           0.        ]
 Objectives (Sil) : 0.395984869147
 Objectives (PBM) : 8.50892080643
Cluster size 46 :3
Predicted Label for 46: [0 1 2 1 0 0 2 1 2 0 0 2 0 2 2 2 1 2 0 1 1 1 0 0 2 2 2 1 1 0 1 2 0 0 0 1 0
 1 0 0 0 2 0 0 0 0 1 0 1 0 0 0 0 0 0 0 0 0 0 0 0 0 0 0 0 0 0 0 0 0 0 0 0 0
 0 0 0 0 0 0 0 0 0 0 0 0 0 0 0 0 0 0 0 0 0 0 0 0 0 0 2 0 0 0 0 0 0 0 0 0 0
 0 0 0 0 0 0 0 0 0 2 0 0 0 0 0 0 0 0 0 0 2 0 2 0 0 0 0 0 0 0 0 2 0 0 0 0 0
 0 0 2 2 2 2 2 2 2 2 2 2 2 2 2 2 2 2 2 2 2 2 2 2 2 2 2 2 2 2 2 2 2 2 2 2 2
 2 2 2 2 2 2 2 2 2 2 2 2 2 2 2 1 1 1 1 1 1 1 1 1 1 1 1 1 1 1 1 1 1 1 1 1 1
 1 1 1 1 1 1 1 1 1 1 1 1 1 1 1 1 1 1 1 1 1 1 1 1 1 1 1 1]
 ARI Score 46 : 0.44808997373
Minkowski score 46 : 1.07877481526
------------------------------------------------------------------------------------------------------------
chromosome 47 : [ 10.25371694  12.15295525  12.95502714   8.44353843  13.50959062
  12.02677914   0.           0.           0.           0.           0.           0.
   0.           0.           0.           0.           0.           0.           0.
   0.           0.           0.           0.           0.           0.           0.
   0.           0.           0.           0.        ]
 Objectives (Sil) : 0.393123651352
 Objectives (PBM) : 8.23131165452
Cluster size 47 :3
Predicted Label for 47: [2 0 0 0 1 0 0 0 0 2 1 0 0 0 0 0 0 0 0 0 0 0 1 2 0 0 0 0 0 2 0 0 2 2 1 0 0
 0 2 1 0 0 0 0 1 2 0 1 0 2 1 1 1 1 1 1 1 1 1 1 1 1 1 1 1 1 1 1 1 1 1 1 1 1
 1 1 1 1 1 1 1 1 1 1 1 1 1 1 1 1 1 1 1 1 1 1 1 1 1 1 2 2 2 2 2 2 2 2 2 2 2
 2 2 2 2 2 2 2 2 2 2 2 2 2 2 2 2 2 2 2 2 2 2 2 2 2 2 2 2 2 2 2 2 2 2 2 2 2
 2 2 0 0 0 0 0 0 0 0 0 0 0 0 0 0 0 0 0 0 0 0 0 0 0 0 0 0 0 0 0 0 0 0 0 0 0
 0 0 0 0 0 0 0 0 0 0 0 0 0 0 0 0 0 0 0 0 0 0 0 0 0 0 0 0 0 0 0 0 0 0 0 0 0
 0 0 0 0 0 0 0 0 0 0 0 0 0 0 0 0 0 0 0 0 0 0 0 0 0 0 0 0]
 ARI Score 47 : 0.460112823486
Minkowski score 47 : 1.09223605134
------------------------------------------------------------------------------------------------------------
chromosome 48 : [  9.407       11.97975      5.71454545  11.14818182  10.4344       5.7048
  10.66464286  14.72964286   8.575        5.3825      13.14083333
  11.19416667   5.83837838   9.39         9.35038462   7.74307692
  14.57354839   9.99419355  11.13166667   9.655        0.           0.           0.
   0.           0.           0.           0.           0.           0.           0.        ]
 Objectives (Sil) : 0.370425161855
 Objectives (PBM) : 11.101447266
Cluster size 48 :10
Predicted Label for 48: [9 6 0 6 9 9 0 6 0 9 2 0 0 0 0 0 6 0 0 6 6 6 9 9 0 0 0 6 6 9 6 0 9 9 2 6 9
 6 9 2 6 0 0 9 2 9 6 9 6 9 7 7 4 7 2 7 4 7 2 7 4 7 2 7 7 4 4 7 4 2 2 2 2 7
 4 7 2 7 7 2 2 4 4 7 4 2 4 4 4 7 4 4 2 2 2 7 2 4 4 7 5 5 8 5 5 5 9 8 5 5 9
 8 8 5 8 9 8 5 8 5 5 5 8 8 8 8 5 8 9 8 5 5 8 5 5 5 5 8 8 9 5 5 5 5 9 9 8 8
 9 8 3 3 3 3 3 3 0 0 3 3 3 0 3 0 0 3 3 3 3 3 3 3 0 3 3 0 3 3 3 3 3 3 3 3 3
 3 3 3 0 0 0 3 0 3 3 3 3 0 0 3 6 1 1 6 6 1 6 6 1 1 1 1 1 1 1 6 1 6 1 1 1 1
 1 1 1 1 6 1 1 1 1 1 1 1 1 1 1 6 1 1 1 1 1 6 1 6 6 1 1 1]
 ARI Score 48 : 0.506649195822
Minkowski score 48 : 0.807919979873
------------------------------------------------------------------------------------------------------------
chromosome 49 : [ 10.78597767   8.5776555    8.2842705   12.17379175  14.97142857
   8.53593287   1.75819918   1.73329057  10.75380952   5.59357143
   4.31029221   6.07667208  15.69         9.18         0.           0.           0.
   0.           0.           0.           0.           0.           0.           0.
   0.           0.           0.           0.           0.           0.        ]
 Objectives (Sil) : 0.381633870907
 Objectives (PBM) : 9.34521157583
Cluster size 49 :13
Predicted Label for 49: [ 0  1  2  1  8  0  2  1  2  0  8  2  2  2  2  2  1  2  1  1  1  1  8  0  1
  2  2  1  1  0  1  2  0  0  8  1  1  1  0  8  1  2  1  0  8  0  1  8  1  0
  4  4  3  4  7  8  3  4  7  8  3  4  8  4  8  3  3  8  7  7  8  7  8  4  3
  4  8  4  4  7  8  3  3  4  3  7  3  3  7  8  3  3  7  7  7  8  8  7  3  4
  6  6  6  6  6  6  0  6  6  6  0  6  6  6  6  0  6  6  6  6  6  6  6  6  6
  6  6  6  0  6  6  6  6  6  6  6  6  6  6  0  6  6  6  6  0  0  6  6  0  6
 11 11 12 11 11 12  2  2  9 12 12 11 11 10  2 12 12 10 12  9 12  9  2 11 10
  2 12  9 11 10 11 12 12  9 10  9 10 11 10 10 11 10  2 10 11 11 11 11 10 10
  5  5  5  1  1  5  5  5  5  5  5  5  5  5  5  5  5  5  5  5  5  5  5  5  5
  5  1  5  5  5  5  5  5  5  5  5  5  5  5  5  5  5  5  1  5  5  5  5  5  5]
 ARI Score 49 : 0.544802070549
Minkowski score 49 : 0.772063230994
------------------------------------------------------------------------------------------------------------

------------------------------------------------------------------------------------------------------------

------------------------------------------------------------------------------------------------------------

 Maximum ari for 0th chromosome : 0.960070672099

 Minkowski score corresponding to maximum ARI : 0.253304688678
Final label corresponding to max ARI for 0 chromosome : [4 4 4 4 4 4 4 4 4 4 3 4 4 4 4 4 4 4 4 4 4 4 4 4 4 4 4 4 4 4 4 4 4 4 4 4 4
 4 4 4 4 4 4 4 4 4 4 4 4 4 3 3 3 3 3 3 3 3 3 3 3 3 3 3 3 3 3 3 3 3 3 3 3 3
 3 3 3 3 3 3 3 3 3 3 3 3 3 3 3 3 3 3 3 3 3 3 3 3 3 3 0 0 0 0 0 0 0 0 0 0 0
 0 0 0 0 0 0 0 0 0 0 0 0 0 0 0 0 0 0 0 0 0 0 0 0 0 0 0 0 0 0 0 0 0 0 0 0 0
 0 0 2 2 2 2 2 2 2 2 2 2 2 2 2 2 4 2 2 2 2 2 2 2 2 2 2 2 2 2 2 2 2 2 2 2 2
 2 2 2 2 2 2 2 4 2 2 2 2 2 2 2 1 1 1 4 1 1 1 1 1 1 1 1 1 1 1 1 1 1 1 1 1 1
 1 1 1 1 1 1 1 1 1 1 1 1 1 1 1 1 1 1 1 1 1 1 1 1 1 1 1 1]
Actual label of data : [ 0.  0.  0.  0.  0.  0.  0.  0.  0.  0.  0.  0.  0.  0.  0.  0.  0.  0.
  0.  0.  0.  0.  0.  0.  0.  0.  0.  0.  0.  0.  0.  0.  0.  0.  0.  0.
  0.  0.  0.  0.  0.  0.  0.  0.  0.  0.  0.  0.  0.  0.  1.  1.  1.  1.
  1.  1.  1.  1.  1.  1.  1.  1.  1.  1.  1.  1.  1.  1.  1.  1.  1.  1.
  1.  1.  1.  1.  1.  1.  1.  1.  1.  1.  1.  1.  1.  1.  1.  1.  1.  1.
  1.  1.  1.  1.  1.  1.  1.  1.  1.  1.  2.  2.  2.  2.  2.  2.  2.  2.
  2.  2.  2.  2.  2.  2.  2.  2.  2.  2.  2.  2.  2.  2.  2.  2.  2.  2.
  2.  2.  2.  2.  2.  2.  2.  2.  2.  2.  2.  2.  2.  2.  2.  2.  2.  2.
  2.  2.  2.  2.  2.  2.  3.  3.  3.  3.  3.  3.  3.  3.  3.  3.  3.  3.
  3.  3.  3.  3.  3.  3.  3.  3.  3.  3.  3.  3.  3.  3.  3.  3.  3.  3.
  3.  3.  3.  3.  3.  3.  3.  3.  3.  3.  3.  3.  3.  3.  3.  3.  3.  3.
  3.  3.  4.  4.  4.  4.  4.  4.  4.  4.  4.  4.  4.  4.  4.  4.  4.  4.
  4.  4.  4.  4.  4.  4.  4.  4.  4.  4.  4.  4.  4.  4.  4.  4.  4.  4.
  4.  4.  4.  4.  4.  4.  4.  4.  4.  4.  4.  4.  4.  4.  4.  4.]
 No of clusters detected automatically : 5
 For chromosome : 0