chromosome 0 : [ 6.37693478  1.97268597  6.00870957  1.77655621  6.82756642  3.18740456
  3.9893365   1.66458447  6.86259803  2.96596271  5.02652384  1.95856885
  7.2575      3.55966667  5.67285714  2.14705882  7.07118182  3.89230769
  0.07747399  0.          6.8         3.          5.5         2.1         0.
  0.          0.          0.          0.          0.          0.          0.
  0.          0.          0.          0.          0.          0.          0.
  0.          0.          0.          0.          0.          0.          0.
  0.          0.        ]
 Objectives (Sil) : 0.552591944521
 Objectives (PBM) : 228.48953033
Cluster size 0 :3
Predicted Label for 0: [2 2 2 2 2 2 2 2 2 2 2 2 2 2 2 2 2 2 2 2 2 2 2 2 2 2 2 2 2 2 2 2 2 2 2 2 2
 2 2 2 2 2 2 2 2 2 2 2 2 2 1 1 0 1 1 1 1 1 1 1 1 1 1 1 1 1 1 1 1 1 1 1 1 1
 1 1 1 0 1 1 1 1 1 1 1 1 1 1 1 1 1 1 1 1 1 1 1 1 1 1 0 1 0 0 0 0 1 0 0 0 0
 0 0 1 1 0 0 0 0 1 0 1 0 1 0 0 1 1 0 0 0 0 0 1 0 0 0 0 1 0 0 0 1 0 0 0 1 0
 0 1]
 ARI Score 0 : 0.730238272283
Minkowski score 0 : 0.604743156815
------------------------------------------------------------------------------------------------------------
chromosome 1 : [  6.09825205e+00   2.78629682e+00   4.71351200e+00   1.87840909e+00
   5.24976559e+00   3.10154991e+00   2.76254511e+00   9.71799999e-01
   6.47028199e+00   2.54945136e+00   6.07058824e+00   2.21176471e+00
   2.06357639e-01   0.00000000e+00   0.00000000e+00   0.00000000e+00
   4.72098445e-01   9.09506979e-02   5.35105963e-01   1.43248382e-01
   0.00000000e+00   3.39131620e-03   0.00000000e+00   0.00000000e+00
   0.00000000e+00   0.00000000e+00   0.00000000e+00   0.00000000e+00
   0.00000000e+00   0.00000000e+00   0.00000000e+00   0.00000000e+00
   0.00000000e+00   0.00000000e+00   0.00000000e+00   0.00000000e+00
   0.00000000e+00   0.00000000e+00   0.00000000e+00   0.00000000e+00
   4.90000000e+00   3.00000000e+00   1.40000000e+00   2.00000000e-01
   0.00000000e+00   0.00000000e+00   0.00000000e+00   0.00000000e+00]
 Objectives (Sil) : 0.315081727333
 Objectives (PBM) : 26.8480257324
Cluster size 1 :12
Predicted Label for 1: [10 10 10 10 10  7 10 10 10 10  7 10 10 10  7  7  7 10  7  7  7  7 10 10 10
 10 10  7 10 10 10  7  7  7 10 10  7 10 10 10 10 10 10 10  7 10  7 10  7 10
  6 11  6  1  6  9 11  1  6  1  1  9  1 11  1  6  9  9  8  1 11  9  8  8  8
  6  6  6 11  1  1  1  9  0  9 11  6  8  9  1  9 11  9  1  9  9  9  8  1  9
  2  0  5  2  2  5  4  5  2  3  2  0  2  0  0  2  2  3  5  8  2  0  5  0  2
  5 11 11  2  5  5  3  2  0  0  5  2  2 11  2  2  2  0  2  2  2  0  2  2  0]
 ARI Score 1 : 0.396599585889
Minkowski score 1 : 0.821480329632
------------------------------------------------------------------------------------------------------------
chromosome 2 : [ 6.82861828  2.08312368  6.03888889  2.12621951  5.53404142  3.27657122
  2.36225317  1.0304178   7.05882353  3.13066859  5.60272704  2.11899666
  0.          0.          0.          0.          0.          0.          0.
  0.          0.          0.          0.          0.          0.          0.
  0.          0.          0.          0.          0.          0.          0.
  0.          0.          0.          0.          0.          0.          0.
  0.          0.          0.          0.          0.          0.          0.
  0.        ]
 Objectives (Sil) : 0.680813620271
 Objectives (PBM) : 80.448961319
Cluster size 2 :2
Predicted Label for 2: [1 1 1 1 1 1 1 1 1 1 1 1 1 1 1 1 1 1 1 1 1 1 1 1 1 1 1 1 1 1 1 1 1 1 1 1 1
 1 1 1 1 1 1 1 1 1 1 1 1 1 0 0 0 0 0 0 0 1 0 0 0 0 0 0 0 0 0 0 0 0 0 0 0 0
 0 0 0 0 0 0 0 0 0 0 0 0 0 0 0 0 0 0 0 1 0 0 0 0 1 0 0 0 0 0 0 0 0 0 0 0 0
 0 0 0 0 0 0 0 0 0 0 0 0 0 0 0 0 0 0 0 0 0 0 0 0 0 0 0 0 0 0 0 0 0 0 0 0 0
 0 0]
 ARI Score 2 : 0.539921829421
Minkowski score 2 : 0.847726049961
------------------------------------------------------------------------------------------------------------
chromosome 3 : [ 5.51481481  2.65185185  3.95925926  1.23703704  6.435       2.955       4.675
  1.46        5.89090909  2.9         4.91818182  1.89090909  6.48181818
  2.86363636  5.45454545  1.94545455  5.016       3.284       1.496       0.224
  6.35        3.3         5.35        2.25        5.32        3.86        1.52
  0.3         6.18333333  2.31666667  4.63333333  1.45        7.14285714
  3.14285714  6.04285714  2.14761905  4.51        3.09        1.3         0.21
  0.          0.          0.          0.          0.          0.          0.
  0.        ]
 Objectives (Sil) : 0.308429787965
 Objectives (PBM) : 52.9406498338
Cluster size 3 :9
Predicted Label for 3: [6 6 6 6 6 7 6 6 6 6 7 6 6 6 7 7 7 6 7 7 7 7 6 6 6 6 6 7 6 6 6 7 7 7 6 6 7
 6 6 6 6 6 6 6 7 6 7 6 7 6 3 3 3 0 3 4 3 0 3 0 0 4 4 3 0 3 4 4 4 0 2 4 2 3
 3 3 3 3 4 0 0 0 4 2 4 3 3 4 4 4 4 3 4 0 4 4 4 4 0 4 5 2 5 1 5 8 4 8 1 5 1
 1 1 2 2 1 1 8 8 2 5 2 8 2 5 5 2 2 1 5 8 8 1 2 2 8 5 1 2 1 5 1 2 5 5 1 2 1
 1 2]
 ARI Score 3 : 0.417892483973
Minkowski score 3 : 0.810643483378
------------------------------------------------------------------------------------------------------------
chromosome 4 : [ 4.93076923  3.34615385  1.56923077  0.28461538  6.975       3.11428571
  5.90357143  2.16071429  5.4         3.5         1.51666667  0.25
  4.70555556  3.1         1.34444444  0.18888889  5.31538462  3.89230769
  1.5         0.27692308  6.28571429  2.95714286  5.12857143  1.85
  5.53214286  2.63571429  3.96071429  1.22857143  6.42380952  2.91904762
  4.6047619   1.43809524  5.9         2.61111111  5.1         1.84444444
  0.          0.          0.          0.          0.          0.          0.
  0.          0.          0.          0.          0.        ]
 Objectives (Sil) : 0.285240095647
 Objectives (PBM) : 36.8013209577
Cluster size 4 :11
Predicted Label for 4: [ 0  0  3  3  0  2  3  0  3  0  2  0  3  3  2  2  2  0  2  2  2  2  3  0  0
  0  0  0  0  0  0  2  2  2  0  0  2  0  3  0  0  3  3  0  2  3  2  3  2  0
  5  5  5  6  5 10  5  6  5  6  6 10  6 10  6  5 10 10  4  6  9 10  4 10  5
  5  5  5 10  6  6  6 10  4 10 10  5  4 10  6 10 10 10  6 10 10 10 10  6 10
  7  9  1  7  7  8  6  1  7  1  7  4  7  9  9  7  7  8  8  4  7  9  8  4  7
  1  4  9  7  1  1  8  7  4  4  1  7  7  9  7  7  7  9  7  7  7  4  7  7  9]
 ARI Score 4 : 0.345382123988
Minkowski score 4 : 0.850130042073
------------------------------------------------------------------------------------------------------------
chromosome 5 : [ 4.64416988  3.49243276  0.87754493  0.09914845  5.52206983  2.41808224
  1.5142062   0.19166667  1.20543589  0.45406818  0.67660021  0.48194578
  0.          0.          0.          0.          0.          0.          0.
  0.          0.          0.          0.          0.          0.          0.
  0.          0.          0.          0.          0.          0.          0.
  0.          0.          0.          0.          0.          0.          0.
  0.          0.          0.          0.          0.          0.          0.
  0.        ]
 Objectives (Sil) : 0.680813620271
 Objectives (PBM) : 80.448961319
Cluster size 5 :2
Predicted Label for 5: [0 0 0 0 0 0 0 0 0 0 0 0 0 0 0 0 0 0 0 0 0 0 0 0 0 0 0 0 0 0 0 0 0 0 0 0 0
 0 0 0 0 0 0 0 0 0 0 0 0 0 1 1 1 1 1 1 1 0 1 1 1 1 1 1 1 1 1 1 1 1 1 1 1 1
 1 1 1 1 1 1 1 1 1 1 1 1 1 1 1 1 1 1 1 0 1 1 1 1 0 1 1 1 1 1 1 1 1 1 1 1 1
 1 1 1 1 1 1 1 1 1 1 1 1 1 1 1 1 1 1 1 1 1 1 1 1 1 1 1 1 1 1 1 1 1 1 1 1 1
 1 1]
 ARI Score 5 : 0.539921829421
Minkowski score 5 : 0.847726049961
------------------------------------------------------------------------------------------------------------
chromosome 6 : [ 6.27142857  3.14285714  5.37142857  2.14285714  5.69473684  2.81578947
  4.18421053  1.32105263  5.37142857  3.87142857  1.53571429  0.27857143
  6.68235294  3.00588235  5.55882353  2.14705882  4.71578947  3.05263158
  1.40526316  0.18421053  6.2516129   2.90322581  4.81935484  1.60645161
  5.55714286  2.34285714  3.85        1.15714286  6.3         3.3         6.
  2.5         5.02941176  3.45294118  1.47058824  0.28235294  7.50909091
  3.13636364  6.33636364  2.04545455  0.          0.          0.          0.
  0.          0.          0.          0.        ]
 Objectives (Sil) : 0.273023503267
 Objectives (PBM) : 41.757689578
Cluster size 6 :11
Predicted Label for 6: [ 4  2  2  2  4  8  2  4  2  4  8  4  2  2  8  8  8  4  8  8  4  8  2  4  4
  4  4  4  4  2  2  4  8  8  4  4  8  4  2  4  4  2  2  4  8  2  8  2  8  4
 10 10 10  3 10  1 10  0 10  3  0  1  3 10  3 10  1  3  1  3  6  1  6 10 10
 10 10 10  1  3  3  3  3  6  1 10 10  1  1  3  1 10  3  0  1  1  1  1  0  1
  7  6  7  5  7  9  1  9  5  7  5  5  5  6  6  5  5  9  9  6  7  6  9  6  7
  9  6  6  5  5  9  9  5  6  6  9  7  5  6  5  7  5  6  7  7  5  6  5  7  6]
 ARI Score 6 : 0.321087960075
Minkowski score 6 : 0.863311138842
------------------------------------------------------------------------------------------------------------
chromosome 7 : [ 6.74491658  2.11550293  6.03888889  1.62330502  6.95588258  3.4444712
  4.66019239  2.05465113  6.3         2.5         4.9         1.5         0.
  0.          0.          0.          0.          0.          0.          0.
  0.          0.          0.          0.          0.          0.          0.
  0.          0.          0.          0.          0.          0.          0.
  0.          0.          0.          0.          0.          0.          0.
  0.          0.          0.          0.          0.          0.          0.        ]
 Objectives (Sil) : 0.516960520008
 Objectives (PBM) : 90.5513150105
Cluster size 7 :3
Predicted Label for 7: [0 1 1 1 0 0 1 1 1 1 0 1 1 1 0 0 0 0 0 0 0 0 1 1 1 1 1 0 0 1 1 0 0 0 1 1 0
 1 1 0 0 1 1 0 0 1 0 1 0 1 2 2 2 2 2 2 2 1 2 2 2 2 2 2 2 2 2 2 2 2 2 2 2 2
 2 2 2 2 2 2 2 2 2 2 2 2 2 2 2 2 2 2 2 1 2 2 2 2 1 2 2 2 2 2 2 2 2 2 2 2 2
 2 2 2 2 2 2 2 2 2 2 2 2 2 2 2 2 2 2 2 2 2 2 2 2 2 2 2 2 2 2 2 2 2 2 2 2 2
 2 2]
 ARI Score 7 : 0.419676194449
Minkowski score 7 : 0.932117770142
------------------------------------------------------------------------------------------------------------
chromosome 8 : [ 4.72916667  3.99272727  1.31666667  0.22916667  6.24617057  2.56311037
  4.84951505  1.00025965  4.9025      2.49375     2.14958333  0.42791667
  5.55309524  3.255       3.17642857  1.06404762  5.14363636  2.71068182
  3.42909091  0.99409091  7.          2.98387097  5.84596774  2.08528226
  7.072       3.13523077  5.94230769  2.375       7.2         3.2         6.
  1.8         0.          0.          0.          0.          0.          0.
  0.          0.          0.          0.          0.          0.          0.
  0.          0.          0.        ]
 Objectives (Sil) : 0.279140632679
 Objectives (PBM) : 33.9694975524
Cluster size 8 :10
Predicted Label for 8: [0 2 2 2 0 8 2 0 2 2 8 0 2 2 9 9 9 0 8 0 8 0 2 0 0 2 0 0 0 2 2 8 9 9 2 2 8
 2 2 0 0 2 2 0 0 2 0 2 8 0 1 1 6 4 1 1 1 4 1 4 4 1 4 1 4 1 1 4 1 4 3 1 3 1
 1 1 1 6 1 4 4 4 4 3 4 1 1 1 4 4 4 1 4 4 4 4 4 1 4 4 5 3 5 6 5 7 4 7 6 5 6
 6 6 3 3 6 6 7 7 3 5 3 7 3 5 7 3 3 6 7 7 7 6 3 3 7 5 6 3 6 5 6 3 5 5 6 3 6
 5 3]
 ARI Score 8 : 0.359750565779
Minkowski score 8 : 0.844993257631
------------------------------------------------------------------------------------------------------------
chromosome 9 : [ 4.8503268   2.98447712  1.94068627  0.35098039  6.5576087   2.3326087
  4.64891304  1.37391304  4.88526316  2.3         3.23473684  1.05105263
  5.24766667  3.55966667  1.78483333  0.33358333  6.98635531  2.88685897
  6.11333333  2.24666667  6.8564881   2.97145833  5.0983631   1.67175595
  0.          0.          0.          0.          0.          0.          0.
  0.          0.          0.          0.          0.          0.          0.
  0.          0.          0.          0.          0.          0.          0.
  0.          0.          0.        ]
 Objectives (Sil) : 0.274086365756
 Objectives (PBM) : 31.4526412154
Cluster size 9 :9
Predicted Label for 9: [5 6 6 6 5 5 8 5 6 6 5 6 6 6 5 5 5 5 5 5 5 5 8 5 6 6 5 5 5 6 6 5 5 5 6 6 5
 6 6 5 5 7 6 5 5 6 5 6 5 6 1 1 1 0 1 3 1 0 1 0 0 3 0 1 0 1 3 3 1 0 2 3 1 1
 1 1 1 1 3 0 0 0 3 2 3 1 1 1 3 0 3 1 3 0 3 3 3 1 0 3 4 2 4 2 4 4 3 4 4 4 2
 2 4 2 2 2 2 4 4 2 4 2 4 2 4 4 2 2 2 4 4 4 2 2 2 4 2 2 2 4 4 2 2 4 4 2 2 2
 2 2]
 ARI Score 9 : 0.466680053292
Minkowski score 9 : 0.781764966333
------------------------------------------------------------------------------------------------------------
chromosome 10 : [ 5.42351196  3.41996541  2.86669672  0.74177566  6.26498671  3.68058824
  2.79084007  0.87891017  5.51991742  2.67805637  3.20728531  0.95444561
  5.368206    2.84158696  3.25548137  0.99859136  3.97        2.92017868
  0.          0.          4.08055082  3.05889497  1.07353591  0.53002592
  4.42083439  1.84049545  2.10834147  0.22287287  7.14114583  2.68820513
  6.          2.5         7.625       3.57534615  6.475       2.204       0.
  0.          0.          0.          0.          0.          0.          0.
  0.          0.          0.          0.        ]
 Objectives (Sil) : 0.346782097452
 Objectives (PBM) : 43.2813911424
Cluster size 10 :10
Predicted Label for 10: [0 9 9 9 0 0 9 9 9 9 0 9 9 9 0 0 0 0 0 0 0 0 9 0 9 9 0 0 0 9 9 0 0 0 9 9 0
 9 9 0 0 9 9 0 0 9 0 9 0 9 1 1 1 8 1 8 1 8 1 8 8 8 8 1 8 1 8 8 1 8 1 8 1 1
 1 1 1 1 1 8 8 8 8 1 8 1 1 1 8 8 8 1 8 8 8 8 8 1 8 8 7 1 6 7 7 5 8 6 7 2 7
 7 7 1 7 7 7 4 3 1 7 1 5 1 7 6 1 1 7 6 6 4 7 1 1 6 7 7 1 7 7 7 1 7 7 7 1 7
 7 1]
 ARI Score 10 : 0.439438577548
Minkowski score 10 : 0.81232010044
------------------------------------------------------------------------------------------------------------
chromosome 11 : [ 6.41068122  2.24741943  5.85701058  1.9682209   6.36941472  3.00844482
  5.14190914  2.11737017  7.05882353  3.36979167  6.07058824  2.21176471
  6.20811147  2.36056818  5.13280844  1.66570346  5.08618182  3.89230769
  0.48345455  0.          4.96071429  3.74545455  1.27106375  0.39188268
  3.83704348  3.48412375  0.          0.          4.59166667  1.87833333
  2.67666667  0.845       3.57142857  1.57142857  3.02142857  1.07380952
  0.          0.          0.          0.          0.          0.          0.
  0.          0.          0.          0.          0.        ]
 Objectives (Sil) : 0.470977415268
 Objectives (PBM) : 44.1967331613
Cluster size 11 :6
Predicted Label for 11: [5 5 5 5 5 5 5 5 5 5 5 5 5 5 5 5 5 5 5 5 5 5 5 5 5 5 5 5 5 5 5 5 5 5 5 5 5
 5 5 5 5 5 5 5 5 5 5 5 5 5 1 1 1 4 1 1 1 4 1 4 4 1 4 1 4 1 1 4 1 4 3 1 3 1
 1 1 1 1 1 4 4 4 4 3 4 1 1 1 4 4 4 1 4 4 4 4 4 1 4 4 2 3 0 2 2 0 4 0 2 0 2
 3 2 3 3 2 2 0 0 3 2 3 0 3 2 0 3 3 2 0 0 0 2 3 3 0 2 2 3 2 2 2 3 2 2 2 3 2
 2 3]
 ARI Score 11 : 0.643023086975
Minkowski score 11 : 0.656521445319
------------------------------------------------------------------------------------------------------------
chromosome 12 : [ 7.23333333  3.13888889  6.03888889  2.16666667  5.05        2.6         4.2
  1.55        5.13947368  3.53684211  1.51052632  0.25789474  5.          2.3
  3.275       1.025       4.58333333  3.04166667  1.31666667  0.2         6.54
  3.28        5.7         2.18        6.5         2.9         5.36666667
  1.74444444  6.09047619  2.82857143  4.87619048  1.67619048  5.61428571
  2.41428571  3.84285714  1.11428571  6.38571429  2.94285714  5.4
  2.21428571  6.56666667  2.8         4.52222222  1.38888889  5.76111111
  2.87222222  4.21111111  1.32222222]
 Objectives (Sil) : 0.312301379331
 Objectives (PBM) : 28.6261407064
Cluster size 12 :12
Predicted Label for 12: [ 2  3  3  3  2  2  3  2  3  3  2  3  3  3  2  2  2  2  2  2  2  2  3  2  3
  3  2  2  2  3  3  2  2  2  3  3  2  3  3  2  2  3  3  2  2  3  2  3  2  3
  8  8  8  5  8  6  8  1  8  5  1  6  5  8  5  8  6  5 11  5 10  6 11  8  8
  8  8  8  6  5  5  5  5 11  6  8  8 11  6  5  6  8  5  1  6  6  6  8  1  6
  0  4  0  9  0  7  6  7  9  0 10  9  0  4  4  0  9  7  7 11  0  4  7 11  0
  7 11 10  9  0  7  7  9 11  9  7  0  9 10  0  0  0  4  0  0  0 11 10 10 10]
 ARI Score 12 : 0.358019433247
Minkowski score 12 : 0.842736068786
------------------------------------------------------------------------------------------------------------
chromosome 13 : [ 5.47037802  2.90506747  3.24902626  1.2027041   5.8320352   3.00839216
  3.11814711  1.05503114  4.64983326  2.14361803  5.16686691  1.93049615
  0.          0.09810714  0.          0.          0.3952761   0.
  0.53510596  0.14324838  0.34143849  0.          0.          0.          0.
  0.          0.          0.          0.          0.          0.          0.
  6.9         3.2         5.7         2.3         0.          0.          0.
  0.          0.          0.          0.          0.          0.          0.
  0.          0.        ]
 Objectives (Sil) : 0.305173003808
 Objectives (PBM) : 19.824208876
Cluster size 13 :12
Predicted Label for 13: [ 5  7  4  4  5  1  4  5  9  7  6 10  7  9  1  1  1  5  1  5  6  5  2  5 10
  7  5  5  5 10  7  6  1  1  7  3  6  7  9  5  5  9  4  5  5  7  5  4  6  3
 11 11 11  0 11  0 11  0 11  0  0  0  0 11  0 11  0  0 11  0 11  0 11 11 11
 11 11 11 11  0  0  0  0 11  0 11 11  0  0  0  0 11  0  0  0  0  0  0  0  0
  8 11  8 11  8  8  0  8  8  8 11 11  8 11 11 11 11  8  8 11  8 11  8 11  8
  8 11 11 11  8  8  8 11 11 11  8  8 11 11  8  8 11 11  8  8 11 11 11 11 11]
 ARI Score 13 : 0.338778512249
Minkowski score 13 : 0.884022962733
------------------------------------------------------------------------------------------------------------
chromosome 14 : [ 4.75966566  3.72944947  1.31666667  0.22916667  6.65271739  3.19736025
  5.8871118   2.19068323  5.11        3.87142857  1.41428571  0.17272727
  5.33311111  2.42433333  3.85688889  1.17661111  5.85796703  3.74230769
  3.5978022   1.46401099  5.94270833  2.8811756   4.2031994   1.3000744
  7.072       4.04285714  5.94230769  2.375       6.815625    3.6
  3.7468254   0.90238095  6.43906885  3.90769231  3.13944215  1.20683761
  5.1         3.4         1.5         0.2         0.          0.          0.
  0.          0.          0.          0.          0.        ]
 Objectives (Sil) : 0.275831953327
 Objectives (PBM) : 27.4094110465
Cluster size 14 :12
Predicted Label for 14: [ 0  9  9  9  0  7  9  0  9  9  7  0  9  9  7  7  7  0  7  0  0  0  9  0  0
  9  0  0  0  9  9  0  7  7  9  9  7  9  9  0  0  9  9  0  0  9  0  9  7  0
  8  8  8 10  8  5  8 11  8 10 11  5 10  5  2  8  5 10  5 10  3  5  3  5  8
  8  8  8  5  2 10 10 10  3  5  5  8  5  5 10  5  5 10 11  5  5  5  5 11  5
  4  3  1  4  4  1  5  1  4  6  4  3  4  3  3  4  4  1  1  3  4  3  1  3  4
  1  3  3  4  1  1  1  4  3  3  1  4  4  3  4  4  4  3  4  4  4  3  4  4  3]
 ARI Score 14 : 0.354538673938
Minkowski score 14 : 0.846119593998
------------------------------------------------------------------------------------------------------------
chromosome 15 : [ 5.52857143  4.04285714  1.47142857  0.28571429  6.9         3.1         5.1
  2.3         5.03461538  3.29615385  1.5         0.21923077  6.71764706
  3.02941176  5.64705882  1.98823529  6.16315789  2.88947368  5.18421053
  2.03157895  6.75        3.45        6.05        2.5         6.27857143
  2.89642857  4.62142857  1.47142857  4.6         3.6         1.          0.2
  7.625       3.0875      6.475       2.075       4.77333333  3.4         1.44
  0.26666667  4.5         2.3         1.3         0.3         5.508       2.6
  3.908       1.204     ]
 Objectives (Sil) : 0.340666587715
 Objectives (PBM) : 36.7387529567
Cluster size 15 :10
Predicted Label for 15: [9 9 9 9 9 0 9 9 9 9 0 9 9 9 0 0 0 9 0 0 0 0 9 9 9 9 9 0 9 9 9 0 0 0 9 9 0
 9 9 9 9 9 9 9 0 9 0 9 0 9 8 8 8 7 8 6 8 2 8 6 2 6 7 8 7 8 6 7 8 7 1 7 1 8
 8 8 8 8 8 7 7 7 7 1 6 8 8 8 6 7 6 8 7 2 6 6 6 8 2 6 3 1 5 3 3 5 6 5 3 4 3
 1 3 1 1 3 3 4 5 1 3 1 5 1 3 5 1 1 3 5 5 4 3 1 1 5 3 3 1 3 3 3 1 3 3 3 1 3
 3 1]
 ARI Score 15 : 0.429715687224
Minkowski score 15 : 0.803394160341
------------------------------------------------------------------------------------------------------------
chromosome 16 : [ 6.15052673  3.18854135  4.92144812  1.27529965  5.49661866  2.28421235
  4.01115621  1.38331513  7.05882353  3.87142857  5.79217949  1.46183148
  7.2575      3.55966667  5.67285714  2.14705882  7.14        3.89230769
  6.11333333  2.24666667  7.          3.74545455  6.05        2.5         7.072
  4.04285714  2.90740577  0.97257143  0.          0.          0.          0.
  0.          0.          0.          0.          0.          0.          0.
  0.          0.          0.          0.          0.          0.          0.
  0.          0.        ]
 Objectives (Sil) : 0.316388486004
 Objectives (PBM) : 31.5257889914
Cluster size 16 :7
Predicted Label for 16: [2 6 6 6 2 4 6 2 6 6 4 2 6 6 4 4 4 2 4 4 2 2 2 2 2 6 2 2 2 6 6 2 4 4 6 2 4
 6 6 2 2 6 6 2 4 6 4 6 4 2 0 0 0 5 0 5 0 1 0 5 1 5 5 0 5 0 5 5 0 5 0 5 0 0
 0 0 0 0 0 5 5 5 5 0 5 0 0 5 5 5 5 0 5 1 5 5 5 5 1 5 3 0 3 0 3 3 5 3 3 3 0
 0 3 0 0 0 0 3 3 0 3 0 3 0 3 3 0 0 0 3 3 3 3 0 0 3 3 0 0 3 3 3 0 3 3 0 0 0
 0 0]
 ARI Score 16 : 0.379498669224
Minkowski score 16 : 0.858728691722
------------------------------------------------------------------------------------------------------------
chromosome 17 : [ 5.42022977  3.66513903  0.90747577  0.18539377  6.82033753  3.68058824
  4.1002336   2.04709191  4.97680098  2.72710368  3.11121032  1.01157153
  7.2575      2.46533876  5.67285714  2.14705882  6.20972527  1.84859432
  6.11333333  2.24666667  7.          3.68045699  6.05        2.5
  6.18646978  2.94416209  4.4654533   1.53740842  4.36154762  3.2002381
  1.1390873   0.34789376  5.9433415   1.44891748  6.475       2.075
  4.77333333  3.4         1.44        0.26666667  4.5         2.3         1.3
  0.3         4.57256647  2.6         3.908       1.204     ]
 Objectives (Sil) : 0.268881584688
 Objectives (PBM) : 30.1906168803
Cluster size 17 :12
Predicted Label for 17: [ 0 10 10 10  0  6 10  0 10 10  6  0 10 10  9  9  6  0  6  6  0  6 10  0  0
 10  0  0  0 10 10  0  6  9 10  0  0 10 10  0  0 10 10  0  6 10  6 10  6  0
  1  1  1 11  1  4  1  7  1 11  7  4  4  1 11  1  4  4  4 11  2  4  2  4  1
  1  1  1  4 11 11 11  4  2  4  1  1  4  4 11  4  1  4  7  4  4  4  4  7  4
  5  2  5  3  3  8 11  8  3  5  3  3  3  2  2  3  3  8  8  2  5  2  8  2  5
  5  2  2  3  3  8  8  3  2  2  8  5  3  2  3  5  3  2  5  5  3  2  3  3  2]
 ARI Score 17 : 0.325778400842
Minkowski score 17 : 0.860469734079
------------------------------------------------------------------------------------------------------------
chromosome 18 : [ 4.8503268   2.98447712  1.94068627  0.35098039  6.5576087   2.3326087
  4.64891304  1.37391304  4.88526316  2.3         3.23473684  1.05105263
  5.24766667  3.55966667  1.78483333  0.33358333  6.98635531  2.88685897
  6.11333333  2.24666667  6.8564881   2.97145833  5.0983631   1.67175595
  0.          0.          0.          0.          0.          0.          0.
  0.          0.          0.          0.          0.          0.          0.
  0.          0.          0.          0.          0.          0.          0.
  0.          0.          0.        ]
 Objectives (Sil) : 0.46032602425
 Objectives (PBM) : 41.0887658286
Cluster size 18 :8
Predicted Label for 18: [0 0 0 0 0 0 0 0 0 0 0 0 0 0 0 0 0 0 0 0 0 0 0 0 0 0 0 0 0 0 0 0 0 0 0 0 0
 0 0 0 0 0 0 0 0 0 0 0 0 0 4 4 4 2 4 1 4 2 4 2 2 4 2 4 2 4 1 2 1 2 1 2 1 4
 4 4 4 4 4 2 2 2 2 1 1 4 4 4 2 2 2 4 2 2 2 2 2 4 2 2 5 1 3 5 5 3 2 3 5 6 5
 5 5 1 1 5 5 7 3 1 5 1 3 1 5 3 1 1 5 3 3 7 5 1 1 3 5 5 1 5 5 5 1 5 5 5 1 5
 5 1]
 ARI Score 18 : 0.609938178355
Minkowski score 18 : 0.685317345429
------------------------------------------------------------------------------------------------------------
chromosome 19 : [ 6.10607487  2.74693583  4.86965775  1.70239037  5.39306949  2.51892419
  3.93770903  1.20745076  6.63179487  3.11166667  5.04217949  1.61358974
  7.2575      3.36345238  5.67285714  1.90130952  7.14        3.08999104
  6.11333333  2.24666667  6.17361111  3.19206349  5.6515873   2.21369048
  5.10263866  3.53354622  1.44677311  0.23685714  0.          0.          0.
  0.          0.          0.          0.          0.          0.          0.
  0.          0.          0.          0.          0.          0.          0.
  0.          0.          0.        ]
 Objectives (Sil) : 0.354426185733
 Objectives (PBM) : 55.0900922453
Cluster size 19 :7
Predicted Label for 19: [1 6 6 6 1 1 6 1 6 6 1 6 6 6 1 1 1 1 1 1 1 1 6 1 6 6 1 1 1 6 6 1 1 1 6 6 1
 6 6 1 1 6 6 1 1 6 1 6 1 6 5 5 5 3 5 3 5 3 5 3 3 3 3 5 3 5 5 3 5 3 5 3 5 5
 5 5 5 5 5 3 3 3 3 5 3 5 5 5 3 3 3 5 3 3 3 3 3 5 3 3 4 5 2 4 4 0 3 0 4 2 4
 4 4 5 4 4 4 2 0 5 4 5 0 5 4 2 5 5 4 2 0 2 4 5 5 0 4 4 5 4 4 4 5 4 4 4 5 4
 4 5]
 ARI Score 19 : 0.440775905316
Minkowski score 19 : 0.812152594489
------------------------------------------------------------------------------------------------------------
chromosome 20 : [ 5.472       4.08333333  1.65133333  0.31133333  5.9277451   3.68058824
  2.47284314  0.65078431  4.71428571  3.48693122  1.41428571  0.17272727
  6.14691667  2.65975     5.16125     1.82308333  5.33        3.16821429
  2.47214286  0.65178571  4.56288735  3.47165899  3.33248848  1.32880184
  5.51153846  2.35673077  2.14326923  0.11634615  6.815625    3.6         6.
  2.5         7.625       3.90769231  6.475       2.204       7.50909091
  3.4         6.14376623  1.92922078  6.78181818  3.58888889  4.96363636
  1.68181818  0.          0.          0.          0.        ]
 Objectives (Sil) : 0.315373935438
 Objectives (PBM) : 52.0726868203
Cluster size 20 :9
Predicted Label for 20: [4 2 2 2 4 0 2 4 6 2 0 2 2 6 0 0 0 4 0 4 4 4 2 4 4 2 4 4 4 2 2 4 0 0 2 2 4
 2 6 4 4 6 2 4 4 2 4 2 4 2 8 8 8 1 8 1 8 5 8 1 5 1 1 8 1 8 1 1 8 1 8 1 8 8
 8 8 8 8 8 5 5 5 1 8 1 8 8 8 1 1 1 8 1 5 1 1 1 8 5 1 3 8 7 3 3 7 1 7 3 7 3
 3 3 8 3 3 3 7 7 8 3 8 7 8 3 7 8 8 3 7 7 7 3 8 8 7 3 3 8 3 3 3 8 3 3 3 8 3
 3 8]
 ARI Score 20 : 0.351725290732
Minkowski score 20 : 0.862365044159
------------------------------------------------------------------------------------------------------------
chromosome 21 : [ 5.74415584  3.49545455  3.47727273  1.22857143  4.88432494  2.43180778
  3.42036613  0.69748284  5.19340659  3.57513736  1.53035714  0.29217033
  5.32521008  3.50252101  1.44159664  0.30798319  5.70631579  2.99657895
  2.66052632  0.49631579  5.89919355  2.65241935  4.41370968  1.46935484
  6.59313187  2.76167582  5.55659341  1.86208791  5.8         3.33333333
  3.81666667  1.01572042  3.36331699  3.27716503  0.          0.          0.
  0.          0.          0.          0.          0.          0.          0.
  0.          0.          0.          0.        ]
 Objectives (Sil) : 0.302256957768
 Objectives (PBM) : 34.3528674112
Cluster size 21 :12
Predicted Label for 21: [ 2  1  8  1  2  3  8  2  8  1  3  2  1  8  3  3  3  2  3  2  2  2  8  2  2
  1  2  2  2  1  1  2  3  3  1  1  2  1  8  2  2  1  8  2  2  1  2  8  2  2
  0  0  0  6  0  5  0  6  0  5  6  5  6  0  5  0  5  5  0  6  7  5  7  0  0
  0  0  0  0  6  6  6  5  7  5  0  0  0  5  5  5  0  5  6  5  5  5  0  6  5
  9  7 10  9  9  4  5 10 10 10  9  7  9  7  7  9  9 11  4  7  9  7  4  7  9
 10  7  7  9 10 10 11  9  7  7 10  9  9  7  9  9  9  7  9  9  9  7  9  9  7]
 ARI Score 21 : 0.344707197722
Minkowski score 21 : 0.851249581697
------------------------------------------------------------------------------------------------------------
chromosome 22 : [ 5.67231406  2.46095806  4.09101436  1.80098357  4.725       2.92530835
  1.42083333  0.19166667  0.          0.          0.          0.          0.
  0.          0.          0.          0.          0.          0.          0.
  0.          0.          0.          0.          0.          0.          0.
  0.          0.          0.          0.          0.          0.          0.
  0.          0.          0.          0.          0.          0.          0.
  0.          0.          0.          0.          0.          0.          0.        ]
 Objectives (Sil) : 0.680813620271
 Objectives (PBM) : 80.448961319
Cluster size 22 :2
Predicted Label for 22: [1 1 1 1 1 1 1 1 1 1 1 1 1 1 1 1 1 1 1 1 1 1 1 1 1 1 1 1 1 1 1 1 1 1 1 1 1
 1 1 1 1 1 1 1 1 1 1 1 1 1 0 0 0 0 0 0 0 1 0 0 0 0 0 0 0 0 0 0 0 0 0 0 0 0
 0 0 0 0 0 0 0 0 0 0 0 0 0 0 0 0 0 0 0 1 0 0 0 0 1 0 0 0 0 0 0 0 0 0 0 0 0
 0 0 0 0 0 0 0 0 0 0 0 0 0 0 0 0 0 0 0 0 0 0 0 0 0 0 0 0 0 0 0 0 0 0 0 0 0
 0 0]
 ARI Score 22 : 0.539921829421
Minkowski score 22 : 0.847726049961
------------------------------------------------------------------------------------------------------------
chromosome 23 : [ 5.37272727  3.94545455  1.52727273  0.3         5.48695652  2.57391304
  3.87826087  1.18695652  5.025       3.2875      1.5125      0.2625
  5.34285714  3.51428571  1.48571429  0.22857143  6.43        2.915       4.55
  1.42        6.1483871   2.92580645  5.02903226  1.91612903  6.95384615
  3.03846154  5.94230769  2.01923077  4.95        3.48333333  1.31666667
  0.3         4.66111111  3.09444444  1.44444444  0.18888889  0.          0.
  0.          0.          0.          0.          0.          0.          0.
  0.          0.          0.        ]
 Objectives (Sil) : 0.34307508643
 Objectives (PBM) : 51.848248313
Cluster size 23 :9
Predicted Label for 23: [7 7 7 7 7 2 7 7 7 7 2 7 7 7 2 2 2 7 2 2 2 2 7 7 7 7 7 2 7 7 7 2 2 2 7 7 2
 7 7 7 7 7 7 7 2 7 2 7 2 7 3 3 3 4 3 8 3 0 3 8 0 8 4 1 4 3 8 4 1 4 1 4 1 1
 3 3 3 3 1 4 4 4 4 1 8 3 3 1 8 4 8 3 4 0 8 8 8 3 0 8 6 1 6 6 6 5 8 5 6 5 6
 6 6 1 1 6 6 5 5 1 6 1 5 1 6 5 1 1 6 6 5 5 6 1 1 5 6 6 1 6 6 6 1 6 6 6 1 6
 6 1]
 ARI Score 23 : 0.417109536463
Minkowski score 23 : 0.81449454298
------------------------------------------------------------------------------------------------------------
chromosome 24 : [ 6.41818182  2.87272727  5.52727273  1.93636364  4.725       3.13333333
  1.42083333  0.19166667  7.05882353  3.22941176  6.07058824  2.21176471
  5.05        3.5375      1.55        0.3875      5.36111111  3.74444444
  1.48333333  0.25        7.          3.03333333  5.46666667  2.01111111
  5.12        2.42        3.34        1.08        5.60666667  2.87333333
  4.34666667  1.44        6.2516129   2.84516129  4.78064516  1.60645161
  5.75833333  2.5         3.94166667  1.15        0.          0.          0.
  0.          0.          0.          0.          0.        ]
 Objectives (Sil) : 0.294793901804
 Objectives (PBM) : 32.7771626157
Cluster size 24 :11
Predicted Label for 24: [ 1  6  6  6  1  4  1  1  6  1  4  1  6  6  4  4  4  1  4  4  1  4  1  1  1
  1  1  1  1  1  1  1  4  4  1  1  4  1  6  1  1  6  6  1  4  6  4  6  4  1
  0  0  0  3  0  5  0  3  0  3  3  5 10  0  3  0  5  5 10  3  7  5  7  0  0
  0  0  0  0  3  3  3  5  7  5  0  0 10  5  5  5  0  5  3  5  5  5  0  3  5
  2  7  2  2  2  8  5  8  2  9  2  7  2  7  7  2  2  9  8 10  2  7  8  7  2
  9  7  7  2  2  8  9  2  7  7  8  2  2  7  2  2  2  7  2  2  2  7  2  2  7]
 ARI Score 24 : 0.368733160715
Minkowski score 24 : 0.838203456217
------------------------------------------------------------------------------------------------------------
chromosome 25 : [ 5.5125      2.58333333  3.88333333  1.19166667  7.5         3.08181818
  6.31818182  2.00909091  6.18181818  2.72727273  4.70909091  1.47272727
  4.45714286  2.95714286  1.32857143  0.2         6.59130435  3.08695652
  5.56956522  2.17391304  5.22272727  3.74545455  1.45909091  0.28181818
  5.8         2.87        4.93        1.89        6.58        3.16        4.69
  1.56        4.85        3.1         1.54        0.17        5.06363636
  3.34545455  1.49090909  0.26363636  0.          0.          0.          0.
  0.          0.          0.          0.        ]
 Objectives (Sil) : 0.31409965275
 Objectives (PBM) : 32.7916932989
Cluster size 25 :11
Predicted Label for 25: [ 5  8  8  8  5  5  8  8  8  8  5  8  8  8  5  5  5  5  5  5  5  5  8  5  8
  8  5  5  5  8  8  5  5  5  8  8  5  8  8  5  5  6  8  5  5  8  5  8  5  8
  9  9  9  4  9  4  9  3  9  4  3  4 10  9  4  9  4  4 10  4  0  4  0  9  9
  9  9  9  9  3  3  3  4  0  4  9  9 10  4  4  4  9  4  3  4  4  4  9  3  4
  7  0  7  2  7  1  4  1  2  7  2  2  2  0  0  2  2  1  1  0  7  0  1  0  7
  1  0  0  2  1  1  1  2  0  0  1  7  2  0  2  7  2  0  7  7  2  0  2  2  0]
 ARI Score 25 : 0.386879316283
Minkowski score 25 : 0.828242956238
------------------------------------------------------------------------------------------------------------
chromosome 26 : [ 5.67231406  2.46095806  4.09101436  1.80098357  4.725       2.92530835
  1.42083333  0.19166667  0.          0.          0.          0.          0.
  0.          0.          0.          0.          0.          0.          0.
  0.          0.          0.          0.          0.          0.          0.
  0.          0.          0.          0.          0.          0.          0.
  0.          0.          0.          0.          0.          0.          0.
  0.          0.          0.          0.          0.          0.          0.        ]
 Objectives (Sil) : 0.680813620271
 Objectives (PBM) : 35.7550939195
Cluster size 26 :2
Predicted Label for 26: [1 1 1 1 1 1 1 1 1 1 1 1 1 1 1 1 1 1 1 1 1 1 1 1 1 1 1 1 1 1 1 1 1 1 1 1 1
 1 1 1 1 1 1 1 1 1 1 1 1 1 0 0 0 0 0 0 0 1 0 0 0 0 0 0 0 0 0 0 0 0 0 0 0 0
 0 0 0 0 0 0 0 0 0 0 0 0 0 0 0 0 0 0 0 1 0 0 0 0 1 0 0 0 0 0 0 0 0 0 0 0 0
 0 0 0 0 0 0 0 0 0 0 0 0 0 0 0 0 0 0 0 0 0 0 0 0 0 0 0 0 0 0 0 0 0 0 0 0 0
 0 0]
 ARI Score 26 : 0.539921829421
Minkowski score 26 : 0.847726049961
------------------------------------------------------------------------------------------------------------
chromosome 27 : [ 5.55114832  2.79193511  4.08648459  1.21792717  6.00496032  3.6264881
  3.39672619  1.11121032  6.3498116   2.94032258  4.8519943   1.61808198
  4.80546196  3.23671196  1.38557065  0.23347826  4.875       2.95607153
  1.38863636  0.21385281  4.49285714  3.22619048  0.16666667  0.
  4.98887468  2.1407015   3.81289733  1.15993789  6.58333333  2.32666667
  6.          2.31        7.012       3.164       5.908       2.204       0.
  0.          0.          0.          0.          0.          0.          0.
  0.          0.          0.          0.        ]
 Objectives (Sil) : 0.279045089454
 Objectives (PBM) : 39.649486593
Cluster size 27 :11
Predicted Label for 27: [ 3 10 10 10  3  8 10  3  4 10  3 10 10  4  8  8  8  3  8  3  3  3 10  3 10
 10  3  3  3 10 10  3  8  8 10 10  3 10  4  3  3  4  4  3  3 10  3 10  3 10
  0  0  0  6  0  0  0  6  0  6  6  0  6  0  6  0  0  6  0  6  0  6  0  0  0
  0  0  2  0  6  6  6  6  0  6  0  0  0  6  6  6  0  6  6  6  6  6  0  6  6
  7  0  7  2  7  9  6  9  7  7  2  2  2  0  2  2  2  1  9  0  7  0  9  0  7
  7  0  0  2  7  9  5  2  0  0  9  2  2  0  2  7  2  0  7  7  2  0  2  2  0]
 ARI Score 27 : 0.333980526946
Minkowski score 27 : 0.874584449429
------------------------------------------------------------------------------------------------------------
chromosome 28 : [ 6.01785714  2.91785714  4.53571429  1.46428571  6.275       2.8125
  5.22916667  1.8875      7.02592593  3.16666667  5.82962963  2.0962963
  5.74375     2.55625     3.99375     1.225       5.15        3.83333333
  1.45        0.21666667  5.28571429  3.62380952  1.51904762  0.30952381
  4.71304348  3.12173913  1.4173913   0.19130435  5.1         2.32        3.36
  1.02        0.          0.          0.          0.          0.          0.
  0.          0.          0.          0.          0.          0.          0.
  0.          0.          0.        ]
 Objectives (Sil) : 0.293812903021
 Objectives (PBM) : 37.0928203743
Cluster size 28 :8
Predicted Label for 28: [6 6 4 4 6 5 4 6 4 6 5 6 4 4 5 5 5 6 5 5 5 5 4 6 6 6 6 6 6 6 6 5 5 5 6 6 5
 6 4 6 6 7 4 6 5 4 5 4 5 6 0 0 0 3 0 3 0 3 0 3 3 3 3 0 3 0 3 3 0 3 1 3 0 0
 0 0 0 0 0 3 3 3 3 1 3 0 0 0 3 3 3 0 3 3 3 3 3 0 3 3 2 1 2 1 2 2 3 2 2 2 1
 1 2 1 1 1 1 2 2 1 2 1 2 1 2 2 1 1 1 2 2 2 1 1 1 2 1 1 1 2 2 1 1 2 2 1 1 1
 1 1]
 ARI Score 28 : 0.478888825473
Minkowski score 28 : 0.774772294835
------------------------------------------------------------------------------------------------------------
chromosome 29 : [ 5.5         4.08333333  1.43333333  0.28333333  5.22941176  3.57058824
  1.54117647  0.29411765  4.75555556  3.17407407  1.42222222  0.2037037
  6.08125     2.76875     5.10625     1.84375     5.3         2.48571429
  3.85714286  1.21428571  6.48571429  3.05714286  5.58571429  2.16428571
  6.15        2.25        4.2         1.15        6.15        2.86666667
  4.59444444  1.46111111  7.35        3.15714286  6.22142857  2.15
  5.76363636  2.81818182  3.99090909  1.23636364  6.78181818  3.09090909
  4.96363636  1.68181818  0.          0.          0.          0.        ]
 Objectives (Sil) : 0.4686910471
 Objectives (PBM) : 45.8185141571
Cluster size 29 :6
Predicted Label for 29: [1 1 1 1 1 1 1 1 1 1 1 1 1 1 1 1 1 1 1 1 1 1 1 1 1 1 1 1 1 1 1 1 1 1 1 1 1
 1 1 1 1 1 1 1 1 1 1 1 1 1 0 0 0 4 0 0 0 4 0 4 4 0 4 0 4 0 0 4 0 4 5 0 5 0
 0 0 0 0 0 4 4 4 4 5 4 0 0 0 4 4 4 0 4 4 4 4 4 0 4 4 3 5 3 3 3 2 4 2 3 2 3
 5 3 5 5 3 3 2 2 5 3 5 2 5 3 2 5 5 3 3 2 2 3 5 5 2 3 3 5 3 3 3 5 3 3 3 5 3
 3 5]
 ARI Score 29 : 0.64908148846
Minkowski score 29 : 0.651528814342
------------------------------------------------------------------------------------------------------------

------------------------------------------------------------------------------------------------------------

------------------------------------------------------------------------------------------------------------

 Maximum ari for 0th chromosome : 0.730238272283

 Minkowski score corresponding to maximum ARI : 0.604743156815
Final label corresponding to max ARI for 0 chromosome : [2 2 2 2 2 2 2 2 2 2 2 2 2 2 2 2 2 2 2 2 2 2 2 2 2 2 2 2 2 2 2 2 2 2 2 2 2
 2 2 2 2 2 2 2 2 2 2 2 2 2 1 1 0 1 1 1 1 1 1 1 1 1 1 1 1 1 1 1 1 1 1 1 1 1
 1 1 1 0 1 1 1 1 1 1 1 1 1 1 1 1 1 1 1 1 1 1 1 1 1 1 0 1 0 0 0 0 1 0 0 0 0
 0 0 1 1 0 0 0 0 1 0 1 0 1 0 0 1 1 0 0 0 0 0 1 0 0 0 0 1 0 0 0 1 0 0 0 1 0
 0 1]
Actual label of data : ['setosa' 'setosa' 'setosa' 'setosa' 'setosa' 'setosa' 'setosa' 'setosa'
 'setosa' 'setosa' 'setosa' 'setosa' 'setosa' 'setosa' 'setosa' 'setosa'
 'setosa' 'setosa' 'setosa' 'setosa' 'setosa' 'setosa' 'setosa' 'setosa'
 'setosa' 'setosa' 'setosa' 'setosa' 'setosa' 'setosa' 'setosa' 'setosa'
 'setosa' 'setosa' 'setosa' 'setosa' 'setosa' 'setosa' 'setosa' 'setosa'
 'setosa' 'setosa' 'setosa' 'setosa' 'setosa' 'setosa' 'setosa' 'setosa'
 'setosa' 'setosa' 'versicolor' 'versicolor' 'versicolor' 'versicolor'
 'versicolor' 'versicolor' 'versicolor' 'versicolor' 'versicolor'
 'versicolor' 'versicolor' 'versicolor' 'versicolor' 'versicolor'
 'versicolor' 'versicolor' 'versicolor' 'versicolor' 'versicolor'
 'versicolor' 'versicolor' 'versicolor' 'versicolor' 'versicolor'
 'versicolor' 'versicolor' 'versicolor' 'versicolor' 'versicolor'
 'versicolor' 'versicolor' 'versicolor' 'versicolor' 'versicolor'
 'versicolor' 'versicolor' 'versicolor' 'versicolor' 'versicolor'
 'versicolor' 'versicolor' 'versicolor' 'versicolor' 'versicolor'
 'versicolor' 'versicolor' 'versicolor' 'versicolor' 'versicolor'
 'versicolor' 'virginica' 'virginica' 'virginica' 'virginica' 'virginica'
 'virginica' 'virginica' 'virginica' 'virginica' 'virginica' 'virginica'
 'virginica' 'virginica' 'virginica' 'virginica' 'virginica' 'virginica'
 'virginica' 'virginica' 'virginica' 'virginica' 'virginica' 'virginica'
 'virginica' 'virginica' 'virginica' 'virginica' 'virginica' 'virginica'
 'virginica' 'virginica' 'virginica' 'virginica' 'virginica' 'virginica'
 'virginica' 'virginica' 'virginica' 'virginica' 'virginica' 'virginica'
 'virginica' 'virginica' 'virginica' 'virginica' 'virginica' 'virginica'
 'virginica' 'virginica' 'virginica']
 No of clusters detected automatically : 3
 For chromosome : 0