chromosome 0 : [-0.59859021  1.1619114   0.6711679  -0.26050796 -0.2090837   2.2368696
 -1.56215002 -0.88859161  2.37891677  2.07822566 -0.58458107 -0.31941219
 -0.24720155 -0.20673654 -0.37413705 -0.15481409 -0.57666676 -0.22418853
 -0.25515457 -0.1867746  -0.12413485 -0.27893909 -0.50824235 -0.20448695
  0.02302279  0.14197113 -1.33892377 -0.59696359  0.90254385  1.02202833
  1.2583075   0.7124986  -0.97763007 -0.29381784 -0.37672395  0.43243931
  0.57725531  0.44636121 -0.31164713 -0.52494393 -1.11278311  0.6271368
  1.30289191 -0.13299389 -0.24167316  0.          0.          0.          0.
  0.          0.          0.          0.          0.          0.          0.
  0.          0.          0.          0.          0.          0.          0.
  0.          0.          0.          0.          0.          0.          0.        ]
 Objectives (Sil) : 0.259970160893
 Objectives (PBM) : 3.4982449266
Cluster size 0 :10
Predicted Label for 0: [3 4 7 3 3 3 4 4 3 2 3 4 4 4 4 3 3 3 4 4 3 3 4 3 4 3 3 4 2 4 4 4 3 3 4 4 4
 3 4 2 4 3 7 4 4 3 3 4 2 9 2 2 4 4 3 4 3 4 2 3 3 3 4 4 4 3 4 3 4 3 3 4 7 4
 4 3 4 3 4 4 2 3 3 3 3 2 4 4 3 3 3 3 4 3 2 4 4 3 4 3 3 4 4 3 4 4 3 2 4 3 2
 4 3 3 3 3 3 3 3 3 3 2 4 4 3 3 3 4 4 3 3 2 4 4 4 3 4 4 3 3 3 3 3 4 3 4 3 4
 3 3 7 2 2 6 6 8 7 0 6 2 0 6 2 2 6 2 8 6 2 8 0 0 0 0 0 2 6 2 7 2 0 2 2 6 2
 5 1 3 4 5 5 5 1 1 1 1 9 5 1 5 5 5 9 5 9 9 1 1 5 1 9 5 3 9 3]
 ARI Score 0 : 0.32520070025
Minkowski score 0 : 0.810874472959
------------------------------------------------------------------------------------------------------------
chromosome 1 : [ 0.38832084 -0.79079513 -0.35240392 -0.25825304 -0.21052795 -0.380006
  0.0955179  -0.57548931 -0.27786719 -0.33856599 -0.40934805 -0.73544491
 -0.47820395 -0.24891296  0.03905771 -1.75690857  2.22046935  2.19781431
 -0.30320214 -0.52463416  1.33201359  0.40797396  0.25011202 -0.29008303
 -0.22617946  0.57415379 -0.75825407 -0.33227591  0.48311531  2.54022465
 -0.42564918 -1.13637915 -0.9277294  -0.2201144  -0.28900288 -0.54321495
 -0.49836795 -0.09943149 -0.24785159 -0.33330929  0.14066434  0.06129854
  0.00374995 -0.26249066 -0.08432559 -1.17550141 -0.31423588 -0.39769193
 -0.25124798 -0.11671207 -0.95815294  0.48104328  0.41749227 -0.29561333
 -0.51852728  1.42860497 -1.56436758 -0.90277906  2.66037405  0.96117494
  0.33031597 -0.34160686 -0.39643393 -0.2562099  -0.23608393  0.21702776
  0.29044265 -0.12769904 -0.24303516 -0.37417167]
 Objectives (Sil) : 0.289261325095
 Objectives (PBM) : 3.70954979351
Cluster size 1 :14
Predicted Label for 1: [ 0 10 10  0  0  0  0 10  0  0  0 10 10  0 10  0  0  0 10  0  0  0  0  0 10
  0  0 10  0  0 10 10  0  0 10 10  0  0 10  0 10  0 10 10 10  0  0 10  0 10
 13  0  0 10  0 10  0 10  0  0  0  0 10 10 10  0 10  0 10  0  0 10 10 10  0
  0 10  0  0  0 10  0  0  0  0  0 10 10  0  0  0  0  0  0 10 10 10  0  0  0
  0 10 10  0  0  0  0 10 10  0 10 10  0  0  0  0  0  0  0  0  0  0 10  0  0
  0  0 10 10  0  0  0  0 10  0  0  0 10  0  0  0  0  0 10  0 10  0 10  0  0
 10 10 10  8  8  3 10 13  8 13 13  8 13 13  8 13  5  8 13 11 13 13 13 13 13
 13  8 10 10 13 13 13 13  8 13  9  7  0  0  9 12  9  6 12  1  2 12  9  6  9
  9  9 12  4 12 12  9  4  9  7  0  9  0  0  0]
 ARI Score 1 : 0.416939791486
Minkowski score 1 : 0.749764403799
------------------------------------------------------------------------------------------------------------
chromosome 2 : [-2.35555164  2.0816085   2.56135238 -0.17332289 -0.42245158 -0.51245498
  0.4529392   0.06735243 -0.33017161 -0.51321695  0.7859875  -0.8337956
 -0.8859841   0.15392602  0.26356684  0.03078261  2.2343069   1.16222845
 -0.37266894 -0.49551584  0.          0.          0.          0.          0.
  0.          0.          0.          0.          0.          0.          0.
  0.          0.          0.          0.          0.          0.          0.
  0.          0.          0.          0.          0.          0.          0.
  0.          0.          0.          0.          0.          0.          0.
  0.          0.          0.          0.          0.          0.          0.
  0.          0.          0.          0.          0.          0.          0.
  0.          0.          0.        ]
 Objectives (Sil) : 0.395295225477
 Objectives (PBM) : 8.07101596976
Cluster size 2 :3
Predicted Label for 2: [4 4 4 4 4 4 4 4 4 4 4 4 4 4 4 4 4 4 4 4 4 4 4 4 4 4 4 4 4 4 4 4 4 4 4 4 4
 4 4 4 4 4 4 4 4 4 4 4 4 4 3 4 4 4 4 4 4 4 4 4 4 4 4 4 4 4 4 4 4 4 4 4 4 4
 4 4 4 4 4 4 3 4 4 4 4 4 4 4 4 4 4 4 4 4 3 4 4 4 4 4 4 4 4 4 4 4 4 3 4 4 3
 4 4 4 4 4 4 4 4 4 4 4 4 4 4 4 4 4 4 4 4 4 4 4 4 4 4 4 4 4 4 4 4 4 4 4 4 4
 4 4 3 3 3 0 0 0 3 3 0 3 3 0 3 3 0 3 0 0 3 0 3 3 0 3 3 3 0 3 3 3 0 3 3 0 4
 2 2 4 4 1 2 2 2 2 1 2 2 2 2 2 2 2 2 1 2 2 2 1 2 2 4 2 4 4 4]
 ARI Score 2 : 0.792283177347
Minkowski score 2 : 0.441775865806
------------------------------------------------------------------------------------------------------------
chromosome 3 : [-1.49065669  1.85415434  1.7333606  -0.31546099 -0.52339509  0.88659222
  0.74810046 -0.00456683 -0.24497262 -0.25854222  0.92191134 -1.53984774
 -0.95121207  4.38609861  2.26231721 -0.63484709 -0.10654586 -0.22031389
 -0.27323607 -0.20278372  0.33507047 -0.42203025 -0.0432154  -0.26370141
 -0.18299289 -0.18792429 -0.66359608 -0.23792589 -0.17857053  0.09149725
  1.15284409 -0.25751711  0.1336874   0.02043141  0.85693753  1.02317597
 -1.0712233  -0.71104837  0.5723767   0.63317135 -0.55497152  0.23957038
 -0.52852396 -0.27623268 -0.38523792 -0.38638623 -0.48925321 -0.29899978
 -0.24928958 -0.34322918 -0.04528936  0.3502708  -0.51091196 -0.15609598
 -0.26318876  0.31605248 -0.40015035 -0.41404593 -0.27868445 -0.41032924
  0.08149725 -0.18194278 -0.08235319 -0.24190791  0.16842332  0.21620802
  0.25181129 -0.02217884 -0.27153345 -0.34527766]
 Objectives (Sil) : 0.229956432201
 Objectives (PBM) : 3.93235070106
Cluster size 3 :5
Predicted Label for 3: [4 1 1 3 4 3 4 1 4 4 3 4 1 3 1 4 4 3 1 3 4 4 4 4 1 4 4 1 4 4 3 1 3 4 1 1 4
 4 1 4 1 4 1 1 1 4 4 3 4 3 4 4 3 3 4 1 4 1 4 4 4 4 1 1 3 4 1 4 1 4 4 1 1 1
 4 4 1 4 4 3 1 4 4 4 3 4 1 1 4 3 4 3 4 4 4 1 1 4 3 4 4 1 1 4 3 3 4 4 1 4 1
 1 4 3 4 4 4 3 3 3 4 4 3 4 4 4 4 3 1 4 3 4 3 4 3 4 3 3 3 3 3 4 3 1 4 1 3 1
 4 4 1 1 1 0 0 0 1 1 0 4 0 0 4 4 0 4 0 0 4 0 4 0 0 0 4 4 0 1 1 4 0 4 4 0 4
 2 2 3 3 2 3 3 2 2 2 2 3 3 2 3 3 3 3 2 2 2 2 2 2 2 3 3 3 3 3]
 ARI Score 3 : 0.206285074309
Minkowski score 3 : 0.876896318162
------------------------------------------------------------------------------------------------------------
chromosome 4 : [ 1.74240182  2.47380301  1.35031114 -0.18456763  0.87909476 -2.15356953
 -1.27008995 -0.81076027  1.02451287  0.63318701  0.          0.          0.
  0.          0.          0.          0.          0.          0.          0.
  0.          0.          0.          0.          0.          0.          0.
  0.          0.          0.          0.          0.          0.          0.
  0.          0.          0.          0.          0.          0.          0.
  0.          0.          0.          0.          0.          0.          0.
  0.          0.          0.          0.          0.          0.          0.
  0.          0.          0.          0.          0.          0.          0.
  0.          0.          0.          0.          0.          0.          0.
  0.        ]
 Objectives (Sil) : 0.221756509913
 Objectives (PBM) : 3.20509087364
Cluster size 4 :10
Predicted Label for 4: [4 3 9 8 8 8 3 3 4 7 8 3 3 3 3 3 3 3 3 3 8 4 3 8 3 8 4 3 4 3 3 3 3 4 7 3 3
 4 9 4 3 3 9 7 3 8 3 3 4 5 4 4 3 3 4 3 4 3 4 3 8 8 3 3 3 8 3 8 3 8 4 9 9 9
 3 3 7 8 3 3 7 4 4 4 3 7 3 9 4 8 4 8 3 8 7 3 3 3 3 3 8 7 3 8 3 3 4 7 3 4 7
 3 3 8 8 8 8 3 3 3 8 4 3 3 8 8 8 3 9 8 8 4 3 3 3 3 3 3 8 8 8 8 8 7 8 9 3 7
 8 8 9 7 7 0 6 0 9 6 0 4 6 6 4 7 0 4 0 0 4 0 6 6 6 6 6 7 6 7 9 4 6 4 7 6 4
 2 1 8 3 2 2 2 1 1 1 1 5 2 1 2 2 2 5 2 5 5 1 1 2 1 5 2 8 8 8]
 ARI Score 4 : 0.230578381609
Minkowski score 4 : 0.868399196854
------------------------------------------------------------------------------------------------------------
chromosome 5 : [-1.89952762  0.8642878   1.73275502 -0.31533475  0.27289262  0.88530361
 -1.56215002 -0.88859161  1.09095925  0.87126495  0.          0.          0.
  0.          0.          0.          0.          0.          0.          0.
  0.          0.          0.          0.          0.          0.          0.
  0.          0.          0.          0.          0.          0.          0.
  0.          0.          0.          0.          0.          0.          0.
  0.          0.          0.          0.          0.          0.          0.
  0.          0.          0.          0.          0.          0.          0.
  0.          0.          0.          0.          0.          0.          0.
  0.          0.          0.          0.          0.          0.          0.
  0.        ]
 Objectives (Sil) : 0.576878994045
 Objectives (PBM) : 5.22919548568
Cluster size 5 :2
Predicted Label for 5: [0 0 0 0 0 0 0 0 0 0 0 0 0 0 0 0 0 0 0 0 0 0 0 0 0 0 0 0 0 0 0 0 0 0 0 0 0
 0 0 0 0 0 0 0 0 0 0 0 0 0 0 0 0 0 0 0 0 0 0 0 0 0 0 0 0 0 0 0 0 0 0 0 0 0
 0 0 0 0 0 0 0 0 0 0 0 0 0 0 0 0 0 0 0 0 0 0 0 0 0 0 0 0 0 0 0 0 0 0 0 0 0
 0 0 0 0 0 0 0 0 0 0 0 0 0 0 0 0 0 0 0 0 0 0 0 0 0 0 0 0 0 0 0 0 0 0 0 0 0
 0 0 0 0 0 0 0 0 0 0 0 0 0 0 0 0 0 0 0 0 0 0 0 0 0 0 0 0 0 0 0 0 0 0 0 0 0
 1 1 0 0 1 1 1 1 1 1 1 0 1 1 1 1 1 1 1 1 1 1 1 1 1 0 1 0 0 0]
 ARI Score 5 : 0.394202266502
Minkowski score 5 : 0.741246887327
------------------------------------------------------------------------------------------------------------
chromosome 6 : [ 0.96900351 -1.74665073 -1.04514276  6.6121495   1.5035296   0.56328636
  0.5618257   0.10110519 -0.25518833 -0.24111769 -0.37131206 -0.87990289
 -0.44297994 -0.13683208  0.30014909 -1.50057912  1.76688453  2.29245969
 -0.3094204  -0.52029739 -0.12721301 -0.15819787 -0.27382728 -0.23310669
 -0.0275257  -0.68646735 -0.14088631 -0.36749992 -0.23490285 -0.36629773
 -0.74376831 -0.47514409 -0.61818508 -0.27311225 -0.23530951 -0.33870979
  0.23318381 -0.58890798 -0.2909433  -0.35390695  1.43268025 -1.35433329
 -0.64425999  1.2034685   1.98972011 -0.26716592 -0.61303579 -0.37001592
 -0.25280466 -0.36851037 -0.33870979  0.50689366 -0.05048385 -0.29794835
 -0.44418262  0.94364619 -1.42732258 -0.86667445  2.61848966  2.39649163
  0.57498974 -0.28101639 -0.21828173 -0.25479541 -0.12212452 -1.36703975
  0.81861876  0.03506018 -0.301159   -0.48622275]
 Objectives (Sil) : 0.289261325095
 Objectives (PBM) : 3.70954979351
Cluster size 6 :14
Predicted Label for 6: [ 0 10 10  0  0  0  0 10  0  0  0 10 10  0 10  0  0  0 10  0  0  0  0  0 10
  0  0 10  0  0 10 10  0  0 10 10  0  0 10  0 10  0 10 10 10  0  0 10  0 10
 13  0  0 10  0 10  0 10  0  0  0  0 10 10 10  0 10  0 10  0  0 10 10 10  0
  0 10  0  0  0 10  0  0  0  0  0 10 10  0  0  0  0  0  0 10 10 10  0  0  0
  0 10 10  0  0  0  0 10 10  0 10 10  0  0  0  0  0  0  0  0  0  0 10  0  0
  0  0 10 10  0  0  0  0 10  0  0  0 10  0  0  0  0  0 10  0 10  0 10  0  0
 10 10 10  8  8  3 10 13  8 13 13  8 13 13  8 13  5  8 13 11 13 13 13 13 13
 13  8 10 10 13 13 13 13  8 13  9  7  0  0  9 12  9  6 12  1  2 12  9  6  9
  9  9 12  4 12 12  9  4  9  7  0  9  0  0  0]
 ARI Score 6 : 0.416939791486
Minkowski score 6 : 0.749764403799
------------------------------------------------------------------------------------------------------------
chromosome 7 : [ 0.20367344 -0.58255447 -0.18589042 -0.1163476   0.34705703  0.16934226
  0.46963871 -0.19641188 -0.26409058 -0.29505076  0.01556822  0.01178296
 -0.6835096  -0.1896035  -0.05440416 -0.5930075  -0.1627831  -0.20446308
 -0.28603976 -0.08909833  0.59254481 -0.75427709 -0.53936212 -0.22430546
 -0.1571523  -0.75106814 -0.2126929  -0.58723064 -0.27278204 -0.33030547
 -0.25068366 -0.4608227  -0.2678663  -0.24844596 -0.35136979 -0.10868266
 -0.35934731 -0.30543857 -0.2446321   0.24586568 -1.4980185   1.61007187
  1.66672716 -0.30939747 -0.52549352  1.29864869  0.42241531 -0.16062876
 -0.27459817 -0.18023939  0.90064899  0.25724912  0.33216703 -0.27033422
 -0.22561238  1.23271966 -1.43903128 -0.76804722  2.4395105   2.09725435
  0.          0.          0.          0.          0.          0.          0.
  0.          0.          0.        ]
 Objectives (Sil) : 0.289261325095
 Objectives (PBM) : 3.70954979351
Cluster size 7 :14
Predicted Label for 7: [ 0 10 10  0  0  0  0 10  0  0  0 10 10  0 10  0  0  0 10  0  0  0  0  0 10
  0  0 10  0  0 10 10  0  0 10 10  0  0 10  0 10  0 10 10 10  0  0 10  0 10
 13  0  0 10  0 10  0 10  0  0  0  0 10 10 10  0 10  0 10  0  0 10 10 10  0
  0 10  0  0  0 10  0  0  0  0  0 10 10  0  0  0  0  0  0 10 10 10  0  0  0
  0 10 10  0  0  0  0 10 10  0 10 10  0  0  0  0  0  0  0  0  0  0 10  0  0
  0  0 10 10  0  0  0  0 10  0  0  0 10  0  0  0  0  0 10  0 10  0 10  0  0
 10 10 10  8  8  3 10 13  8 13 13  8 13 13  8 13  5  8 13 11 13 13 13 13 13
 13  8 10 10 13 13 13 13  8 13  9  7  0  0  9 12  9  6 12  1  2 12  9  6  9
  9  9 12  4 12 12  9  4  9  7  0  9  0  0  0]
 ARI Score 7 : 0.416939791486
Minkowski score 7 : 0.749764403799
------------------------------------------------------------------------------------------------------------
chromosome 8 : [-2.04128904  2.47380301  2.67662115 -0.31546099 -0.52855791 -0.03472304
 -0.15489785 -0.50742788  0.15203639  0.21599348  0.          0.          0.
  0.          0.          0.          0.          0.          0.          0.
  0.          0.          0.          0.          0.          0.          0.
  0.          0.          0.          0.          0.          0.          0.
  0.          0.          0.          0.          0.          0.          0.
  0.          0.          0.          0.          0.          0.          0.
  0.          0.          0.          0.          0.          0.          0.
  0.          0.          0.          0.          0.          0.          0.
  0.          0.          0.          0.          0.          0.          0.
  0.        ]
 Objectives (Sil) : 0.385407776763
 Objectives (PBM) : 7.7263056899
Cluster size 8 :4
Predicted Label for 8: [3 3 3 3 3 3 3 3 3 3 3 3 3 3 3 3 3 3 3 3 3 3 3 3 3 3 3 3 3 3 3 3 3 3 3 3 3
 3 3 3 3 3 3 3 3 3 3 3 3 3 2 3 3 3 3 3 3 3 3 3 3 3 3 3 3 3 3 3 3 3 3 3 3 3
 3 3 3 3 3 3 2 3 3 3 3 3 3 3 3 3 3 3 3 3 2 3 3 3 3 3 3 3 3 3 3 3 3 2 3 3 2
 3 3 3 3 3 3 3 3 3 3 3 3 3 3 3 3 3 3 3 3 3 3 3 3 3 3 3 3 3 3 3 3 3 3 3 3 3
 3 3 2 2 2 0 0 0 2 2 0 2 2 0 2 2 0 2 0 0 2 0 2 2 0 2 2 2 0 2 2 2 0 2 2 0 2
 1 1 3 3 1 1 1 1 1 1 1 3 1 1 1 1 1 1 1 1 1 1 1 1 1 3 3 3 3 3]
 ARI Score 8 : 0.785499647387
Minkowski score 8 : 0.448676874978
------------------------------------------------------------------------------------------------------------
chromosome 9 : [-2.38450228  2.47380301  3.29328098 -0.30456424 -0.52855791 -0.88968817
  1.02724648  1.11291484 -0.33017161 -0.50790661 -1.07226088  2.00545506
 -0.03538784 -0.29911586 -0.53268817  1.2692342  -0.74012839 -0.50316268
  0.46224025  0.05364342 -0.06159049 -1.08214405 -0.65432399  0.12235497
 -0.0264364  -0.26903043  0.42853751 -0.23015589 -0.28902034 -0.32058721
 -0.90381582 -0.0207581   0.00990017 -0.253583   -0.40878039  0.79150226
 -1.30597788 -0.6623752   2.81626572  3.81895289  1.04656708  0.92568761
  0.24640423 -0.26498338 -0.33079138 -0.09795456 -0.0730437  -0.5447812
 -0.22304814 -0.14476152  0.20597865 -0.38611927 -0.13999247 -0.15324797
  0.210383    0.36042779  0.07440676 -0.13812453 -0.27391712 -0.34785907
 -0.5328415  -0.54965399 -0.34279737 -0.2627108  -0.25107959  0.          0.
  0.          0.          0.        ]
 Objectives (Sil) : 0.222344423091
 Objectives (PBM) : 3.45764494814
Cluster size 9 :14
Predicted Label for 9: [ 1  1 13  4 12  4 11 11  1  5  4 11 13 11 13 11 11 10 13 10 12 12 11 12 13
 12  1 11  1 11 10 11 10 12 13 11 11 12 13  1 13 11 13 13 13 11 11 10  1 10
  1  5 10 10 11 11 12 13 11 11 12 12 11 11 10  4 13 12 11  4 12 13 13 13 11
 11 13 12 11 10  5 12 12 12 10  5 13 13 12  4 12 10 11 12  1 11 11 11 10 11
 11 11 11  4 11 11 12  5 11 12  5 13 11  4 12 12 12 10 11 10 12 12 10 11  4
 12 12 11 13  4  4  1 10 11 10 11 10 13  4  4  4  4  4 13 12 13 10 11  4  4
  8  5  5  0  0  0  8  8  0  1  6  0  6  5  0  6  0  0  1  0  6  2  6  6  2
  5  0  5  8  1  6  5  1  0 12  9  7  4 10  9  9  9  7  9  3  7 10  9  7  9
  9  9  9  3  9  9  9  3  9  7 10  9  4  4  4]
 ARI Score 9 : 0.151970350925
Minkowski score 9 : 0.915209013228
------------------------------------------------------------------------------------------------------------
chromosome 10 : [  3.60427791e-01  -8.41887632e-01  -2.81955902e-01   3.83747305e-01
   2.11962659e+00   8.57081540e-01   2.72824549e-01   3.72724811e-01
  -2.22181029e-01  -1.46437726e-01  -2.42426717e+00   2.53041119e+00
   3.44218247e+00  -3.05802504e-01  -5.25929563e-01  -3.98133790e-01
  -1.87151683e-01  -2.18252908e-01  -2.64512874e-01  -3.19408616e-01
   7.84370513e-01  -5.69793436e-01  -4.22851937e-01  -4.98526433e-02
  -1.79163799e-01  -1.18002950e+00   1.44130866e+00   9.50884402e-01
  -3.15460989e-01  -5.21329957e-01   1.05775414e+00  -1.64553015e+00
  -9.77630074e-01   4.21213973e+00   1.31663537e+00  -3.49577216e-01
  -9.01761660e-01  -5.98971981e-01  -1.21362583e-01  -2.98243133e-03
   1.62366549e-01   5.15688539e-01  -2.92427905e-01  -2.61345359e-01
  -2.83198190e-01  -1.15594005e+00  -4.69338121e-01  -5.98971981e-01
  -2.74598167e-01  -2.25396887e-01   0.00000000e+00   0.00000000e+00
   0.00000000e+00   0.00000000e+00   0.00000000e+00   0.00000000e+00
   0.00000000e+00   0.00000000e+00   0.00000000e+00   0.00000000e+00
   0.00000000e+00   0.00000000e+00   0.00000000e+00   0.00000000e+00
   0.00000000e+00   0.00000000e+00   0.00000000e+00   0.00000000e+00
   0.00000000e+00   0.00000000e+00]
 Objectives (Sil) : 0.23342725788
 Objectives (PBM) : 3.61767373933
Cluster size 10 :11
Predicted Label for 10: [10 10  4  7  7  7 10 10  9  8  7 10 10 10 10 10 10  3 10  3  7  9 10  9 10
  7  9 10  9 10  3 10  3  9 10 10 10  9  4  9 10 10  4 10  3  9 10  3  9  3
  9  9 10  3  9 10  9 10  9 10  7  9 10 10  3  7 10  9 10  7  9 10  4  4 10
 10 10  7 10  3  8  9  9  9  3  8 10  4  9  7  9  7 10  9 10 10 10 10  3 10
  7 10 10  7 10 10  9  8 10  9  8 10 10  7  9  9  9  3 10  3  7  9  3 10  7
  7  9 10  4  7  7  9 10 10  3 10  3  3  7  7  7  7  7 10  7 10  3 10  7  7
  4  8  8  2  2  2  4  5  2  9  5  2  5  8  2  5  2  2  5  2  5  5  5  5  8
  8  2  8  4  5  5  8  8  2  9  1  0  7  3  1  1  1  0  0  6  0  3  1  0  1
  1  1  3  6  0  0  6  6  1  0  3  1  7  7  7]
 ARI Score 10 : 0.208595062623
Minkowski score 10 : 0.882159653022
------------------------------------------------------------------------------------------------------------
chromosome 11 : [ 1.12989545 -0.53629563 -0.67917846 -0.31546099 -0.18898545  0.58689143
 -1.56215002 -0.76001041  2.018846    1.74921229  0.          0.          0.
  0.          0.          0.          0.          0.          0.          0.
  0.          0.          0.          0.          0.          0.          0.
  0.          0.          0.          0.          0.          0.          0.
  0.          0.          0.          0.          0.          0.          0.
  0.          0.          0.          0.          0.          0.          0.
  0.          0.          0.          0.          0.          0.          0.
  0.          0.          0.          0.          0.          0.          0.
  0.          0.          0.          0.          0.          0.          0.
  0.        ]
 Objectives (Sil) : 0.552700108099
 Objectives (PBM) : 13.8639026564
Cluster size 11 :5
Predicted Label for 11: [2 2 2 2 2 2 2 2 2 2 2 2 2 2 2 2 2 2 2 2 2 2 2 2 2 2 2 2 2 2 2 2 2 2 2 2 2
 2 2 2 2 2 2 2 2 2 2 2 2 2 2 2 2 2 2 2 2 2 2 2 2 2 2 2 2 2 2 2 2 2 2 2 2 2
 2 2 2 2 2 2 2 2 2 2 2 2 2 2 2 2 2 2 2 2 2 2 2 2 2 2 2 2 2 2 2 2 2 2 2 2 2
 2 2 2 2 2 2 2 2 2 2 2 2 2 2 2 2 2 2 2 2 2 2 2 2 2 2 2 2 2 2 2 2 2 2 2 2 2
 2 2 2 2 2 3 3 3 2 3 3 2 3 3 2 2 3 2 3 3 2 3 2 3 3 3 2 2 3 2 2 2 3 2 2 3 2
 1 4 2 2 1 1 1 4 1 0 4 1 1 4 1 1 1 1 0 1 1 1 0 1 4 2 1 2 2 2]
 ARI Score 11 : 0.618345376501
Minkowski score 11 : 0.593629984744
------------------------------------------------------------------------------------------------------------
chromosome 12 : [ 1.42974076  2.47380301  0.98105642 -0.31546099 -0.52855791 -2.15356953
 -1.56215002 -0.88859161  1.7219098   1.52957539  0.          0.          0.
  0.          0.          0.          0.          0.          0.          0.
  0.          0.          0.          0.          0.          0.          0.
  0.          0.          0.          0.          0.          0.          0.
  0.          0.          0.          0.          0.          0.          0.
  0.          0.          0.          0.          0.          0.          0.
  0.          0.          0.          0.          0.          0.          0.
  0.          0.          0.          0.          0.          0.          0.
  0.          0.          0.          0.          0.          0.          0.
  0.        ]
 Objectives (Sil) : 0.233685322991
 Objectives (PBM) : 3.93769751933
Cluster size 12 :8
Predicted Label for 12: [3 6 6 2 2 2 3 6 3 3 2 6 6 2 6 2 2 2 6 2 3 3 3 3 6 3 3 6 3 3 6 6 2 3 6 6 6
 3 6 3 6 2 6 6 6 3 2 6 3 6 3 3 2 6 3 6 3 6 3 2 3 3 6 6 6 2 6 3 6 2 3 6 6 6
 2 3 6 3 3 2 6 3 3 3 2 3 6 6 3 2 3 2 6 3 6 6 6 2 2 3 2 6 6 2 2 2 3 3 6 3 6
 6 2 2 3 3 3 2 2 2 2 3 6 2 2 2 3 6 6 2 2 3 2 6 2 2 2 6 2 2 2 2 2 6 3 6 2 6
 2 2 0 4 4 7 7 7 0 4 7 3 4 7 4 4 7 4 7 7 4 7 4 4 7 4 4 4 7 4 0 4 7 4 4 7 3
 5 1 2 2 5 5 5 1 1 1 1 2 5 1 5 5 5 5 5 5 5 1 1 5 1 2 5 2 2 2]
 ARI Score 12 : 0.27924438562
Minkowski score 12 : 0.839373168903
------------------------------------------------------------------------------------------------------------
chromosome 13 : [ 0.34243227  0.12124728  0.24413171 -0.26932554 -0.29486518 -2.15356953
  2.55059383  2.17869271 -0.3166285  -0.51321695 -0.36174873 -0.75630769
 -0.55106733 -0.26413728 -0.12527941 -0.2952401   0.16627696 -0.45807595
 -0.27459817 -0.35390695 -0.02108464 -0.2835472  -0.2819559  -0.24562271
 -0.1660338   0.51257172 -0.27064505 -0.19976655 -0.25098854 -0.32204495
 -2.53030688  2.20947027  4.37935458 -0.29639167 -0.54301382  1.43335947
 -1.52977369 -0.85434604  2.16082605  0.96040052 -0.86034612  1.34627051
  0.56845231 -0.31896352 -0.51852728 -0.27350525  0.68024323 -0.51091196
 -0.22556278 -0.22911412  0.79150226 -1.14347533 -0.46981728  2.53403983
  4.83045336  0.6964123   0.57532112 -0.09577186 -0.24949672 -0.16229243
  0.74675405 -0.57452857 -0.36690792 -0.18421922  0.20055431 -0.87546602
 -0.21850354 -0.20078753 -0.2504358  -0.29941831]
 Objectives (Sil) : 0.229012569336
 Objectives (PBM) : 3.24654493103
Cluster size 13 :10
Predicted Label for 13: [2 5 0 4 4 4 5 5 2 9 4 5 5 5 5 5 5 4 5 5 2 2 5 2 5 2 2 5 2 5 5 5 5 2 5 5 5
 2 0 2 5 5 0 0 5 2 5 5 2 5 2 2 5 5 2 5 2 5 2 5 2 2 5 5 5 4 5 2 5 4 2 0 0 0
 5 5 5 2 5 5 9 2 2 2 5 9 5 0 2 4 2 4 5 2 9 5 5 5 5 2 4 5 5 4 5 5 2 9 5 2 9
 5 5 4 2 2 2 4 5 5 4 2 5 5 4 4 2 5 0 4 4 2 5 5 5 5 5 5 4 4 4 4 4 5 2 0 4 5
 4 4 0 9 9 1 1 6 0 8 6 2 8 1 8 9 6 8 6 6 8 6 8 1 1 8 9 9 1 9 0 8 1 9 8 1 2
 3 7 4 4 3 3 3 7 7 7 7 4 3 7 3 3 3 3 3 3 3 7 7 3 7 5 3 4 4 4]
 ARI Score 13 : 0.258721777512
Minkowski score 13 : 0.852112587838
------------------------------------------------------------------------------------------------------------
chromosome 14 : [-1.90766239  0.70118372  0.92850946 -0.2804722  -0.37527283  1.34530456
 -1.5585189  -0.88859161  0.73613416  1.10926997  0.          0.          0.
  0.          0.          0.          0.          0.          0.          0.
  0.          0.          0.          0.          0.          0.          0.
  0.          0.          0.          0.          0.          0.          0.
  0.          0.          0.          0.          0.          0.          0.
  0.          0.          0.          0.          0.          0.          0.
  0.          0.          0.          0.          0.          0.          0.
  0.          0.          0.          0.          0.          0.          0.
  0.          0.          0.          0.          0.          0.          0.
  0.        ]
 Objectives (Sil) : 0.285616887939
 Objectives (PBM) : 6.08143616563
Cluster size 14 :5
Predicted Label for 14: [4 3 3 4 4 4 4 3 4 4 4 3 3 4 3 4 4 4 3 4 4 4 4 4 3 4 4 3 4 4 3 3 4 4 3 3 4
 4 3 2 3 4 3 3 3 4 4 3 4 3 2 4 4 3 4 3 4 3 4 4 4 4 3 3 3 4 3 4 3 4 4 3 3 3
 4 4 3 4 4 3 3 4 4 4 4 2 3 3 4 4 4 4 4 4 2 3 3 4 3 4 4 3 3 4 4 4 4 2 3 4 3
 3 4 4 4 4 4 4 4 4 4 4 3 4 4 4 4 4 3 4 4 4 4 4 4 4 4 3 4 4 4 4 4 3 4 3 4 3
 4 4 3 2 2 0 0 0 3 2 0 2 2 0 2 2 0 2 0 0 2 0 2 2 0 2 2 2 0 2 3 2 0 2 2 0 2
 1 1 4 4 1 1 1 1 1 1 1 4 1 1 1 1 1 1 1 1 1 1 1 1 1 4 3 4 4 4]
 ARI Score 14 : 0.408189736489
Minkowski score 14 : 0.755371316295
------------------------------------------------------------------------------------------------------------
chromosome 15 : [ 1.26343569  0.55157696 -0.8809949  -0.31546099 -0.26911743 -0.8796779
 -1.56215002 -0.88859161  0.7915624   0.71962703 -0.80074365  0.352042
 -0.18498794 -0.34483083 -0.44581081  0.          0.          0.          0.
  0.          0.          0.          0.          0.          0.          0.
  0.          0.          0.          0.          0.          0.          0.
  0.          0.          0.          0.          0.          0.          0.
  0.          0.          0.          0.          0.          0.          0.
  0.          0.          0.          0.          0.          0.          0.
  0.          0.          0.          0.          0.          0.          0.
  0.          0.          0.          0.          0.          0.          0.
  0.          0.        ]
 Objectives (Sil) : 0.275656063991
 Objectives (PBM) : 7.68793745634
Cluster size 15 :4
Predicted Label for 15: [3 0 0 3 3 3 3 0 3 3 3 3 0 3 0 3 3 3 0 3 3 3 3 3 0 3 3 0 3 3 0 0 3 3 0 0 3
 3 0 3 0 3 0 0 0 3 3 0 3 0 3 3 0 0 3 0 3 0 3 3 3 3 0 0 0 3 0 3 0 3 3 0 0 0
 3 3 0 3 3 0 0 3 3 3 3 3 0 0 3 3 3 3 3 3 3 0 0 3 0 3 3 0 0 3 3 3 3 3 0 3 0
 0 3 3 3 3 3 3 3 3 3 3 0 3 3 3 3 0 0 3 3 3 3 3 0 3 0 0 3 3 3 3 3 0 3 0 3 0
 3 3 0 0 0 2 2 2 0 0 2 3 2 2 3 3 2 3 2 2 3 2 3 2 2 2 3 3 2 0 0 3 2 3 3 2 3
 1 1 3 0 1 1 1 1 1 1 1 0 1 1 0 0 0 1 1 1 1 1 1 1 1 0 0 3 3 3]
 ARI Score 15 : 0.300771798623
Minkowski score 15 : 0.817516146968
------------------------------------------------------------------------------------------------------------
chromosome 16 : [-1.1601952  -0.44764558  1.19289138  0.44987999  0.53274492 -1.03033415
  1.95240757  0.94623979 -0.17656131  0.04432714  0.47430101 -0.78480688
  1.6963891   2.50536447  1.76659548 -0.69603354 -0.11878677  0.43984274
  0.48463597  2.27870945  0.          0.          0.          0.          0.
  0.          0.          0.          0.          0.          0.          0.
  0.          0.          0.          0.          0.          0.          0.
  0.          0.          0.          0.          0.          0.          0.
  0.          0.          0.          0.          0.          0.          0.
  0.          0.          0.          0.          0.          0.          0.
  0.          0.          0.          0.          0.          0.          0.
  0.          0.          0.        ]
 Objectives (Sil) : 0.20830179479
 Objectives (PBM) : 4.06102318825
Cluster size 16 :11
Predicted Label for 16: [ 8  4  6  5  9  5  8  4  8 10  5  8  4  5  4  8  5  5  4  5  9  8  8  9  4
  9  8  4  8  8  4  4  5  9 10  4  4  8  4  8  4  8  6 10  4  8  8  4  8  4
  8  8  4  4  8  4  9  4  8  5  9  9  4  4  4  5  4  9 10  5  9 10  6  4  4
  8 10  9  8  4 10  9  9  9  5 10  4  4  8  5  8  5  8  9 10  4 10  5  4  8
  5 10 10  5  4  4  8 10  4  9 10  4  8  5  9  9  9  5  5  5  9  9  4  8  9
  9  9  4  4  9  5  8  4  8  5  8  4  4  5  5  5  9  5 10  9  4  5 10  9  9
  6 10 10  1  1  1  6  0  1  8  0  1  0 10  1  0  1  1  0  1  0  0  0  0  0
  0  1 10  6  8  0  0  8  1  9  7  3  5  5  7  7  7  3  7  2  3  5  7  3  7
  7  7  7  2  7  7  7  2  7  3  5  7  5  5  5]
 ARI Score 16 : 0.164180332152
Minkowski score 16 : 0.907477246485
------------------------------------------------------------------------------------------------------------
chromosome 17 : [-2.38450228 -0.74059248  1.62542233 -0.18935006  0.75629902 -0.07152141
 -1.23684952 -0.78100697  3.18172686 -0.51321695  0.          0.          0.
  0.          0.          0.          0.          0.          0.          0.
  0.          0.          0.          0.          0.          0.          0.
  0.          0.          0.          0.          0.          0.          0.
  0.          0.          0.          0.          0.          0.          0.
  0.          0.          0.          0.          0.          0.          0.
  0.          0.          0.          0.          0.          0.          0.
  0.          0.          0.          0.          0.          0.          0.
  0.          0.          0.          0.          0.          0.          0.
  0.        ]
 Objectives (Sil) : 0.59552039653
 Objectives (PBM) : 10.5642985046
Cluster size 17 :3
Predicted Label for 17: [2 2 2 2 2 2 2 2 2 2 2 2 2 2 2 2 2 2 2 2 2 2 2 2 2 2 2 2 2 2 2 2 2 2 2 2 2
 2 2 2 2 2 2 2 2 2 2 2 2 2 2 2 2 2 2 2 2 2 2 2 2 2 2 2 2 2 2 2 2 2 2 2 2 2
 2 2 2 2 2 2 2 2 2 2 2 2 2 2 2 2 2 2 2 2 2 2 2 2 2 2 2 2 2 2 2 2 2 2 2 2 2
 2 2 2 2 2 2 2 2 2 2 2 2 2 2 2 2 2 2 2 2 2 2 2 2 2 2 2 2 2 2 2 2 2 2 2 2 2
 2 2 2 2 2 0 0 0 2 0 0 2 0 0 2 2 0 2 0 0 2 0 2 0 0 0 2 2 0 2 2 2 0 2 2 0 2
 1 1 2 2 1 1 1 1 1 1 1 2 1 1 1 1 1 1 1 1 1 1 1 1 1 2 2 2 2 2]
 ARI Score 17 : 0.597404434301
Minkowski score 17 : 0.608959462019
------------------------------------------------------------------------------------------------------------
chromosome 18 : [ 0.99436083 -1.42590334 -0.77744029  2.83969374  2.70791317  0.84855623
  0.35293187 -0.44926994 -0.26233932 -0.27248184 -0.46368516 -1.03614559
 -0.678226   -0.23577849 -0.02001975  0.2742129  -0.456565   -0.60601678
 -0.10787785  0.32847087 -0.46368516 -0.38906257 -0.40377227 -0.25689094
 -0.25079798  1.40007798 -1.06186925 -0.56961864  0.50860593  0.48232302
  1.11100451  0.08522844  0.23231462 -0.29012604 -0.12379251  0.15503349
  0.16718933 -0.08704972 -0.24953564 -0.25616732 -1.67046316  1.52984964
  0.59864432 -0.28499961 -0.52480313 -1.23598098  1.49013347  2.04129719
 -0.32150158 -0.50844534  0.          0.          0.          0.          0.
  0.          0.          0.          0.          0.          0.          0.
  0.          0.          0.          0.          0.          0.          0.
  0.        ]
 Objectives (Sil) : 0.221308271635
 Objectives (PBM) : 3.1553524531
Cluster size 18 :14
Predicted Label for 18: [12 12  6  7 11  4 12 12 10 13  4 12 12  7  6 12 11  7  6  7  4 11 12  4  6
  4 10 12 10 12  7 12  7  4 12 12 12 11  6 10  6 11  6  6  6 11 11  7 10  3
 10 11  7  7 11 12  4  6 10 12  4  4 12 12 12  4 12  4 12  4  4  6  6  6  7
 11 12  4 12  7 13  4 11 11  7 13  6  6 11 11 11  7 12  4 10 12 12 11  7 11
 11 12 12  4  7  7 11 13 12 11 13 12 11  7 11 11 11  7  7  7 11 10  7 12  4
 11 11 12  6  4  7 10  7 12  7 12  7  6 11 11  4  4  7 12  4  6  7 12  4  4
  1 13 13  9  9  9  1  8  9 10  8  9  8 13  9  8  9  9 10  9  8  8  8  8  8
 13  9 13  1 10  8 13 10  9 10  5  0  4  7  5  5  5  0  5  2  0  3  5  0  5
  5  5  3  2  3  3  5  2  5  0  3  5  4  4  4]
 ARI Score 18 : 0.14467417988
Minkowski score 18 : 0.919496148298
------------------------------------------------------------------------------------------------------------
chromosome 19 : [-0.67040246  0.16283906  0.23108944 -0.28525803 -0.45672732 -0.22025488
  0.01284739 -0.46864315 -0.26560835 -0.25203706 -1.71887259  2.02851765
  1.74929527 -0.30456424 -0.52442765  0.15756922  0.48509824  0.28162824
 -0.26914979 -0.32411008  0.23871265  1.51333489  0.2839765  -0.29312265
 -0.46990823  0.18292654 -0.38950608 -0.29663257 -0.23509744 -0.24357003
 -2.32744831  2.87651129  2.97039423 -0.28277073 -0.5347533   0.60001076
  0.27943134 -0.19571781 -0.25825304 -0.24385487 -0.61265943 -0.64762967
 -0.31717991 -0.26506351 -0.19194179  0.60240909 -1.1311077  -0.75798322
  1.11380379  0.58318985  0.8422169  -0.34604197  0.06147818  0.11972807
  1.23299762 -2.93602403  1.87949784  5.08383476 -0.31818518 -0.52855791
  0.          0.          0.          0.          0.          0.          0.
  0.          0.          0.        ]
 Objectives (Sil) : 0.236002839318
 Objectives (PBM) : 4.51986621755
Cluster size 19 :7
Predicted Label for 19: [0 0 5 3 3 3 0 0 3 4 3 0 0 0 0 0 0 0 0 0 3 3 0 3 0 3 3 0 3 0 0 0 0 3 0 0 0
 3 5 3 0 0 5 5 0 3 0 0 3 0 4 3 0 0 3 0 3 0 3 0 3 3 0 0 0 3 0 3 0 3 3 5 5 5
 0 0 0 3 0 0 4 3 3 3 0 4 0 5 3 3 3 0 0 3 4 0 0 0 0 3 3 0 0 3 0 0 3 4 0 3 4
 0 0 3 3 3 3 0 0 0 3 3 0 0 3 3 3 0 5 3 3 3 0 0 0 0 0 0 3 3 3 3 0 0 3 5 0 0
 3 3 5 4 4 6 2 6 5 4 6 4 2 2 4 4 2 4 6 2 4 6 4 2 2 2 4 4 2 4 5 4 2 4 4 2 3
 1 1 3 0 1 1 1 1 1 1 1 0 1 1 1 1 1 1 1 1 1 1 1 1 1 0 0 3 3 3]
 ARI Score 19 : 0.323474675378
Minkowski score 19 : 0.810823949611
------------------------------------------------------------------------------------------------------------
chromosome 20 : [ 0.21242383 -0.92812796 -0.39625422  0.62972111  0.9170328   0.4446141
 -0.11339367 -0.08892833 -0.24583074 -0.32997505  0.20466139  0.28488456
 -0.32053458 -0.25903138 -0.24416006  1.5807489  -0.14113974 -0.02071117
  0.30020554 -0.02363373 -0.4703974  -0.24518228 -0.64455599 -0.2688293
 -0.16460919  0.19093411 -0.3628954  -0.40245909 -0.25481196 -0.0657515
 -0.98984959  0.94635002  0.79120223 -0.28440524 -0.44905042  0.          0.
  0.          0.          0.          0.          0.          0.          0.
  0.          0.          0.          0.          0.          0.          0.
  0.          0.          0.          0.          0.          0.          0.
  0.          0.          0.          0.          0.          0.          0.
  0.          0.          0.          0.          0.        ]
 Objectives (Sil) : 0.238572041035
 Objectives (PBM) : 3.2193866349
Cluster size 20 :10
Predicted Label for 20: [4 7 7 5 8 8 4 7 4 4 8 4 7 5 7 5 5 5 7 5 8 4 4 8 7 8 4 7 4 4 5 7 5 8 7 7 5
 4 7 4 7 4 7 7 7 4 4 5 4 5 4 4 5 5 4 7 8 7 4 5 8 8 7 7 5 8 7 8 7 8 8 7 7 7
 5 4 7 8 4 5 1 8 4 8 5 4 7 7 4 5 4 5 4 8 4 7 7 5 5 4 5 7 7 8 5 5 4 1 7 4 1
 7 4 5 4 4 8 5 5 5 8 4 5 5 8 8 8 5 7 8 5 4 5 4 5 5 5 7 8 5 8 8 5 7 8 7 5 4
 8 8 3 1 1 6 6 6 3 2 6 4 2 6 2 1 6 2 6 6 2 6 2 2 2 2 1 1 6 1 3 4 2 1 1 6 4
 9 0 8 5 9 9 9 0 9 0 0 5 9 0 9 9 9 9 9 9 9 9 0 9 0 5 9 8 8 8]
 ARI Score 20 : 0.196066424995
Minkowski score 20 : 0.889144325809
------------------------------------------------------------------------------------------------------------
chromosome 21 : [-1.99976845 -0.59057805  1.51450555 -0.31546099 -0.40803067  0.69617877
 -1.56215002 -0.88859161  3.38927095  0.43460806  1.63590107 -1.6827851
 -1.23300414  0.74541218  0.24387172  0.          0.          0.          0.
  0.          0.          0.          0.          0.          0.          0.
  0.          0.          0.          0.          0.          0.          0.
  0.          0.          0.          0.          0.          0.          0.
  0.          0.          0.          0.          0.          0.          0.
  0.          0.          0.          0.          0.          0.          0.
  0.          0.          0.          0.          0.          0.          0.
  0.          0.          0.          0.          0.          0.          0.
  0.          0.        ]
 Objectives (Sil) : 0.558229353243
 Objectives (PBM) : 2.68420296029
Cluster size 21 :2
Predicted Label for 21: [1 1 1 1 1 1 1 1 1 1 1 1 1 1 1 1 1 1 1 1 1 1 1 1 1 1 1 1 1 1 1 1 1 1 1 1 1
 1 1 1 1 1 1 1 1 1 1 1 1 1 1 1 1 1 1 1 1 1 1 1 1 1 1 1 1 1 1 1 1 1 1 1 1 1
 1 1 1 1 1 1 1 1 1 1 1 1 1 1 1 1 1 1 1 1 1 1 1 1 1 1 1 1 1 1 1 1 1 1 1 1 1
 1 1 1 1 1 1 1 1 1 1 1 1 1 1 1 1 1 1 1 1 1 1 1 1 1 1 1 1 1 1 1 1 1 1 1 1 1
 1 1 1 1 1 0 0 0 1 0 0 1 0 0 1 1 0 1 0 0 1 0 0 0 0 0 0 1 0 1 1 1 0 1 1 0 1
 1 1 1 1 1 1 1 1 1 1 1 1 1 1 1 1 1 1 1 1 1 1 1 1 1 1 1 1 1 1]
 ARI Score 21 : 0.303192660603
Minkowski score 21 : 0.793459540107
------------------------------------------------------------------------------------------------------------
chromosome 22 : [-0.79514158 -0.36137479 -0.52349196 -0.28627326 -0.28221745 -0.42564918
 -0.29247945 -0.01371153 -0.20293106 -0.43356195 -2.65347102  2.36507938
  4.13110919 -0.2909433  -0.53622839 -0.10614693 -0.08969243 -0.35710045
 -0.26751528 -0.28322052 -1.17052051  1.39873157  0.9332724  -0.31818518
 -0.51203687  1.01971816 -1.18676204 -0.50738956  1.49721381  3.76071623
  0.39687894  0.62369553 -0.05299985 -0.26897953 -0.32320659  1.28597003
 -1.67214083 -0.99348088  3.36546205  0.60726336 -0.64752575 -0.7230266
 -0.29956791 -0.21875231  0.16635819 -0.13519259 -0.85446723 -0.67582436
 -0.24785159 -0.29163123  0.34092216 -0.62163309 -0.27924636 -0.12623469
  0.47287108  0.91243718 -0.09706154 -0.04441964 -0.22262904 -0.10631834
  0.          0.          0.          0.          0.          0.          0.
  0.          0.          0.        ]
 Objectives (Sil) : 0.231357260645
 Objectives (PBM) : 3.69648727916
Cluster size 22 :14
Predicted Label for 22: [ 6 11 11  8  8  8  6 11  6  6  8  6 11 12 11 12 12 12 11 12  8  3  6  3 11
  3  6 11  6  6 12 11 12  3 11 11 12  6 11  3 11 12 11 11 11 12 12 12  3 10
  6  6 12 12  6  6  3 11  6 12  8  3 11 11 11  8 11  3  6  8  3 11 11 11 12
 12 11  8  6 12  0  3  3  3 12  6 11 11  3 12  6 12 12  3  6 11  6 12 12  6
 12 11  6  8 12 12  6  6 11  3  0 11 12  8  3  3  3 12 12 12  8  3 12 12  8
  8  3 12 11  8  8  6 12  6 12 12 12 11  8  8  8  8 12 11  3 11 12  6  8  8
 13  0  0  2  4  2 13  0  2  3  4  4  3  0  2  6  2  2  6  2  0  4  4  4  0
  0  4  0 13  6  4  0  6  4  3  7  5  8 12  7  9  9  5  7  1  5 10  9  5  9
  9  9 10  7 10 10  7  1  7  5 10  9  8  8  8]
 ARI Score 22 : 0.156928226046
Minkowski score 22 : 0.911935514513
------------------------------------------------------------------------------------------------------------
chromosome 23 : [-2.38450228 -0.61592829  0.25812129 -0.31546099 -0.52855791  2.2368696
 -0.58886673 -0.69795238 -0.33017161 -0.29973847 -1.20139368  0.40220141
 -0.26616825 -0.42170433 -0.51669954 -0.87845429  1.11023467  1.09890716
 -0.15160107 -0.26231708  0.          0.          0.          0.          0.
  0.          0.          0.          0.          0.          0.          0.
  0.          0.          0.          0.          0.          0.          0.
  0.          0.          0.          0.          0.          0.          0.
  0.          0.          0.          0.          0.          0.          0.
  0.          0.          0.          0.          0.          0.          0.
  0.          0.          0.          0.          0.          0.          0.
  0.          0.          0.        ]
 Objectives (Sil) : 0.295586514796
 Objectives (PBM) : 11.7506913384
Cluster size 23 :6
Predicted Label for 23: [2 4 4 2 2 2 2 4 2 2 2 4 4 2 4 2 2 2 4 2 2 2 2 2 4 2 2 4 2 2 4 4 2 2 4 4 2
 2 4 2 4 2 4 4 4 2 2 4 2 4 5 2 2 4 2 4 2 4 2 2 2 2 4 4 4 2 4 2 4 2 2 4 4 4
 2 2 4 2 2 4 4 2 2 2 2 5 4 4 2 2 2 2 2 2 5 4 4 2 4 2 2 4 4 2 2 2 2 5 4 2 4
 4 2 2 2 2 2 2 2 2 2 2 4 2 2 2 2 4 4 2 2 2 2 2 2 2 2 4 2 2 2 2 2 4 2 4 2 4
 2 2 4 5 5 3 3 3 4 5 3 5 5 3 5 5 3 5 3 3 5 3 5 5 3 5 5 5 3 5 4 5 3 5 5 3 5
 1 1 2 2 1 1 1 1 1 0 1 2 1 1 1 1 1 1 0 1 1 1 0 1 1 2 4 2 2 2]
 ARI Score 23 : 0.408609466131
Minkowski score 23 : 0.755154349088
------------------------------------------------------------------------------------------------------------
chromosome 24 : [-2.38450228  0.75548715  1.5098912  -0.27885097 -0.02329661  2.2368696
 -1.56215002 -0.88859161  2.34563274  1.58868655  0.18087437  0.37815384
  0.27553366  0.13206864  0.0626397   0.14762005 -0.08313848  0.22903797
  0.13729908  0.17695348  0.01054232  0.1417736   0.14097795  0.12235497
  0.02302279 -0.63363821  0.13532252  0.09988327  0.12549427  0.16102248
  0.          0.          0.          0.          0.          0.          0.
  0.          0.          0.          0.          0.          0.          0.
  0.          0.          0.          0.          0.          0.          0.
  0.          0.          0.          0.          0.          0.          0.
  0.          0.          0.          0.          0.          0.          0.
  0.          0.          0.          0.          0.        ]
 Objectives (Sil) : 0.29195369955
 Objectives (PBM) : 6.8691020464
Cluster size 24 :5
Predicted Label for 24: [4 2 2 4 4 4 4 2 4 2 4 2 2 4 2 4 4 4 2 4 4 4 4 4 2 4 4 2 4 4 4 2 4 4 2 2 4
 4 2 4 2 4 2 2 2 4 4 4 4 4 4 4 4 2 4 2 4 2 4 4 4 4 2 2 2 4 2 4 2 4 4 2 2 2
 4 4 2 4 4 4 2 4 4 4 4 2 2 2 4 4 4 4 4 4 2 2 2 4 4 4 4 2 2 4 4 4 4 2 2 4 2
 2 4 4 4 4 4 4 4 4 4 4 4 4 4 4 4 4 2 4 4 4 4 2 4 4 4 2 4 4 4 4 4 2 4 2 4 2
 4 4 2 2 2 0 0 0 2 2 0 4 0 0 4 2 0 2 0 0 2 0 2 0 0 0 2 2 0 2 2 2 0 2 2 0 4
 3 1 4 4 3 3 3 1 1 1 1 4 3 1 3 3 3 3 3 3 3 1 1 3 1 4 3 4 4 4]
 ARI Score 24 : 0.366725143673
Minkowski score 24 : 0.778816211118
------------------------------------------------------------------------------------------------------------
chromosome 25 : [-0.34957722 -0.81208367 -0.2890007  -0.10460883  0.49202913  1.20567185
 -1.56215002 -0.88859161  3.85890334  1.31078417 -0.67400177 -0.41048156
 -0.47465195 -0.26354117 -0.27138854  0.43966942 -0.80729375 -0.49329995
 -0.26438246 -0.27403069 -0.94025365  1.17739333  0.68152434 -0.31401877
 -0.52175513  0.47826476 -0.01977417  0.04334818 -0.23950421 -0.24697142
  0.80671665 -0.98877858 -0.37353832  1.29126519  5.36532192 -0.04063189
  0.23665949 -0.2179776  -0.26025448 -0.31193003  0.72420783 -0.23925809
 -0.24944143 -0.26328231  0.09781178  2.2368696   1.82272839  1.35008983
 -0.30728842 -0.4996461  -2.38450228  2.47380301  3.29328098 -0.30456424
 -0.52855791  1.59976689 -1.5417485  -0.82792804  1.07387497  0.71568266
  0.          0.          0.          0.          0.          0.          0.
  0.          0.          0.        ]
 Objectives (Sil) : 0.241820346628
 Objectives (PBM) : 2.89017197512
Cluster size 25 :12
Predicted Label for 25: [ 5  8  8  3  7  7  5  8  7  5  3  5  8  3  8  3  3  3  8  3  7  7  5  7  8
  7  7  8  5  5  3  8  3  7  8  8  3  7  8  7  8  3  8  8  8  7  3  3  7  0
  4  5  3  8  7  8  7  8  5  3  7  7  8  8  8  7  8  7  5  7  7  8  8  8  3
  3  8  7  5  3  5  7  7  7  3  5  8  8  7  3  7  3  3  7  5  8  8  3  3  5
  3  8  5  7  3  3  5  5  8  7  5  8  3  3  7  7  7  3  3  3  7  7  3  3  7
  7  7  3  8  7  3  7  3  5  3  3  3  8  3  3  7  7  3  8  7  8  3  5  7  7
  9  5  5 10 10 10  9  4 10  4  2 10  4  5 10  4 10 10  4 10  4  2  2  2  4
  4 10  5  9  4  2  4  4 10  4 11  6  3  3  1 11 11  6  1  1  6  0 11  6 11
 11 11  0  1  0  0  1  1 11  6  0 11  7  0  7]
 ARI Score 25 : 0.215205016606
Minkowski score 25 : 0.878436658343
------------------------------------------------------------------------------------------------------------
chromosome 26 : [ 0.84094904  0.20231543 -0.16571667 -0.25416676 -0.20743026  1.40007798
 -1.32906776 -0.61522922  1.1009073   2.10464116 -1.571975    1.66759119
  1.77196819 -0.30785205 -0.52713368 -0.55345008 -0.33820069 -0.51443436
 -0.26413728 -0.33195757  0.01349353 -0.11710949 -0.31397773 -0.25230935
 -0.36147015  1.62829388  0.94102788  0.75715235 -0.28890015 -0.35457074
 -0.94547428 -0.5704587  -0.33479192 -0.24735628  0.07755762  0.32815484
 -0.67254695 -0.49650214 -0.24636567 -0.16040163 -0.18898085  0.22727033
  0.06245663 -0.26733366 -0.32411008  0.58019125 -0.15947154  0.26205934
 -0.27278204  0.01388279  0.15032427 -0.35377174 -0.21653989 -0.16718732
  0.25206107  1.05352792 -1.56215002 -0.94338451  3.94062898  1.8876437
  0.10685457  1.26415756 -0.2668599  -0.30495341 -0.40169995  0.          0.
  0.          0.          0.        ]
 Objectives (Sil) : 0.241416202628
 Objectives (PBM) : 3.66630568292
Cluster size 26 :14
Predicted Label for 26: [ 9  0  0  4  3  3  4  0  9 12  3  9  0  4 13  4  4  4  0  4  3  9  9  3  0
  3  9  0  9  4  4  0  4  3  0  0  4  9 13  9  0  4  0  0 13  4  4 13  9 10
  9  9  4 13  9  0  3  0  9  4  3  3  0  0 13  3  0  3  0  3  3  0 13 13  4
  4  0  3  9 13 12  3  3  3  4 12  0  0  9  4  9  4  4  3  9  0  0  4 13  4
  4  0  0  3  4  4  9 12  0  3 12  0  4  4  3  3  3  4  4  4  3  9 13  4  3
  4  3  4 13  3  4  9  4  4  4  4  4 13  4  4  3  3  4  0  3 13  4  0  3  3
  5 12 12  2  2  2  5  5  2  9  8  2  8 12  2  8  2  2  8  2  8  8  8  8 12
 12  2 12  5  9  8 12  9  2  9  6  1  3 13  6  7  7  1  6 11  1 10  7  1  7
  7  7 10 11 10 10  6 11  6  1 10  7  3  3  3]
 ARI Score 26 : 0.16948914141
Minkowski score 26 : 0.905036207378
------------------------------------------------------------------------------------------------------------
chromosome 27 : [-2.38450228 -0.74059248  1.62542233 -0.18935006  0.75629902 -0.07152141
 -1.23684952 -0.78100697  3.18172686 -0.51321695  0.          0.          0.
  0.          0.          0.          0.          0.          0.          0.
  0.          0.          0.          0.          0.          0.          0.
  0.          0.          0.          0.          0.          0.          0.
  0.          0.          0.          0.          0.          0.          0.
  0.          0.          0.          0.          0.          0.          0.
  0.          0.          0.          0.          0.          0.          0.
  0.          0.          0.          0.          0.          0.          0.
  0.          0.          0.          0.          0.          0.          0.
  0.        ]
 Objectives (Sil) : 0.59552039653
 Objectives (PBM) : 23.7696716353
Cluster size 27 :3
Predicted Label for 27: [2 2 2 2 2 2 2 2 2 2 2 2 2 2 2 2 2 2 2 2 2 2 2 2 2 2 2 2 2 2 2 2 2 2 2 2 2
 2 2 2 2 2 2 2 2 2 2 2 2 2 2 2 2 2 2 2 2 2 2 2 2 2 2 2 2 2 2 2 2 2 2 2 2 2
 2 2 2 2 2 2 2 2 2 2 2 2 2 2 2 2 2 2 2 2 2 2 2 2 2 2 2 2 2 2 2 2 2 2 2 2 2
 2 2 2 2 2 2 2 2 2 2 2 2 2 2 2 2 2 2 2 2 2 2 2 2 2 2 2 2 2 2 2 2 2 2 2 2 2
 2 2 2 2 2 0 0 0 2 0 0 2 0 0 2 2 0 2 0 0 2 0 2 0 0 0 2 2 0 2 2 2 0 2 2 0 2
 1 1 2 2 1 1 1 1 1 1 1 2 1 1 1 1 1 1 1 1 1 1 1 1 1 2 2 2 2 2]
 ARI Score 27 : 0.597404434301
Minkowski score 27 : 0.608959462019
------------------------------------------------------------------------------------------------------------
chromosome 28 : [-1.89952762  0.8642878   1.73275502 -0.31533475  0.27289262  0.88530361
 -1.56215002 -0.88859161  1.09095925  0.87126495  0.          0.          0.
  0.          0.          0.          0.          0.          0.          0.
  0.          0.          0.          0.          0.          0.          0.
  0.          0.          0.          0.          0.          0.          0.
  0.          0.          0.          0.          0.          0.          0.
  0.          0.          0.          0.          0.          0.          0.
  0.          0.          0.          0.          0.          0.          0.
  0.          0.          0.          0.          0.          0.          0.
  0.          0.          0.          0.          0.          0.          0.
  0.        ]
 Objectives (Sil) : 0.576878994045
 Objectives (PBM) : 5.22919548568
Cluster size 28 :2
Predicted Label for 28: [0 0 0 0 0 0 0 0 0 0 0 0 0 0 0 0 0 0 0 0 0 0 0 0 0 0 0 0 0 0 0 0 0 0 0 0 0
 0 0 0 0 0 0 0 0 0 0 0 0 0 0 0 0 0 0 0 0 0 0 0 0 0 0 0 0 0 0 0 0 0 0 0 0 0
 0 0 0 0 0 0 0 0 0 0 0 0 0 0 0 0 0 0 0 0 0 0 0 0 0 0 0 0 0 0 0 0 0 0 0 0 0
 0 0 0 0 0 0 0 0 0 0 0 0 0 0 0 0 0 0 0 0 0 0 0 0 0 0 0 0 0 0 0 0 0 0 0 0 0
 0 0 0 0 0 0 0 0 0 0 0 0 0 0 0 0 0 0 0 0 0 0 0 0 0 0 0 0 0 0 0 0 0 0 0 0 0
 1 1 0 0 1 1 1 1 1 1 1 0 1 1 1 1 1 1 1 1 1 1 1 1 1 0 1 0 0 0]
 ARI Score 28 : 0.394202266502
Minkowski score 28 : 0.741246887327
------------------------------------------------------------------------------------------------------------
chromosome 29 : [ 0.06666561  0.20787856 -0.34110565 -0.2446835  -0.18738292 -0.40551248
 -0.67846675 -0.40005993 -0.25344565 -0.18756857  1.63590107 -1.48267279
 -0.76100242  1.18502185  0.76462623 -1.24976214  1.33663998  0.30511091
 -0.30456424 -0.54094869  0.72445578 -0.0727939   0.01714966 -0.24689456
 -0.11602202  0.71543029 -0.98735935 -0.34066258  1.10928942  4.77469486
 -1.91327872  2.07700822  2.66120571 -0.30728842 -0.51960902  1.041453
 -1.65237289 -1.00153208  4.49584447  1.41089379  0.94364619 -0.99090744
 -0.42285194  1.56422884  6.25126251 -0.7927791   0.09897343 -0.11196177
 -0.27246619 -0.37376298  0.          0.          0.          0.          0.
  0.          0.          0.          0.          0.          0.          0.
  0.          0.          0.          0.          0.          0.          0.
  0.        ]
 Objectives (Sil) : 0.21806909893
 Objectives (PBM) : 3.76731620659
Cluster size 29 :13
Predicted Label for 29: [10  4  4  1  1  1 10  4 10 10  1 10  4 10  4 10 10  1  4  1  9  9 10  9  4
  9 10  4 10 10  4  4  1  9  4  4 10 10  4  9  4 10  4  4  4 10 10  4  9  4
  9 10 10  4 10 10  9  4 10 10  9  9 10  4  4  1  4  9 10  1  9  4  4  4 10
 10  4  9 10  4  3  9  9  9 10 10  4  4  9  1 10  1 10  9 10 10 10 10  4 10
 10  4 10  1 10 10 10 10  4  9  3  4 10  1  9  9  9  1 10  1  1  9  4 10  1
  1  9 10  4  1  1  9 10 10  1 10  1  4  1  1  1  1  1  4  9  4  1 10  1  1
 12  3  3  6  6  6 12  3  6  9  0  6  0  3  6  0  6  6  0  6  0  3  0  0  3
  3  6  3 12  0  0  3  0  6  9  2  5  1  1  7  2  2  8  2 11  8  1  2  8  2
  2  2  2  7  2  5  7  7  2  5  1  2  1  1  1]
 ARI Score 29 : 0.216141140002
Minkowski score 29 : 0.877876847351
------------------------------------------------------------------------------------------------------------
chromosome 30 : [-0.48328591  0.48102739  1.68463484  0.51916133 -0.12742399 -0.16386828
  1.54039697  1.08881548  0.038433    0.35712632  1.51031271 -1.53984774
  0.93662839  3.82823691  2.78541654  0.41114243 -0.74608919 -0.59897198
  0.29748135  1.26397457  0.          0.          0.          0.          0.
  0.          0.          0.          0.          0.          0.          0.
  0.          0.          0.          0.          0.          0.          0.
  0.          0.          0.          0.          0.          0.          0.
  0.          0.          0.          0.          0.          0.          0.
  0.          0.          0.          0.          0.          0.          0.
  0.          0.          0.          0.          0.          0.          0.
  0.          0.          0.        ]
 Objectives (Sil) : 0.296909196636
 Objectives (PBM) : 6.21943405234
Cluster size 30 :6
Predicted Label for 30: [4 5 5 4 4 4 4 5 4 4 4 5 5 4 5 4 4 4 5 4 4 4 4 4 5 4 4 5 4 4 5 5 4 4 5 5 4
 4 5 4 5 4 5 5 5 4 4 5 4 5 0 4 4 5 4 5 4 5 4 4 4 4 5 5 5 4 5 4 5 4 4 5 5 5
 4 4 5 4 4 4 5 4 4 4 4 5 5 5 4 4 4 4 4 4 5 5 5 4 4 4 4 5 5 4 4 4 4 5 5 4 5
 5 4 4 4 4 4 4 4 4 4 4 5 4 4 4 4 5 5 4 4 4 4 5 4 4 4 5 4 4 4 4 4 5 4 5 4 5
 4 4 5 5 5 1 1 1 5 0 1 0 0 1 0 0 1 0 1 1 0 1 0 0 0 0 0 0 1 5 5 0 0 0 0 1 0
 3 2 4 4 3 3 3 2 2 2 2 4 3 2 3 3 3 3 3 3 3 2 2 3 2 4 3 4 4 4]
 ARI Score 30 : 0.412831497025
Minkowski score 30 : 0.752110236239
------------------------------------------------------------------------------------------------------------
chromosome 31 : [-0.65386508 -0.30207099 -0.31717991 -0.26058806 -0.11317185  0.2713345
 -0.45668007 -0.34383592 -0.00379914  0.7700179  -0.16232315  0.36255265
 -0.45265687 -0.24945181 -0.28391948 -0.56511445 -0.15178401 -0.32892125
 -0.24327    -0.46660402 -0.99911476  0.77112893  1.34376758 -0.30540245
 -0.47549997 -1.0437339  -0.46135492 -0.57255397 -0.27051188 -0.23066297
  1.09355271 -1.01094371 -0.46429195  1.14742805  0.46804933  0.57320879
  0.25817471 -0.35087244 -0.2454612  -0.22938349  0.84475264  0.46842222
  0.42604667 -0.26806011 -0.24584167 -0.4139458  -0.86563255 -0.5935529
 -0.2481945  -0.05707294 -0.43832784 -0.77447391 -0.02364651 -0.27732235
 -0.12172738 -1.34326726  2.17044127  1.10058644 -0.30524528 -0.52804163
  0.          0.          0.          0.          0.          0.          0.
  0.          0.          0.        ]
 Objectives (Sil) : 0.289261325095
 Objectives (PBM) : 3.70954979351
Cluster size 31 :14
Predicted Label for 31: [ 0 10 10  0  0  0  0 10  0  0  0 10 10  0 10  0  0  0 10  0  0  0  0  0 10
  0  0 10  0  0 10 10  0  0 10 10  0  0 10  0 10  0 10 10 10  0  0 10  0 10
 13  0  0 10  0 10  0 10  0  0  0  0 10 10 10  0 10  0 10  0  0 10 10 10  0
  0 10  0  0  0 10  0  0  0  0  0 10 10  0  0  0  0  0  0 10 10 10  0  0  0
  0 10 10  0  0  0  0 10 10  0 10 10  0  0  0  0  0  0  0  0  0  0 10  0  0
  0  0 10 10  0  0  0  0 10  0  0  0 10  0  0  0  0  0 10  0 10  0 10  0  0
 10 10 10  8  8  3 10 13  8 13 13  8 13 13  8 13  5  8 13 11 13 13 13 13 13
 13  8 10 10 13 13 13 13  8 13  9  7  0  0  9 12  9  6 12  1  2 12  9  6  9
  9  9 12  4 12 12  9  4  9  7  0  9  0  0  0]
 ARI Score 31 : 0.416939791486
Minkowski score 31 : 0.749764403799
------------------------------------------------------------------------------------------------------------
chromosome 32 : [-1.85288736 -1.11546114  1.54408042 -0.22948044  0.74547408  1.32747578
 -1.56215002 -0.88859161  3.85890334  0.45517348  0.          0.          0.
  0.          0.          0.          0.          0.          0.          0.
  0.          0.          0.          0.          0.          0.          0.
  0.          0.          0.          0.          0.          0.          0.
  0.          0.          0.          0.          0.          0.          0.
  0.          0.          0.          0.          0.          0.          0.
  0.          0.          0.          0.          0.          0.          0.
  0.          0.          0.          0.          0.          0.          0.
  0.          0.          0.          0.          0.          0.          0.
  0.        ]
 Objectives (Sil) : 0.273512613927
 Objectives (PBM) : 7.86222040729
Cluster size 32 :4
Predicted Label for 32: [2 3 3 2 2 2 2 3 2 2 2 2 3 2 3 2 2 3 3 3 2 2 2 2 3 2 2 3 2 2 3 3 2 2 3 3 2
 2 3 2 3 2 3 3 3 2 2 3 2 3 2 2 3 3 2 2 2 3 2 2 2 2 3 3 3 2 3 2 2 2 2 3 3 3
 2 2 3 2 2 3 3 2 2 2 2 2 3 3 2 2 2 2 2 2 2 3 2 2 3 2 2 3 2 2 2 2 2 2 3 2 3
 3 2 2 2 2 2 2 2 2 2 2 3 2 2 2 2 3 3 2 2 2 2 2 3 2 3 3 2 2 2 2 2 3 2 3 3 2
 2 2 3 2 2 0 0 0 3 2 0 2 0 0 2 2 0 2 0 0 2 0 2 0 0 0 2 2 0 2 3 2 0 2 2 0 2
 1 1 2 3 1 3 3 1 1 1 1 3 1 1 3 3 3 3 1 1 1 1 1 1 1 3 3 2 2 2]
 ARI Score 32 : 0.27808066905
Minkowski score 32 : 0.82970259179
------------------------------------------------------------------------------------------------------------
chromosome 33 : [-0.75962366  0.1552989  -0.32405289 -0.27380084 -0.28245491  0.62180326
  0.95290034  0.26266146 -0.26894024 -0.37542061  0.14025202 -0.11677907
 -0.22954945 -0.2159949  -0.03947478  0.77394719  0.04813724  0.12718451
 -0.27459817 -0.21052795  0.23364118 -0.57932893 -0.47373106 -0.2201144
 -0.20364419 -0.34957722 -0.96163569 -0.73986802 -0.27255503 -0.19968602
  1.2583075  -1.42441959 -0.74947456  2.26261162  2.01586947 -0.63732769
  0.00826572  0.35054478 -0.27459817 -0.42925211  0.94998552 -0.46224194
 -0.06474118 -0.27596026  0.18907462 -2.42426717  2.53041119  3.44218247
 -0.3058025  -0.52592956  0.          0.          0.          0.          0.
  0.          0.          0.          0.          0.          0.          0.
  0.          0.          0.          0.          0.          0.          0.
  0.        ]
 Objectives (Sil) : 0.229613688673
 Objectives (PBM) : 4.03374539541
Cluster size 33 :8
Predicted Label for 33: [4 1 1 5 4 5 4 1 4 2 5 1 1 5 1 5 5 5 1 5 4 4 4 4 1 4 4 1 4 4 5 1 5 4 1 1 5
 4 1 4 1 4 1 1 1 4 4 5 4 5 4 4 5 5 4 1 4 1 4 5 4 4 1 1 5 5 1 4 1 4 4 1 1 1
 5 4 1 4 4 5 2 4 4 4 5 2 1 1 4 5 4 5 5 4 2 1 1 5 5 4 4 1 1 5 5 5 4 2 1 4 2
 1 4 5 4 4 4 5 5 5 4 4 5 5 4 4 4 5 1 4 5 4 5 4 5 5 5 1 5 5 4 4 5 1 4 1 5 1
 4 4 1 2 2 0 0 0 1 2 0 7 7 0 7 2 0 7 0 0 7 0 7 7 7 7 2 2 0 2 1 7 7 2 2 0 4
 3 6 5 5 3 3 3 6 6 6 6 5 3 6 3 3 3 5 3 3 6 6 6 3 6 5 3 5 5 5]
 ARI Score 33 : 0.244911941076
Minkowski score 33 : 0.859389186971
------------------------------------------------------------------------------------------------------------
chromosome 34 : [ 1.74240182 -0.24988031 -0.73786807 -0.20123553  0.09721088  0.43940876
 -0.87855574 -0.76854233  2.34866603  1.69944862  1.16059618 -1.6827851
 -1.23300414 -0.17575428  0.1234023  -0.42564918 -0.74608919 -0.03538784
 -0.27459817 -0.02466629  0.          0.          0.          0.          0.
  0.          0.          0.          0.          0.          0.          0.
  0.          0.          0.          0.          0.          0.          0.
  0.          0.          0.          0.          0.          0.          0.
  0.          0.          0.          0.          0.          0.          0.
  0.          0.          0.          0.          0.          0.          0.
  0.          0.          0.          0.          0.          0.          0.
  0.          0.          0.        ]
 Objectives (Sil) : 0.263419913022
 Objectives (PBM) : 5.64121518447
Cluster size 34 :7
Predicted Label for 34: [3 0 0 3 3 3 0 0 3 3 3 0 0 0 0 3 3 0 0 0 3 3 3 3 0 3 3 0 3 0 0 0 0 3 0 0 0
 3 0 3 0 3 0 0 0 3 3 0 3 0 3 3 0 0 3 0 3 0 3 0 3 3 0 0 0 3 0 3 0 3 3 0 0 0
 0 3 0 3 3 0 4 3 3 3 0 4 0 0 3 3 3 3 0 3 4 0 0 3 0 3 3 0 0 3 0 0 3 4 0 3 4
 0 3 3 3 3 3 0 0 0 3 3 0 0 3 3 3 0 0 3 3 3 0 0 0 3 0 0 3 3 3 3 3 0 3 0 0 0
 3 3 4 4 4 6 6 5 4 4 5 3 6 6 3 4 6 4 5 6 4 5 4 6 6 6 4 4 6 4 4 4 6 4 4 6 3
 2 1 3 0 2 2 2 1 1 1 1 0 2 1 2 2 2 2 2 2 1 1 1 2 1 0 2 3 3 3]
 ARI Score 34 : 0.365109874422
Minkowski score 34 : 0.784058705759
------------------------------------------------------------------------------------------------------------

------------------------------------------------------------------------------------------------------------

------------------------------------------------------------------------------------------------------------

 Maximum ari for 2th chromosome : 0.792283177347

 Minkowski score corresponding to maximum ARI : 0.441775865806
Final label corresponding to max ARI for 2 chromosome : [4 4 4 4 4 4 4 4 4 4 4 4 4 4 4 4 4 4 4 4 4 4 4 4 4 4 4 4 4 4 4 4 4 4 4 4 4
 4 4 4 4 4 4 4 4 4 4 4 4 4 3 4 4 4 4 4 4 4 4 4 4 4 4 4 4 4 4 4 4 4 4 4 4 4
 4 4 4 4 4 4 3 4 4 4 4 4 4 4 4 4 4 4 4 4 3 4 4 4 4 4 4 4 4 4 4 4 4 3 4 4 3
 4 4 4 4 4 4 4 4 4 4 4 4 4 4 4 4 4 4 4 4 4 4 4 4 4 4 4 4 4 4 4 4 4 4 4 4 4
 4 4 3 3 3 0 0 0 3 3 0 3 3 0 3 3 0 3 0 0 3 0 3 3 0 3 3 3 0 3 3 3 0 3 3 0 4
 2 2 4 4 1 2 2 2 2 1 2 2 2 2 2 2 2 2 1 2 2 2 1 2 2 4 2 4 4 4]
Actual label of data : [ 1.  1.  1.  1.  1.  1.  1.  1.  1.  1.  1.  1.  1.  1.  1.  1.  1.  1.
  1.  1.  1.  1.  1.  1.  1.  1.  1.  1.  1.  1.  1.  1.  1.  1.  1.  1.
  1.  1.  1.  1.  1.  1.  1.  1.  1.  1.  1.  1.  1.  1.  1.  1.  1.  1.
  1.  1.  1.  1.  1.  1.  1.  1.  1.  1.  1.  1.  1.  1.  1.  1.  1.  1.
  1.  1.  1.  1.  1.  1.  1.  1.  1.  1.  1.  1.  1.  1.  1.  1.  1.  1.
  1.  1.  1.  1.  1.  1.  1.  1.  1.  1.  1.  1.  1.  1.  1.  1.  1.  1.
  1.  1.  1.  1.  1.  1.  1.  1.  1.  1.  1.  1.  1.  1.  1.  1.  1.  1.
  1.  1.  1.  1.  1.  1.  1.  1.  1.  1.  1.  1.  1.  1.  1.  1.  1.  1.
  1.  1.  1.  1.  1.  1.  2.  2.  2.  2.  2.  2.  2.  2.  2.  2.  2.  2.
  2.  2.  2.  2.  2.  2.  2.  2.  2.  2.  2.  2.  2.  2.  2.  2.  2.  2.
  2.  2.  2.  2.  2.  3.  3.  3.  3.  3.  3.  3.  3.  3.  3.  3.  3.  3.
  3.  3.  3.  3.  3.  3.  3.  3.  3.  3.  3.  3.  3.  3.  3.  3.  3.]
 No of clusters detected automatically : 3
 For chromosome : 2
