chromosome 0 : [ 4.04584862  4.82020288  2.81420885  2.98852992 -2.50465059  1.88788369
  0.          0.          0.          0.          0.          0.          0.
  0.          0.          0.          0.          0.          0.          0.
  0.          0.          0.          0.          0.          0.          0.
  0.          0.          0.          0.          0.          0.          0.
  0.          0.          0.          0.          0.          0.          0.
  0.          0.          0.          0.          0.          0.          0.
  0.          0.          0.          0.          0.          0.          0.
  0.          0.          0.          0.          0.        ]
 Objectives (Sil) : 0.473173715319
 Objectives (PBM) : 158.080314444
Cluster size 0 :4
Predicted Label for 0: [2 2 2 2 2 2 3 2 3 3 2 2 2 2 2 2 3 2 3 2 2 2 3 3 3 3 3 3 2 2 3 2 2 2 2 3 2
 3 3 3 3 3 2 2 3 2 2 3 3 2 2 3 2 3 3 3 3 2 2 2 2 2 2 3 3 2 3 3 3 3 2 2 2 2
 3 3 2 2 2 3 2 3 2 3 3 3 3 2 3 3 2 3 3 3 2 2 3 2 3 2 1 1 1 1 1 1 1 1 1 1 1
 1 1 1 1 1 1 1 1 1 1 1 1 1 1 1 1 1 1 1 1 1 1 1 1 1 1 1 1 1 1 1 1 1 1 1 1 1
 1 1 1 1 1 1 1 1 1 1 1 1 1 1 1 1 1 1 1 1 1 1 1 1 1 1 1 1 1 1 1 1 1 1 1 1 1
 1 1 1 1 1 1 1 1 1 1 1 1 1 1 1 0 0 0 0 0 0 0 0 0 0 0 0 0 0 0 0 0 0 0 0 0 0
 0 0 0 0 0 0 0 0 0 0 0 0 0 0 0 0 0 0 0 0 0 0 0 0 0 0 0 0 0 0 0 0 0 0 0 0 0
 0 0 0 0 0 0 0 0 0 0 0 0 0 0 0 0 0 0 0 0 0 0 0 0 0 0 0 0 0 0 0 0 0 0 0 0 0
 0 0 0 0 0 0 0 0 0 0 0 0 0 0 0 0 0 0 0 0 0 0 0 0 0 0 0 0 0 0 0 0 0 0 0 0 0
 0 0 0 0 0 0 0 0 0 0 0 0 0 0 0 0 0 0 0 0 0 0 0 0 0 0 0 0 0 0 0 0 0 0 0 0 0
 0 0 0 0 0 0 0 0 0 0 0 0 0 0 0 0 0 0 0 0 0 0 0 0 0 0 0 0 0 0]
 ARI Score 0 : 0.627769513722
Minkowski score 0 : 0.794266067422
------------------------------------------------------------------------------------------------------------
chromosome 1 : [ -1.64502997  -0.62875     -0.495       10.18604914   7.63837685
   8.97063847   0.           0.           0.           0.           0.           0.
   0.           0.           0.           0.           0.           0.           0.
   0.           0.           0.           0.           0.           0.           0.
   0.           0.           0.           0.           0.           0.           0.
   0.           0.           0.           0.           0.           0.           0.
   0.           0.           0.           0.           0.           0.           0.
   0.           0.           0.           0.           0.           0.           0.
   0.           0.           0.           0.           0.           0.        ]
 Objectives (Sil) : 0.293358022106
 Objectives (PBM) : 259.901142011
Cluster size 1 :11
Predicted Label for 1: [ 4 10  2 10 10 10  2  4  2  2  4 10 10  4  4  4  2  4  3 10  4  3  2  2  4
  4  2  2 10 10  2  4 10  3  3  2  2  2  4  3  3  2 10 10  3 10  4  3  4  2
 10  2 10  2  2  2  3  4 10 10  4  2 10  2  3  3  2  2  2  2 10 10  2  2  4
  3  4 10  4  3  2  3 10  2  2  3  2 10  3  4 10  2  4  2 10  2  2  4  2 10
  7  8  7  7  0  7  7  8  7  8  0  8  0  8  7  7  8  7  0  8  0  0  7  8  7
  8  7  8  0  7  8  0  7  7  0  0  7  0  0  8  8  7  8  0  7  0  8  7  0  7
  0  7  7  7  0  0  8  0  7  0  8  7  8  8  8  8  7  0  7  7  0  8  7  8  8
  8  8  7  8  8  0  7  0  7  8  7  8  7  7  7  8  7  8  7  0  7  7  0  8  0
  1  9  9  9  1  1  1  9  1  1  9  9  9  9  1  1  9  9  1  9  9  9  1  1  9
  1  9  1  9  9  9  9  9  9  1  9  9  1  9  1  1  1  1  1  1  9  9  9  1  1
  9  1  1  9  9  9  9  1  1  1  1  9  9  9  1  1  9  9  9  9  1  9  1  1  9
  1  9  9  1  1  9  1  9  9  1  1  9  9  9  1  1  9  1  1  9  1  9  9  1  9
  5  5  6  6  5  6  5  5  5  5  6  5  6  6  6  5  6  5  6  6  5  5  6  6  6
  5  6  5  5  5  5  5  5  5  5  6  5  5  5  6  5  6  6  6  5  6  6  5  6  5
  5  6  6  6  6  5  6  5  6  5  5  6  6  6  6  5  5  5  6  6  5  5  5  5  5
  6  5  5  6  6  5  5  5  6  6  6  5  5  6  5  5  5  5  6  5  5  6  5  6  6]
 ARI Score 1 : 0.499889032981
Minkowski score 1 : 0.775052947035
------------------------------------------------------------------------------------------------------------
chromosome 2 : [  6.336287     7.57554054   6.80409266  14.12627717  16.11288043
  15.34641304   5.55903939   5.43107576   5.65447576   4.60960448
   2.49750995   4.77335199   5.84026117   5.82533315   4.14319675
  10.60322715  11.94385753  12.84873118   7.56180805   7.65191772
   8.00943578   8.34018981   7.35100105   7.91721318   0.           0.           0.
   0.           0.           0.           0.           0.           0.           0.
   0.           0.           0.           0.           0.           0.           0.
   0.           0.           0.           0.           0.           0.           0.
   0.           0.           0.           0.           0.           0.           0.
   0.           0.           0.           0.           0.        ]
 Objectives (Sil) : 0.475722862988
 Objectives (PBM) : 112.612003323
Cluster size 2 :5
Predicted Label for 2: [0 0 0 0 0 0 2 0 2 2 0 0 0 0 0 0 2 0 3 0 0 3 2 2 3 0 2 2 0 0 2 0 0 3 3 2 0
 2 2 2 2 2 0 0 3 0 0 3 3 0 0 2 0 2 2 2 3 0 0 3 0 0 0 2 3 3 2 2 2 2 0 0 0 0
 3 3 0 0 3 3 0 3 0 2 2 3 2 0 3 0 0 2 3 2 0 2 2 0 2 0 4 4 4 4 4 4 4 4 4 4 4
 4 4 4 4 4 4 4 4 4 4 4 4 4 4 4 4 4 4 4 4 4 4 4 4 4 4 4 4 4 4 4 4 4 4 4 4 4
 4 4 4 4 4 4 4 4 4 4 4 4 4 4 4 4 4 4 4 4 4 4 4 4 4 4 4 4 4 4 4 4 4 4 4 4 4
 4 4 4 4 4 4 4 4 4 4 4 4 4 4 4 1 1 1 1 1 1 1 1 1 1 1 1 1 1 1 1 1 1 1 1 1 1
 1 1 1 1 1 1 1 1 1 1 1 1 1 1 1 1 1 1 1 1 1 1 1 1 1 1 1 1 1 1 1 1 1 1 1 1 1
 1 1 1 1 1 1 1 1 1 1 1 1 1 1 1 1 1 1 1 1 1 1 1 1 1 1 1 1 1 1 1 1 1 1 1 1 1
 1 1 1 1 1 1 1 1 1 1 1 1 1 1 1 1 1 1 1 1 1 1 1 1 1 1 1 1 1 1 1 1 1 1 1 1 1
 1 1 1 1 1 1 1 1 1 1 1 1 1 1 1 1 1 1 1 1 1 1 1 1 1 1 1 1 1 1 1 1 1 1 1 1 1
 1 1 1 1 1 1 1 1 1 1 1 1 1 1 1 1 1 1 1 1 1 1 1 1 1 1 1 1 1 1]
 ARI Score 2 : 0.604721205605
Minkowski score 2 : 0.814514790188
------------------------------------------------------------------------------------------------------------
chromosome 3 : [  1.34625     -0.14        -0.495       13.83565217  15.41347826
  14.07478261   0.55870968  -0.10677419   0.65516129  -0.26964286
   0.89607143   0.27857143  -1.12083333   0.1725      -0.7125      14.815
  13.959       13.669       15.39090909  13.44227273  14.98636364
  11.09681818   9.23772727  10.52409091  10.19777778  11.41777778
  10.42777778   8.57862069   9.43        10.15275862  14.69916667
  15.17916667  16.8425       5.11706897   5.02293103   4.2112069   16.486
  16.61133333  15.55733333   0.18        -0.93809524  -0.83285714
   4.3597619    5.6097619    5.99809524  12.2         10.87         9.96142857
   8.70866667  10.97533333   9.94133333  17.12666667  14.76        14.26
  10.48055556   9.92111111   9.69388889   0.           0.           0.        ]
 Objectives (Sil) : 0.273785167297
 Objectives (PBM) : 153.798688232
Cluster size 3 :18
Predicted Label for 3: [ 0  0  0  0  0  0  0  0  4  4  0  0  0  0  0  0  0  0  4  0  0  4  0  0  4
  4  0  4  0  0  0  0  0  4  4  4  0  0  4  4  4  4  0  0  4  0  0  4  4  0
  0  0  0  0  4  4  4  0  0  4  0  0  0  4  4  4  0  0  0  0  0  0  0  0  4
  4  0  0  4  4  0  4  0  0  0  4  0  0  4  0  0  0  4  0  0  0  0  0  0  0
  3  8  3  2  7  7  3  8  2  8  7  8  7  8  3  2  8  3  7  8 14 14  2  8  7
  8  3  8 14  3  8  7  3  3 14 14  2  7  7  8  8  2  8  3  2 14  8  3 14  2
 14  3  2  3 14  7  8  7  3 14  8  2  8  8  2  8  3 14  2  3  7  8  7  8  8
  8  3  2  8  8 14  2  7  2  2  2  2  3  2  3  8  2  8  2 14  2  3  7 14  7
 11  6 16  1  6 11 11  6  6  1 16  1  1 16 11  6  1  1 11 16 16 16 11 11  1
  6 16  6  1 16  1  1 16  1 11  1 16 11  1 11  1  6  6  6 11 16  1  1  6  6
 16 11 11 16 16 16 16 11 11 11 11 16 16  6 11 11  1  1  1 16 11 16 16 11  1
 11 16 16 11 11  6 11 16  6  6 11 16  6 16 16 16  1  6 11  6  6 16  1 11 16
 15 15 12 12 13  5  5 10 13 10 17 15  9 12 17 17  5 10  9  9 15 15 12  9  5
  5 17 15  5 13 10 10 15 10  9  9 17 15 13  9 10 17 12 12 10  5  5 10 12 15
 10 12  5  5  5 15 17 15 12 10 15  5 17 12  9 13  5 15 12 17 15 17  5  5 17
  9 17 15  9 17 13 15 13  5 17  9 15 15 17 10 15 10 13 12 15  5  9 10 12 12]
 ARI Score 3 : 0.379519220411
Minkowski score 3 : 0.843124300361
------------------------------------------------------------------------------------------------------------
chromosome 4 : [-1.64502997 -0.62875    -0.495      -1.36294693 -2.66435689 -4.52319902
 -0.72045455 -0.86444444 -0.40274549  8.26090882  7.90768607  9.39063988
  3.32106061  1.22590909  2.42416667  0.          0.          0.          0.
  0.          0.          0.          0.          0.          0.          0.
  0.          0.          0.          0.          0.          0.          0.
  0.          0.          0.          0.          0.          0.          0.
  0.          0.          0.          0.          0.          0.          0.
  0.          0.          0.          0.          0.          0.          0.
  0.          0.          0.          0.          0.          0.        ]
 Objectives (Sil) : 0.552372350687
 Objectives (PBM) : 303.29229377
Cluster size 4 :8
Predicted Label for 4: [6 2 7 2 2 2 7 7 5 5 6 2 2 6 6 6 7 6 0 2 6 0 7 5 6 6 7 5 2 2 7 6 2 0 0 5 7
 7 5 5 5 5 2 2 0 2 6 5 6 7 2 7 2 7 5 5 0 6 2 0 6 7 2 7 0 0 7 7 7 7 2 2 7 7
 6 0 6 2 6 0 7 0 2 7 7 0 7 2 0 6 2 7 6 7 2 2 7 6 5 2 4 4 4 4 4 4 4 4 4 4 4
 4 4 4 4 4 4 4 4 4 4 4 4 4 4 4 4 4 4 4 4 4 4 4 4 4 4 4 4 4 4 4 4 4 4 4 4 4
 4 4 4 4 4 4 4 4 4 4 4 4 4 4 4 4 4 4 4 4 4 4 4 4 4 4 4 4 4 4 4 4 4 4 4 4 4
 4 4 4 4 4 4 4 4 4 4 4 4 4 4 4 3 3 3 3 3 3 3 3 3 3 3 3 3 3 3 3 3 3 3 3 3 3
 3 3 3 3 3 3 3 3 3 3 3 3 3 3 3 3 3 3 3 3 3 3 3 3 3 3 3 3 3 3 3 3 3 3 3 3 3
 3 3 3 3 3 3 3 3 3 3 3 3 3 3 3 3 3 3 3 3 3 3 3 3 3 3 3 3 3 3 3 3 3 3 3 3 3
 3 3 3 3 1 1 1 1 1 1 1 1 1 1 1 1 1 1 1 1 1 1 1 1 1 1 1 1 1 1 1 1 1 1 1 1 1
 1 1 1 1 1 1 1 1 1 1 1 1 1 1 1 1 1 1 1 1 1 1 1 1 1 1 1 1 1 1 1 1 1 1 1 1 1
 1 1 1 1 1 1 1 1 1 1 1 1 1 1 1 1 1 1 1 1 1 1 1 1 1 1 1 1 1 1]
 ARI Score 4 : 0.859183896995
Minkowski score 4 : 0.444665349142
------------------------------------------------------------------------------------------------------------
chromosome 5 : [ 14.39613636  15.50818182  15.93522727   9.015        9.92306452
  10.15274194  15.688       13.3864      15.3232      14.676       16.25
  12.972        4.77169014   4.88760563   4.45802817  -0.42666667
  -0.82888889  -1.05666667  14.842       14.74133333  13.54066667
  11.32736842  10.09289474  10.09684211   0.25148936   0.47382979
   0.57340426   4.86586207   6.20413793   6.19482759  16.92363636
  15.67909091  14.64090909  -1.31         0.116875    -0.21625      0.85178571
  -0.4875      -0.56678571   0.           0.           0.           0.           0.
   0.           0.           0.           0.           0.           0.           0.
   0.           0.           0.           0.           0.           0.           0.
   0.           0.        ]
 Objectives (Sil) : 0.275069514655
 Objectives (PBM) : 166.373206508
Cluster size 5 :14
Predicted Label for 5: [ 9 12 12 13 13 13 12  9  5  5  9 13 13  9  9  9 12  9  8 13  9 11 12 12  8
  8 12  5 13 13 12  9 13 11 11  5 12 12  8  5  5  5  9 13 11  9  9  5  8 12
 13 12 13 12  5  5 11  9 13 13  9 12  9 12 11 11 12 12 12 12 13 13 12 12  8
  5  9 13 11 11  9 11  9 12 12 11 12 13 11  8 13 12  8 12 13 12 12  9 12  9
  4  7  4  1  4  1  4  7  7  7  1  7  1  7  7  1  7  4  1  7  4  4  1  7  1
  7  4  7  4  4  7  1  1  4  4  4  7  1  1  7  7  1  7  4  7  4  7  7  7  7
  1  4  7  4  4  1  7  4  4  4  7  7  7  7  7  7  4  4  4  4  1  7  1  7  7
  7  4  1  7  7  4  7  1  7  7  1  7  4  7  4  7  4  7  7  4  7  1  1  4  4
 10 10  6  6 10 10 10  6 10 10  6  6  6 10 10 10  6  6 10 10  6  6 10 10  6
 10 10 10  6  6  6  6  6  6 10  6  6 10  6 10 10 10 10 10 10  6  6  6 10 10
  6 10 10  6  6  6  6 10 10 10 10  6  6  6 10 10  6  6  6 10 10  6 10 10  6
 10  6  6 10 10  6 10  6  6 10 10  6 10  6 10 10  6 10 10  6 10  6  6 10  6
  3  3  0  0  2  3  3  2  2  2  0  3  0  0  0  3  3  2  2  2  3  3  0  0  3
  3  0  3  3  2  2  2  3  2  2  0  3  3  3  0  2  3  0  0  2  3  3  2  0  3
  2  0  0  3  3  3  3  3  0  2  3  3  0  0  2  2  3  3  0  0  3  3  3  3  2
  2  3  3  0  3  2  3  2  3  0  0  3  3  0  2  3  2  2  0  3  3  0  2  0  0]
 ARI Score 5 : 0.442532975693
Minkowski score 5 : 0.809008621397
------------------------------------------------------------------------------------------------------------
chromosome 6 : [ 10.82666667   9.41222222  10.83962963   0.89611111  -0.44222222
  -0.37166667   0.30357143   0.59321429  -0.87107143  -0.66325     -0.10325
   0.4655       3.83333333   5.72066667   6.10866667   5.302        6.578
   4.4845       8.61485714   9.96285714  10.36514286  14.02928571
  15.50785714  16.01464286   4.69153846   4.79923077   2.80769231
  16.01692308  16.98692308  15.78692308  17.075       15.545       15.63833333
  15.891       15.685       13.339        5.83         3.58         3.72
   4.92933333   6.63         5.76666667  10.83066667   9.372        8.948
  15.00930233  13.64395349  14.70674419  10.13347826  11.10217391
   9.71652174   4.72419355   4.07258065   5.46870968   0.91214286
  -0.10642857   0.755        0.           0.           0.        ]
 Objectives (Sil) : 0.294708783648
 Objectives (PBM) : 153.876579034
Cluster size 6 :16
Predicted Label for 6: [ 4  4 12  4  4  4 12 12  2  2  4  4  4 12 12 12 12 12  3  4 12  3 12  2  3
 12  2  2  4  4  2 12  4  3  3  2 12 12  2  2  2  2  4  4  3  4 12  3  3 12
  4  2  4  2  2  2  3  4  4  4 12 12 12  2  3  3 12  2  2  2  4  4  4 12  3
  3 12  4  3  3 12  3  4 12 12  3 12  4  3 12  4 12  3 12  4  4  2 12  2  4
  0 13  0  0  8  8  0 13  0 13  8 15  8 15  0  0 13  0  8 13  8  8 15 13  0
 13  0 13  8  0 13  8  0  0  8 13  0  8  8 13 13  0 13  8 15  8 13  0  8  0
  8  0  0  0  8  8 13  8  0  8 13 15 13 13 13 13  0  8 15  0  8 13  0 13 13
 13 13  0 13 13  8  0  8 15 15  0 15  0 15  0 13  0 15 15  8 15  0  8 13  8
  9  6  6  6  9  9  9  6  9  9  6  6  6  6  9  9  6  6  9  9  6  6  9  9  6
  9  9  9  6  6  6  6  6  6  9  6  6  9  6  9  9  6  9  9  9  6  6  6  9  9
  6  9  9  6  6  6  6  9  9  9  9  6  6  6  9  9  6  6  6  9  9  6  9  9  6
  9  6  6  9  9  6  9  6  6  9  9  6  6  6  9  9  6  9  9  6  9  6  6  9  6
 10 10  7  7  1  5  5  1  5  1  7 10 14 11 11 11  5  1 14 14 10 10  7 14  5
  5 11 10  5  1  1  1 10  1  1 14 11 10  5 14  1  7  7  7  1  5  5  1  7 10
  1  7  7  5  5 10 11 10  7  1 10  5  7 14 14  1  5 10  7 11 10 10  5  5 11
 14 11 10 14  7  1 10  1  5 11 14 10 10 11  1 10  1  1 14 10  5 14  1  7  7]
 ARI Score 6 : 0.385638328654
Minkowski score 6 : 0.839943480542
------------------------------------------------------------------------------------------------------------
chromosome 7 : [ 14.89521739  14.5923913   13.8423913    4.404        5.214        5.99488889
  11.65230769   9.84846154  10.16961538   5.12218182   5.31472727
   4.11636364   0.1087       0.0303      -0.0189      15.2337037
  15.19648148  16.23148148   9.27581081  10.03648649  10.11810811   0.           0.
   0.           0.           0.           0.           0.           0.           0.
   0.           0.           0.           0.           0.           0.           0.
   0.           0.           0.           0.           0.           0.           0.
   0.           0.           0.           0.           0.           0.           0.
   0.           0.           0.           0.           0.           0.           0.
   0.           0.        ]
 Objectives (Sil) : 0.345230872773
 Objectives (PBM) : 251.228209468
Cluster size 7 :10
Predicted Label for 7: [4 9 9 4 9 9 4 4 8 9 4 9 9 4 4 4 9 4 8 9 4 8 4 9 8 4 9 8 9 9 9 4 9 8 8 8 9
 4 8 8 8 8 4 9 8 4 4 8 8 9 9 9 9 9 8 8 8 4 9 9 4 4 4 4 8 8 4 9 9 9 9 9 9 9
 8 8 4 9 4 8 4 8 4 4 4 8 4 9 8 4 9 9 8 4 9 9 9 4 9 4 1 6 1 3 3 3 1 6 1 6 3
 6 3 6 1 1 6 6 3 1 6 3 1 6 3 6 6 6 6 1 6 3 3 3 3 6 1 3 3 6 1 3 6 3 1 3 6 1
 6 1 3 1 1 1 3 3 6 3 3 3 6 1 1 6 1 6 3 3 1 3 3 6 3 6 6 6 6 1 6 6 6 1 3 1 1
 1 1 3 1 1 6 1 6 1 3 6 3 3 6 3 0 5 5 5 0 0 0 5 7 7 5 5 7 5 7 0 7 5 0 5 5 5
 0 0 5 0 5 5 5 5 5 7 5 5 0 5 5 0 5 7 7 7 7 0 0 5 5 5 0 0 5 0 0 5 5 5 5 0 7
 0 0 5 5 5 7 7 5 5 5 5 7 5 0 7 5 0 5 5 0 0 5 0 5 5 0 0 5 5 5 0 0 5 7 7 5 0
 5 5 0 5 2 2 2 2 2 2 2 2 2 2 2 2 2 2 2 2 2 2 2 2 2 2 2 2 2 2 2 2 2 2 2 2 2
 2 2 2 2 2 2 2 2 2 2 2 2 2 2 2 2 2 2 2 2 2 2 2 2 2 2 2 2 2 2 2 2 2 2 2 2 2
 2 2 2 2 2 2 2 2 2 2 2 2 2 2 2 2 2 2 2 2 2 2 2 2 2 2 2 2 2 2]
 ARI Score 7 : 0.612702454824
Minkowski score 7 : 0.698085404749
------------------------------------------------------------------------------------------------------------
chromosome 8 : [ 11.36674699  10.7446988   11.54        15.60163934  15.34098361
  14.58508197  -0.64548387  -0.09290323   0.35967742   5.74307692
   6.23376923   5.99053846  -0.08055556   1.06777778   0.69333333
  12.89730769  14.59846154  15.24192308   1.164375     0.526875    -0.133125
   0.39142857  -0.62114286  -0.66828571   0.           0.           0.           0.
   0.           0.           0.           0.           0.           0.           0.
   0.           0.           0.           0.           0.           0.           0.
   0.           0.           0.           0.           0.           0.           0.
   0.           0.           0.           0.           0.           0.           0.
   0.           0.           0.           0.        ]
 Objectives (Sil) : 0.443522883994
 Objectives (PBM) : 168.445265446
Cluster size 8 :12
Predicted Label for 8: [ 4  6  6  4  6  6  7  6  7  7  4  2  4  6  4  6  7  6  8  4  4  2  7  7  8
  8  7  7  2  6  7  6  2  2  2  7  6  7  8  7  7  7  4  4  2  6  6  8  8  6
  2  7  2  7  7  7  2  4  6  2  6  6  6  7  2  4  7  7  7  7  2  6  7  6  8
  2  6  2  4  2  6  2  6  7  6  2  6  4  2  8  2  7  8  7  4  7  7  4  7  4
  3  3  3  3  3  3  3  3  3  3  3  3  3  3  3  3  3  3  3  3  3  3  3  3  3
  3  3  3  3  3  3  3  3  3  3  3  3  3  3  3  3  3  3  3  3  3  3  3  3  3
  3  3  3  3  3  3  3  3  3  3  3  3  3  3  3  3  3  3  3  3  3  3  3  3  3
  3  3  3  3  3  3  3  3  3  3  3  3  3  3  3  3  3  3  3  3  3  3  3  3  3
  0  0  0  0  0  0  0  0  0  0  0  0  0  0  0  0  0  0  0  0  0  0  0  0  0
  0  0  0  0  0  0  0  0  0  0  0  0  0  0  0  0  0  0  0  0  0  0  0  0  0
  0  0  0  0  0  0  0  0  0  0  0  0  0  0  0  0  0  0  0  0  0  0  0  0  0
  0  0  0  0  0  0  0  0  0  0  0  0  0  0  0  0  0  0  0  0  0  0  0  0  0
  9  1 11 11  5  1  1  5  5  5 10  1 11 11 10  9  1  5  5  5  9  9 11 11  1
  1  9  9  1  5  5  5  9  5  5 11 10  1  1 11  5 10 11 11  5  1 10  5 11  9
  9 11 10  1  1  9 10  9 11  9  1  1 11 11  5  5  1  9 11 10  1  9  1  1  9
  5  9  1 11 10  5  1  5  1 10 11  1  1  9  5  9  5  5 11  9  1 11  5 11 11]
 ARI Score 8 : 0.698380413699
Minkowski score 8 : 0.627484958973
------------------------------------------------------------------------------------------------------------
chromosome 9 : [-1.64502997 -0.62875    -0.495      -5.016      -4.901625   -5.0803
 -0.72045455 -0.86444444 -1.43       -1.221      -1.09125    -0.95875
 -1.12083333 -0.875      -1.35333333 -0.97047619 -0.82888889 -1.34
 -0.82961877 -0.21762673 -0.632      -0.0675     -0.88111111 -1.13384615
 -1.30294118 -0.5025     -1.24       -0.33       -0.64888889 -0.78481481
  0.         -0.22763158 -1.10666667  0.          0.          0.          0.
  0.          0.          0.          0.          0.          0.          0.
  0.          0.          0.          0.          0.          0.          0.
  0.          0.          0.          0.          0.          0.          0.
  0.          0.        ]
 Objectives (Sil) : 0.585416384644
 Objectives (PBM) : 461.460062723
Cluster size 9 :5
Predicted Label for 9: [2 2 2 2 2 2 2 2 2 2 2 2 2 2 2 2 2 2 2 2 2 2 2 2 2 2 2 2 2 2 2 2 2 2 2 2 2
 2 2 2 2 2 2 2 2 2 2 2 2 2 2 2 2 2 2 2 2 2 2 2 2 2 2 2 2 2 2 2 2 2 2 2 2 2
 2 2 2 2 2 2 2 2 2 2 2 2 2 2 2 2 2 2 2 2 2 2 2 2 2 2 3 0 0 3 3 3 0 0 0 0 3
 0 3 0 0 3 0 3 3 0 0 3 3 0 3 0 0 0 3 0 0 3 3 3 3 0 0 3 3 0 0 3 0 3 0 3 0 0
 0 0 3 3 0 0 3 3 0 3 3 3 0 0 0 0 0 0 3 3 3 3 3 0 3 0 0 0 0 3 0 0 3 0 3 0 0
 3 0 3 0 3 0 0 0 0 3 0 3 3 0 3 4 4 4 4 4 4 4 4 4 4 4 4 4 4 4 4 4 4 4 4 4 4
 4 4 4 4 4 4 4 4 4 4 4 4 4 4 4 4 4 4 4 4 4 4 4 4 4 4 4 4 4 4 4 4 4 4 4 4 4
 4 4 4 4 4 4 4 4 4 4 4 4 4 4 4 4 4 4 4 4 4 4 4 4 4 4 4 4 4 4 4 4 4 4 4 4 4
 4 4 4 4 1 1 1 1 1 1 1 1 1 1 1 1 1 1 1 1 1 1 1 1 1 1 1 1 1 1 1 1 1 1 1 1 1
 1 1 1 1 1 1 1 1 1 1 1 1 1 1 1 1 1 1 1 1 1 1 1 1 1 1 1 1 1 1 1 1 1 1 1 1 1
 1 1 1 1 1 1 1 1 1 1 1 1 1 1 1 1 1 1 1 1 1 1 1 1 1 1 1 1 1 1]
 ARI Score 9 : 0.913242009132
Minkowski score 9 : 0.353553390593
------------------------------------------------------------------------------------------------------------
chromosome 10 : [  3.47666667   5.05583333   5.8575       5.1775       7.1          4.898
   0.74666667   0.77        -0.50611111  14.63324324  14.96594595  16.58
   9.80416667   9.38111111   9.31583333   0.56069767  -0.60186047
  -0.20116279   9.9440625   10.32875     10.5903125    4.71631579
   5.31157895   3.55105263   5.486        3.767        3.285        5.25785714
   6.00785714   6.41142857   4.49666667   3.28083333   5.30166667  -0.9464
  -0.0676       0.4296       4.81461538   4.78461538   5.70923077
  -0.21571429   1.19571429   0.36642857  15.33920635  14.89079365
  14.28238095   0.           0.           0.           0.           0.           0.
   0.           0.           0.           0.           0.           0.           0.
   0.           0.        ]
 Objectives (Sil) : 0.3693605778
 Objectives (PBM) : 120.833255252
Cluster size 10 :15
Predicted Label for 10: [13  2  2 13 11 11  8  2  8  7 13  7 11  2 13  2  8  2  5 11 13  5  8  7  5
 13  8  7 11  2  8  2 11  5  5  7  2  8  8  5  7  8 13 11  5  2 13  5  5  2
 11  7 11  7  8  8  5 13 11 11  2  2  2  8  5 13  8  7  8  8 11 11  7  2  5
  5  2 11 13  5  2  5  2  8  8  5  8 11  5 13 11  8  5  8 11  7  7 13  7 13
  6  9  6 10  1 10  6  9 12  9  1  9  1  9  6 10  9  6  1 12  9  1 12  9 10
  9  6  9  1  6  9  1 10 10  1  9 12  1 10  9  9 10  9  6 12  1  9  6  9 12
  1  6 12  6  1  1  9  1  6  1  9 12  9  9 12  9  6  1 12 10  1  9 10  9  9
  9  6 10  9  9  6 12 10 12 12 10 12 10 12  6  9 12  9 12  1 12 10  1  9  1
  3  4  0  4  3  3  3  4  4  4  0  4  4  0  3  3  0  4  3  0  0  0  3  3  4
  3  0  4  4  4  4  4  0  0  3  0  0  3  4  3  3  4  4  3  3  0  0  0  3  3
  0  3  3  0  0  0  0  3  3  3  3  4  0  4  3  3  4  4  4  0  0  0  0  3  4
  3  0  4  3  3  4  3  0  4  3  3  4  4  0  0  0  0  3  3  4  3  0  0  3  4
 14 14 14 14 14 14 14 14 14 14 14 14 14 14 14 14 14 14 14 14 14 14 14 14 14
 14 14 14 14 14 14 14 14 14 14 14 14 14 14 14 14 14 14 14 14 14 14 14 14 14
 14 14 14 14 14 14 14 14 14 14 14 14 14 14 14 14 14 14 14 14 14 14 14 14 14
 14 14 14 14 14 14 14 14 14 14 14 14 14 14 14 14 14 14 14 14 14 14 14 14 14]
 ARI Score 10 : 0.526294223682
Minkowski score 10 : 0.758354145569
------------------------------------------------------------------------------------------------------------
chromosome 11 : [  8.24346847   8.04707057   8.73423373  -0.16522741  -0.44222222
   0.25374084  -0.72045455  -0.86444444  -1.43         0.03932895
   1.02057895   1.092125     5.45155232   7.55792169   7.47281566
  15.2337037   15.19648148  15.88580828   4.29241429   7.27262857
   4.70171429   7.42516705   6.98592958   6.67063292   0.           0.           0.
   0.           0.           0.           0.           0.           0.           0.
   0.           0.           0.           0.           0.           0.           0.
   0.           0.           0.           0.           0.           0.           0.
   0.           0.           0.           0.           0.           0.           0.
   0.           0.           0.           0.           0.        ]
 Objectives (Sil) : 0.574421612418
 Objectives (PBM) : 69.6553762055
Cluster size 11 :20
Predicted Label for 11: [ 0  0  0  0  0  0  0  0  0  0  0  0  0  0  0  0  0  0  0  0  0  0  0  0  0
  0  0  0  0  0  0  0  0  0  0  0  0  0  0  0  0  0  0  0  0  0  0  0  0  0
  0  0  0  0  0  0  0  0  0  0  0  0  0  0  0  0  0  0  0  0  0  0  0  0  0
  0  0  0  0  0  0  0  0  0  0  0  0  0  0  0  0  0  0  0  0  0  0  0  0  0
 18 18 18 18 18 18 18 18 18 18 18 18 18 18 18 18 18 18 18 18 18 18 18 18 18
 18 18 18 18 18 18 18 18 18 18 18 18 18 18 18 18 18 18 18 18 18 18 18 18 18
 18 18 18 18 18 18 18 18 18 18 18 18 18 18 18 18 18 18 18 18 18 18 18 18 18
 18 18 18 18 18 18 18 18 18 18 18 18 18 18 18 18 18 18 18 18 18 18 18 18 18
 19 19 19 19 19 19 19 19 19 19 19 19 19 19 19 19 19 19 19 19 19 19 19 19 19
 19 19 19 19 19 19 19 19 19 19 19 19 19 19 19 19 19 19 19 19 19 19 19 19 19
 19 19 19 19 19 19 19 19 19 19 19 19 19 19 19 19 19 19 19 19 19 19 19 19 19
 19 19 19 19 19 19 19 19 19 19 19 19 19 19 19 19 19 19 19 19 19 19 19 19 19
  4 15  5  1 16 10 10 14 16 14 12 15 17  5  9  4 10 14 17 17  4  4  3 17 10
 16  9  4 16 16 14  2 15 14 13 17 12 15 16 17 14 12  5  9 16 10 13 14  7  4
  9 11 10 10 10  4 12 15  8 14 15 10 13 11  2 16 10  4  8 12 15  4 16 16  4
 17  4 15 17 12 16 15 16 10 12 17 15 15  9 14 15 14 16  6  4 10  2 14  1  8]
 ARI Score 11 : 0.834912036639
Minkowski score 11 : 0.478739928554
------------------------------------------------------------------------------------------------------------
chromosome 12 : [  5.30428571   5.35         2.69285714   4.09130435   3.87826087
   5.27782609  11.36787879  10.11515152  10.45515152   9.479        9.875
  11.0055       0.61357143   0.85642857  -0.79285714   8.06133333
   9.33666667  10.25466667  -1.13090909   0.28590909  -0.21772727
   0.4537037   -0.88111111  -0.58518519   0.40297297   0.23081081
   0.80540541  14.19090909  14.52454545  14.29795455   5.30363636
   7.28909091   4.74363636   9.4915625   10.2315625    9.19375      4.75483871
   5.96225806   6.14354839  15.775       15.22821429  15.78821429   4.251
   5.904        4.069        5.57888889   4.23555556   4.03388889   0.           0.
   0.           0.           0.           0.           0.           0.           0.
   0.           0.           0.        ]
 Objectives (Sil) : 0.287262335481
 Objectives (PBM) : 214.924761754
Cluster size 12 :13
Predicted Label for 12: [ 8  8  8  8  8  8  4  8  4  4  8  8  8  8  8  8  4  8  4  8  8  8  4  4  4
  4  4  4  8  8  4  8  8  8  8  4  8  4  4  4  4  4  8  8  4  8  8  4  4  8
  8  4  8  4  4  4  4  8  8  8  8  8  8  4  4  8  4  4  4  4  8  8  8  8  4
  4  8  8  8  4  8  4  8  4  4  4  4  8  4  4  8  4  4  4  8  8  4  8  4  8
  6 10  6  1  7  7  6 10  1 10  7 10  7 10  6  1 10  6  7  3  0  0  1 10  1
 10  6 10  0  6 10  7  1  6  0  0  3  7  7 10  3  1 10  6  3  7 10  6  0  3
  0  6  3  6  0  7 10  7  6  0 10  1  3 10  3 10  6  0  1  6  7 10  1 10 10
 10  6  1 10 10  0  3  7  1  3  1  3  6  3  6 10  1 10  1  0  1  1  7  0  7
  5  5 12 12  5  5  5 12  5  5 12 12 12  5  5  5 12 12  5  5 12 12  5  5 12
  5  5  5 12 12 12 12 12 12  5 12 12  5 12  5  5  5  5  5  5 12 12 12  5  5
 12  5  5 12 12 12 12  5  5  5  5 12 12 12  5  5 12 12 12  5  5 12  5  5 12
  5 12 12  5  5 12  5 12 12  5  5 12  5 12  5  5 12  5  5 12  5 12 12  5 12
 11 11  9  9  2 11 11  2  2  2  9 11  2  9  9 11 11  2  2  2 11 11  9  2 11
 11  9 11  2  2  2  2 11  2  2  9 11 11  2  2  2 11  9  9  2 11 11  2  9 11
  2  9  9 11 11 11 11 11  9  2 11 11  9  9  2  2 11 11  9  9 11 11 11 11 11
  2 11 11  9 11  2 11  2 11  9  2 11 11  9  2 11  2  2  9 11 11  9  2  9  9]
 ARI Score 12 : 0.475650827601
Minkowski score 12 : 0.789770456359
------------------------------------------------------------------------------------------------------------
chromosome 13 : [  5.50242424   5.6830303    3.99242424  15.65809524  13.32714286
  15.3847619   14.52538462  15.77384615  16.98615385   5.58222222
   6.40777778   6.31444444   0.03963415  -0.09926829   0.21987805  15.075
  14.59208333  14.5625      13.66        13.83        16.53571429
  16.65823529  16.24882353  14.75647059   4.27724138   4.85741379
   5.30327586  13.86333333  15.76        14.06888889   0.42333333
   0.62055556  -1.10666667  10.8254       9.5338      10.0892       8.962
  10.4414      10.1738       0.           0.           0.           0.           0.
   0.           0.           0.           0.           0.           0.           0.
   0.           0.           0.           0.           0.           0.           0.
   0.           0.        ]
 Objectives (Sil) : 0.28753334142
 Objectives (PBM) : 260.388562569
Cluster size 13 :12
Predicted Label for 13: [ 3  3  3  3  3  3 10  3 10 10  3  3  3  3  3  3 10  3 10  3  3  3 10 10 10
 10 10 10  3  3 10  3  3  3  3 10  3 10 10 10 10 10  3  3 10  3  3 10 10  3
  3 10  3 10 10 10 10  3  3  3  3  3  3 10 10  3 10 10 10 10  3  3  3  3 10
 10  3  3  3 10  3 10  3 10 10 10 10  3 10 10  3 10 10 10  3  3 10  3 10  3
 11  9 11 11  8  8 11  9 11  9  8  9  8  9 11 11  9 11  8  9  9  8 11  9 11
  9 11  9  8 11  9  8 11 11  8  9 11  8  8  9  9 11  9  8 11  8  9 11  9 11
  8 11 11 11  8  8  9  8 11  8  9 11  9  9 11  9 11  8 11 11  8  9 11  9  9
  9  9 11  9  9  9 11  8 11 11 11 11 11 11 11  9 11  9 11  8 11 11  8  9  8
  5  0  0  4  5  5  5  0  5  4  0  4  4  0  5  5  0  4  5  0  0  0  5  5  4
  5  0  5  4  0  4  4  0  0  5  4  0  5  4  5  4  4  4  5  5  0  4  0  5  5
  0  5  5  0  0  0  0  5  5  5  5  0  0  4  5  5  4  4  4  0  5  0  0  5  4
  5  0  0  5  5  4  5  0  0  5  5  0  0  0  0  0  0  5  5  4  5  0  4  5  0
  7  7  1  1  6  2  2  6  6  6  1  2  1  1  1  7  2  6  6  6  7  7  1  1  2
  2  7  7  2  6  6  6  7  6  6  1  7  7  2  1  6  2  1  1  6  2  2  6  1  7
  6  1  2  2  2  7  7  7  1  6  7  2  1  1  6  6  2  7  1  7  7  7  2  2  7
  6  7  7  1  2  6  7  6  2  1  1  7  2  1  6  7  6  6  1  7  2  1  6  1  1]
 ARI Score 13 : 0.454542528055
Minkowski score 13 : 0.802143592778
------------------------------------------------------------------------------------------------------------
chromosome 14 : [  6.93184027e-310   2.05033132e-316   1.34334394e-316   1.34334275e-316
   1.34334157e-316   1.34334038e-316   1.34333919e-316   1.34333801e-316
   1.34333682e-316   1.34333564e-316   1.34333445e-316   1.34333327e-316
   1.34333208e-316   1.34333089e-316   1.34332971e-316   1.34332852e-316
   1.34332734e-316   1.34332615e-316   1.34332497e-316   1.34332378e-316
   1.34332259e-316   1.34332141e-316   1.34332022e-316   1.34331904e-316
   1.34331785e-316   1.34331667e-316   1.34331548e-316   1.34331429e-316
   1.34331311e-316   1.34331192e-316   1.34331074e-316   1.34330955e-316
   1.34330837e-316   1.34330718e-316   1.34330599e-316   1.34330481e-316
   1.34340204e-316   1.34340085e-316   1.34339967e-316   1.34339848e-316
   1.34339730e-316   1.34339611e-316   1.34339493e-316   1.34339374e-316
   1.34339255e-316   1.34339137e-316   1.34339018e-316   1.34338900e-316
   1.34338781e-316   1.34338663e-316   1.34338544e-316   1.34338425e-316
   1.34338307e-316   1.34338188e-316   1.34338070e-316   1.34337951e-316
   1.34337832e-316   1.34337714e-316   1.34337595e-316   1.34337477e-316]
 Objectives (Sil) : 0.560024391297
 Objectives (PBM) : 1003.15301927
Cluster size 14 :5
Predicted Label for 14: [0 2 2 0 2 2 2 2 2 2 0 2 0 2 0 2 2 2 0 0 0 0 2 2 0 0 2 2 0 2 2 2 2 0 0 2 2
 2 2 2 2 2 0 0 0 2 2 0 0 2 0 2 0 2 2 2 0 0 2 0 2 2 2 2 0 0 2 2 2 2 0 2 2 2
 0 0 2 0 0 0 2 0 2 2 2 0 2 0 0 2 0 2 0 2 0 2 2 0 2 0 3 3 3 3 3 3 3 3 3 3 3
 3 3 3 3 3 3 3 3 3 3 3 3 3 3 3 3 3 3 3 3 3 3 3 3 3 3 3 3 3 3 3 3 3 3 3 3 3
 3 3 3 3 3 3 3 3 3 3 3 3 3 3 3 3 3 3 3 3 3 3 3 3 3 3 3 3 3 3 3 3 3 3 3 3 3
 3 3 3 3 3 3 3 3 3 3 3 3 3 3 3 1 1 1 1 1 1 1 1 1 1 1 1 1 1 1 1 1 1 1 1 1 1
 1 1 1 1 1 1 1 1 1 1 1 1 1 1 1 1 1 1 1 1 1 1 1 1 1 1 1 1 1 1 1 1 1 1 1 1 1
 1 1 1 1 1 1 1 1 1 1 1 1 1 1 1 1 1 1 1 1 1 1 1 1 1 1 1 1 1 1 1 1 1 1 1 1 1
 1 1 1 1 4 4 4 4 4 4 4 4 4 4 4 4 4 4 4 4 4 4 4 4 4 4 4 4 4 4 4 4 4 4 4 4 4
 4 4 4 4 4 4 4 4 4 4 4 4 4 4 4 4 4 4 4 4 4 4 4 4 4 4 4 4 4 4 4 4 4 4 4 4 4
 4 4 4 4 4 4 4 4 4 4 4 4 4 4 4 4 4 4 4 4 4 4 4 4 4 4 4 4 4 4]
 ARI Score 14 : 0.915288787805
Minkowski score 14 : 0.349530709912
------------------------------------------------------------------------------------------------------------
chromosome 15 : [ 10.10914906  10.42602846   9.59700712  -1.99175395  -1.56085628
  -0.02480965   0.32477273  -0.49722222  -1.17862725  -1.221       -1.09125
  -0.95875      3.79102202   6.94496715   6.26073233  15.2337037
  15.19648148  15.88580828   4.29241429   7.27262857   4.70171429
   7.42516705   6.98592958   6.67063292   0.           0.           0.           0.
   0.           0.           0.           0.           0.           0.           0.
   0.           0.           0.           0.           0.           0.           0.
   0.           0.           0.           0.           0.           0.           0.
   0.           0.           0.           0.           0.           0.           0.
   0.           0.           0.           0.        ]
 Objectives (Sil) : 0.4675363381
 Objectives (PBM) : 161.471392553
Cluster size 15 :11
Predicted Label for 15: [ 3  1  7  1  1  1  7  3  7  9  3  9  1  3  3 10  7  3  8  1  3  8  7  9 10
 10  7  9  1  3  7 10  1  8  8  9  3  7 10  9  9  7  3  1  8  3  3  8 10  7
  1  9  1  9  7  7  8  3  1  1 10  3  3  7  8  8  7  9  7  7  1  1  9  7 10
  8  3  1  3  8  3  8  3  7 10  8  7  1  8 10  1  7  8  7  1  9  9  3  9  3
  2  6  2  2  4  2  2  6  2  6  4  6  4  6  2  2  6  2  4  6  4  4  2  6  2
  6  2  6  4  2  6  4  2  2  4  4  2  4  2  6  6  2  6  4  2  4  6  2  4  2
  4  2  2  2  4  4  6  4  2  4  6  2  6  6  6  6  2  4  2  2  4  6  2  6  6
  6  6  2  6  6  4  2  4  2  6  2  6  2  2  2  6  2  6  2  4  2  2  4  6  4
  0  0  0  0  0  0  0  0  0  0  0  0  0  0  0  0  0  0  0  0  0  0  0  0  0
  0  0  0  0  0  0  0  0  0  0  0  0  0  0  0  0  0  0  0  0  0  0  0  0  0
  0  0  0  0  0  0  0  0  0  0  0  0  0  0  0  0  0  0  0  0  0  0  0  0  0
  0  0  0  0  0  0  0  0  0  0  0  0  0  0  0  0  0  0  0  0  0  0  0  0  0
  5  5  5  5  5  5  5  5  5  5  5  5  5  5  5  5  5  5  5  5  5  5  5  5  5
  5  5  5  5  5  5  5  5  5  5  5  5  5  5  5  5  5  5  5  5  5  5  5  5  5
  5  5  5  5  5  5  5  5  5  5  5  5  5  5  5  5  5  5  5  5  5  5  5  5  5
  5  5  5  5  5  5  5  5  5  5  5  5  5  5  5  5  5  5  5  5  5  5  5  5  5]
 ARI Score 15 : 0.716113417818
Minkowski score 15 : 0.611134067521
------------------------------------------------------------------------------------------------------------
chromosome 16 : [ 10.25586207   9.52482759  10.50068966   5.19702703   6.57243243
   4.9927027    0.29571429  -0.56857143  -1.43        15.67052632
  13.93973684  14.88684211  16.746       13.58        14.508        9.39357143
  10.62666667   9.62166667   0.47392857  -0.31214286  -0.24892857
   0.41538462   0.56461538  -1.13384615  -1.30294118  -0.17764706
  -0.08764706  -0.33        -0.31875      1.42875      5.00793103
   4.20413793   3.71482759  -0.165        0.991        0.886        0.79777778
  -0.29555556   0.93666667   1.17375      0.84125      0.325       14.53666667
  15.68859649  15.35105263   4.18764706   4.76         5.99147059   0.           0.
   0.           0.           0.           0.           0.           0.           0.
   0.           0.           0.        ]
 Objectives (Sil) : 0.380310885892
 Objectives (PBM) : 99.635559301
Cluster size 16 :18
Predicted Label for 16: [11 16 16 11 12 12 10 13 10  7 11  9 12 13 11 13 16 13  8 12 11  6 16  9  8
  8  7  2 12 16  7 13 12  6  6  2 16 10  8  2  2 10 11 12  6 13 13  2  8 16
 12  9 12  9 10 10  6 11 12  6 13 16 13 10  6  6 10  9  7  7 12 12  9 16  8
  2 13 12 11  6 13  6 13 10 10  6 10 12  6  8 12 16  8 16 12  9  9 16  9 11
 15  1 15  0 17  0 15  1  3  1 17  1 17  3 15  0  1 15 17  3  1 17  3  1  0
  1 15  1 17 15  1 17  0  0 17  1 15 17  0  1 15  0  1 17  3 17  1 15  1 15
 17 15 15 15 17 17  1 17 15 17  1  3 15  1  3  1 15 17  3  0 17  1  0  1  1
  1 15  0  1  1  1  3  0  3  3  0  3  0  3 15  1 15  1  3 17  3  0 17  1 17
  4  4  5  5  4  4  4  5  4  5  5  5  5  4  4  4  5  5  4  4  5  5  4  4  5
  4  4  4  5  5  5  5  5  5  4  5  5  4  5  4  4  5  4  4  4  5  5  5  4  4
  5  4  4  5  5  5  5  4  4  4  4  5  5  5  4  4  5  5  5  4  4  5  4  4  5
  4  5  5  4  4  5  4  5  5  4  4  5  4  5  4  4  5  4  4  5  4  5  5  4  5
 14 14 14 14 14 14 14 14 14 14 14 14 14 14 14 14 14 14 14 14 14 14 14 14 14
 14 14 14 14 14 14 14 14 14 14 14 14 14 14 14 14 14 14 14 14 14 14 14 14 14
 14 14 14 14 14 14 14 14 14 14 14 14 14 14 14 14 14 14 14 14 14 14 14 14 14
 14 14 14 14 14 14 14 14 14 14 14 14 14 14 14 14 14 14 14 14 14 14 14 14 14]
 ARI Score 16 : 0.551841462894
Minkowski score 16 : 0.741483634208
------------------------------------------------------------------------------------------------------------
chromosome 17 : [ 15.54611111  13.74111111  13.895       11.14119048  10.17190476
   9.90595238   4.94266667   4.757        3.549       14.0265      14.9155
  16.779        8.52185185  10.55666667  10.33925926  14.19        13.61833333
  15.52833333   9.3983871    9.24225806  10.25612903   0.57308824
  -0.16705882  -0.12794118  14.69642857  16.09428571  13.59428571
  16.07709677  15.83645161  15.67967742   5.33645161   6.68677419
   5.28193548  14.604       13.308       12.966        4.26128205
   4.53692308   5.79384615  -0.878125     0.4496875    0.2128125    0.           0.
   0.           0.           0.           0.           0.           0.           0.
   0.           0.           0.           0.           0.           0.           0.
   0.           0.        ]
 Objectives (Sil) : 0.495810483729
 Objectives (PBM) : 157.052754274
Cluster size 17 :14
Predicted Label for 17: [13 13 13 13 13 13 13 13 13 13 13 13 13 13 13 13 13 13 13 13 13 13 13 13 13
 13 13 13 13 13 13 13 13 13 13 13 13 13 13 13 13 13 13 13 13 13 13 13 13 13
 13 13 13 13 13 13 13 13 13 13 13 13 13 13 13 13 13 13 13 13 13 13 13 13 13
 13 13 13 13 13 13 13 13 13 13 13 13 13 13 13 13 13 13 13 13 13 13 13 13 13
 10 10 10 10 10 10 10 10 10 10 10 10 10 10 10 10 10 10 10 10 10 10 10 10 10
 10 10 10 10 10 10 10 10 10 10 10 10 10 10 10 10 10 10 10 10 10 10 10 10 10
 10 10 10 10 10 10 10 10 10 10 10 10 10 10 10 10 10 10 10 10 10 10 10 10 10
 10 10 10 10 10 10 10 10 10 10 10 10 10 10 10 10 10 10 10 10 10 10 10 10 10
  4 12 12 12  4  4  4 12  7  7 12 12  7  4  7  4  7 12  4  4  7 12  4  4 12
  4  4 12 12 12 12  7 12  7  4  7  7  4 12  4  7 12  7  4  4 12  7  7  4  4
 12  4  4  7 12 12 12  4  7  4  4 12  7 12  7  7 12 12 12  7  7 12  4  7 12
  4  7 12  4  4 12  4 12 12  4  4 12 12  7  4  4  7  4  4 12  4 12  7  4 12
  2  2  9  9  1 11  5  6  1  6  9  5  3  0  0  0  8  6  3  3  2  2  9  3 11
  5  0  2 11  1  6  6  2  6  5  3  2  2 11  3  6  8  9  9  5  8  8  6  9  2
  6  9  8 11  8  2  0  2  9  6  2  8  0  9  3  1  8  2  9  0  2  2  5  5  0
  3  0  2  3  8  1  5  1  8  0  3  2  2  0  6  2  6  1  9  2 11  3  6  9  9]
 ARI Score 17 : 0.704203897059
Minkowski score 17 : 0.622190655765
------------------------------------------------------------------------------------------------------------
chromosome 18 : [ -0.65833333  -0.62875      0.36541667   8.7775      10.75         8.9575
   5.41264151   5.29962264   5.26358491  15.68444444  16.57259259
  15.18962963  -0.547        1.0145       0.3905       9.60483871
   8.96451613  10.26064516   8.43333333  10.44222222  10.76444444
   4.41727273   7.22363636   5.35636364  10.92093023  10.39302326
   9.99186047   4.01222222   4.62777778   4.39666667  14.42925     14.108
  14.28475     16.55266667  14.08733333  15.032        0.735        1.735
  -0.55        14.38111111  14.93166667  17.01444444   0.91541667   0.12625
   0.42041667   0.482        0.44866667  -1.10666667   0.46266667
  -1.02666667  -0.724        0.           0.           0.           0.           0.
   0.           0.           0.           0.        ]
 Objectives (Sil) : 0.263329519152
 Objectives (PBM) : 144.463092284
Cluster size 18 :19
Predicted Label for 18: [12 14 14 12 14 14 15 14  9 16 12 14 17 12 12 15 16 12  9 14 12 17 16 16 15
 12 16 16 17 14 16 15 14 17 17  9 14 15 15  9  9 15 12 17 17 14 12  9 12 14
 17 16 17 16  9 15  9 12 14 17 15 15 14 15  9 17 15 16 16 16 17 14 14 14 15
  9 12 17 12  9 14  9 14 15 15 17 15 14  9 15 17 16 12 15 17 16 16 12 16 12
  0  2  0  0  8  8  0  2  0  2  8  2  8  2  0  0  2  7  8  2  7  7  0  2  0
  2  7  2  7  0  2  8  0  0  8  7  0  8  8  2  2  0  2  7  0  7  2  0  2  0
  8  0  0  0  8  8  2  8  0  7  2  0  2  2  2  2  7  8  0  0  8  2  0  2  2
  2  2  0  2  2  7  0  8  0  2  0  2  0  0  0  2  0  2  0  8  2  0  8  7  7
 18  6  4  4  6 18 18  6  5  5  4  4  5 18  5  6  5  4 18  6  4  4 18 18  4
  6 18  6  4  4  4  5  4  4 18  4  5 18  4  5  5  6  5  6 18  4  4  4  6  6
  4 18 18  4  4  4  4 18  5 18  6  4  4  6  5  5  4  4  4 18  5  4 18  5  4
  6  5  4 18 18  6 18  4  6  6 18  4  6  4 18 18  5  6  5  6  6  4  5 18  4
 11 10  1  1 13  3  3 13 13 13  3 10  1  1  1 11  3 13 13 13 11 11  1  1  3
 10 11 11  3 13 13 13 10 13 13  1 11 10 10  1 13  3  1  1 13  3  3 13  1 11
 13  1  3  3  3 11 11 10  1 13 10  3  1  1 13 13 10 11  1 11 10 11 10 10 11
 13 11 10  1  3 13 10 13  3 11  1 10 10 11 13 11 13 13  1 11  3  1 13  1  1]
 ARI Score 18 : 0.304206369236
Minkowski score 18 : 0.880197406692
------------------------------------------------------------------------------------------------------------
chromosome 19 : [  7.52652174   8.54731194   7.33118498   8.89123133   8.35019933
   9.72165442  15.688       16.6435      16.98615385   0.46536106
   1.03717601   1.34478125   3.28         5.06         4.7          0.           0.
   0.           0.           0.           0.           0.           0.           0.
   0.           0.           0.           0.           0.           0.           0.
   0.           0.           0.           0.           0.           0.           0.
   0.           0.           0.           0.           0.           0.           0.
   0.           0.           0.           0.           0.           0.           0.
   0.           0.           0.           0.           0.           0.           0.
   0.        ]
 Objectives (Sil) : 0.581445274949
 Objectives (PBM) : 518.033491061
Cluster size 19 :7
Predicted Label for 19: [6 6 6 6 6 6 6 6 6 6 6 6 6 6 6 6 6 6 6 6 6 6 6 6 6 6 6 6 6 6 6 6 6 6 6 6 6
 6 6 6 6 6 6 6 6 6 6 6 6 6 6 6 6 6 6 6 6 6 6 6 6 6 6 6 6 6 6 6 6 6 6 6 6 6
 6 6 6 6 6 6 6 6 6 6 6 6 6 6 6 6 6 6 6 6 6 6 6 6 6 6 1 0 5 1 4 1 5 0 5 0 4
 0 4 0 5 1 0 5 4 5 0 4 1 0 1 0 5 0 4 5 0 4 1 1 4 0 5 4 1 5 5 1 0 4 5 4 0 5
 0 5 4 5 5 5 4 4 0 4 1 4 0 5 5 0 5 0 5 4 1 1 4 0 1 0 0 0 5 1 0 0 4 5 1 0 5
 1 5 1 5 1 0 5 0 5 4 0 1 4 0 4 3 3 3 3 3 3 3 3 3 3 3 3 3 3 3 3 3 3 3 3 3 3
 3 3 3 3 3 3 3 3 3 3 3 3 3 3 3 3 3 3 3 3 3 3 3 3 3 3 3 3 3 3 3 3 3 3 3 3 3
 3 3 3 3 3 3 3 3 3 3 3 3 3 3 3 3 3 3 3 3 3 3 3 3 3 3 3 3 3 3 3 3 3 3 3 3 3
 3 3 3 3 2 2 2 2 2 2 2 2 2 2 2 2 2 2 2 2 2 2 2 2 2 2 2 2 2 2 2 2 2 2 2 2 2
 2 2 2 2 2 2 2 2 2 2 2 2 2 2 2 2 2 2 2 2 2 2 2 2 2 2 2 2 2 2 2 2 2 2 2 2 2
 2 2 2 2 2 2 2 2 2 2 2 2 2 2 2 2 2 2 2 2 2 2 2 2 2 2 2 2 2 2]
 ARI Score 19 : 0.866821807866
Minkowski score 19 : 0.433216767539
------------------------------------------------------------------------------------------------------------
chromosome 20 : [  8.77020408e+00   9.81489796e+00   9.99795918e+00   7.62000000e-01
   4.63000000e-01  -1.14800000e+00  -1.28888889e-01  -8.64444444e-01
  -8.32222222e-01  -1.22100000e+00  -7.00000000e-03  -4.75000000e-02
   5.16666667e-01  -8.75000000e-01  -1.35333333e+00   4.79083333e+00
   4.51366667e+00   4.40783333e+00   4.94148148e+00   6.98370370e+00
   5.40962963e+00   4.54076923e+00   5.19692308e+00   6.58769231e+00
   1.09731373e+01   1.01535294e+01   1.02598039e+01   1.50780000e+01
   1.49186000e+01   1.51325000e+01   6.56842105e-01  -2.27631579e-01
   5.90789474e-01   4.52941176e-02   1.18941176e+00   2.17647059e-01
   0.00000000e+00   0.00000000e+00   0.00000000e+00   0.00000000e+00
   0.00000000e+00   0.00000000e+00   0.00000000e+00   0.00000000e+00
   0.00000000e+00   0.00000000e+00   0.00000000e+00   0.00000000e+00
   0.00000000e+00   0.00000000e+00   0.00000000e+00   0.00000000e+00
   0.00000000e+00   0.00000000e+00   0.00000000e+00   0.00000000e+00
   0.00000000e+00   0.00000000e+00   0.00000000e+00   0.00000000e+00]
 Objectives (Sil) : 0.259497654041
 Objectives (PBM) : 166.579839861
Cluster size 20 :16
Predicted Label for 20: [11 11 11 11 11 11  3 11  3  3 11 11 11 11 11 11  3 11  3 11 11 11  3  3  3
  3  3  3 11 11  3 11 11 11 11  3 11  3  3  3  3  3 11 11  3 11 11  3  3 11
 11  3 11  3  3  3  3 11 11 11 11 11 11  3  3 11  3  3  3  3 11 11 11 11  3
  3 11 11 11  3 11  3 11  3  3  3  3 11  3  3 11  3  3  3 11 11  3 11  3 11
 12  1  7  5  5  5 12  1 15 12  5 15  5 15 12  5  1 12  5  7  1  1 15 12  5
 12 12 12  1 12 15  5  5  5  1  1  7  5  5 12  7  5  1  5 15  5 12 12  1  7
  1 12  7 12  5  5 12  5 12  1 12 15 12  1  7  1 12  1 15  5  5  1  5  1  1
 12 12  5  1  1  1  7  5 15 15  5 15  5 15 12 12  7  1 15  1 15  5  5  1  5
  0  6  6 10  0  0  0  6 10 10  6 10 10  6  0  0 10 10  0  6  6  6  0  0 10
  0  6  6 10  6 10 10  6 10  0 10  6  0 10  0 10 10 10  0  0  6 10 10  0  0
  6  0  0  6  6  6  6  0 10  0  0  6  6  6 10  0 10 10  6  6  0  6  6  0 10
  0  6  6  0  0  6  0  6  6  0  0  6  6  6  6  6 10  0  0  6  0  6 10  0  6
  8  8  9  9 13 14 14  2 13  2  9  8 13  9  4  4 14  2 13 13  8  8  9 13 14
 14  4  4 14 13  2  2  8  2  4 13  8  8 14 13  2 14  9  9  2 14 14  2  9  8
  4  9 14 14 14  8  4  8  9  2  8 14  4  9 13 13 14  8  9  4  8  4 14 14  4
 13  4  8  9 14 13  8 13 14  4 13  8  8  4  2  8  2 13  9  8 14  9  2  9  9]
 ARI Score 20 : 0.395906550244
Minkowski score 20 : 0.834544574283
------------------------------------------------------------------------------------------------------------
chromosome 21 : [-1.64502997 -0.59507754  0.48517244  1.736191   -1.08913275  0.7282361
 -0.4949576  -0.52374542 -0.1379344   5.92952787  5.61814797  6.3984375
  4.92        3.38        4.94        0.          0.          0.          0.
  0.          0.          0.          0.          0.          0.          0.
  0.          0.          0.          0.          0.          0.          0.
  0.          0.          0.          0.          0.          0.          0.
  0.          0.          0.          0.          0.          0.          0.
  0.          0.          0.          0.          0.          0.          0.
  0.          0.          0.          0.          0.          0.        ]
 Objectives (Sil) : 0.450195665406
 Objectives (PBM) : 512.176040302
Cluster size 21 :6
Predicted Label for 21: [0 0 3 0 0 0 3 0 3 3 0 0 0 0 0 3 3 0 3 0 0 0 3 3 3 3 3 3 0 0 3 3 0 0 0 3 0
 3 3 3 3 3 0 0 0 0 0 3 3 3 0 3 0 3 3 3 0 0 0 0 3 3 0 3 3 0 3 3 3 3 0 0 3 3
 3 3 0 0 0 3 3 3 0 3 3 0 3 0 0 3 0 3 0 3 0 3 3 0 3 0 5 5 5 5 5 5 5 5 5 5 5
 5 5 5 5 5 5 5 5 5 5 5 5 5 5 5 5 5 5 5 5 5 5 5 5 5 5 5 5 5 5 5 5 5 5 5 5 5
 5 5 5 5 5 5 5 5 5 5 5 5 5 5 5 5 5 5 5 5 5 5 5 5 5 5 5 5 5 5 5 5 5 5 5 5 5
 5 5 5 5 5 5 5 5 5 5 5 5 5 5 5 2 2 2 2 2 2 2 2 2 2 2 2 2 2 2 2 2 2 2 2 2 2
 2 2 2 2 2 2 2 2 2 2 2 2 2 2 2 2 2 2 2 2 2 2 2 2 2 2 2 2 2 2 2 2 2 2 2 2 2
 2 2 2 2 2 2 2 2 2 2 2 2 2 2 2 2 2 2 2 2 2 2 2 2 2 2 2 2 2 2 2 2 2 2 2 2 2
 2 2 2 2 1 1 1 1 4 1 1 4 4 4 1 1 4 1 1 1 1 4 4 4 1 1 1 4 1 4 1 1 4 4 4 4 1
 4 1 4 1 1 4 4 4 1 1 1 4 1 1 4 1 1 4 1 1 1 1 1 1 1 1 4 1 1 1 1 4 4 1 1 1 1
 1 1 4 4 1 4 1 1 4 1 4 1 4 1 1 4 1 1 1 4 1 4 4 1 1 1 4 4 1 1]
 ARI Score 21 : 0.823463512944
Minkowski score 21 : 0.493748801303
------------------------------------------------------------------------------------------------------------
chromosome 22 : [ 4.85701255  4.95459478  1.63161642  5.23685044 -4.13427449  2.18869776
  0.          0.          0.          0.          0.          0.          0.
  0.          0.          0.          0.          0.          0.          0.
  0.          0.          0.          0.          0.          0.          0.
  0.          0.          0.          0.          0.          0.          0.
  0.          0.          0.          0.          0.          0.          0.
  0.          0.          0.          0.          0.          0.          0.
  0.          0.          0.          0.          0.          0.          0.
  0.          0.          0.          0.          0.        ]
 Objectives (Sil) : 0.689438802682
 Objectives (PBM) : 603.021080471
Cluster size 22 :4
Predicted Label for 22: [2 2 2 2 2 2 2 2 2 2 2 2 2 2 2 2 2 2 2 2 2 2 2 2 2 2 2 2 2 2 2 2 2 2 2 2 2
 2 2 2 2 2 2 2 2 2 2 2 2 2 2 2 2 2 2 2 2 2 2 2 2 2 2 2 2 2 2 2 2 2 2 2 2 2
 2 2 2 2 2 2 2 2 2 2 2 2 2 2 2 2 2 2 2 2 2 2 2 2 2 2 0 0 0 0 0 0 0 0 0 0 0
 0 0 0 0 0 0 0 0 0 0 0 0 0 0 0 0 0 0 0 0 0 0 0 0 0 0 0 0 0 0 0 0 0 0 0 0 0
 0 0 0 0 0 0 0 0 0 0 0 0 0 0 0 0 0 0 0 0 0 0 0 0 0 0 0 0 0 0 0 0 0 0 0 0 0
 0 0 0 0 0 0 0 0 0 0 0 0 0 0 0 3 3 3 3 3 3 3 3 3 3 3 3 3 3 3 3 3 3 3 3 3 3
 3 3 3 3 3 3 3 3 3 3 3 3 3 3 3 3 3 3 3 3 3 3 3 3 3 3 3 3 3 3 3 3 3 3 3 3 3
 3 3 3 3 3 3 3 3 3 3 3 3 3 3 3 3 3 3 3 3 3 3 3 3 3 3 3 3 3 3 3 3 3 3 3 3 3
 3 3 3 3 1 1 1 1 1 1 1 1 1 1 1 1 1 1 1 1 1 1 1 1 1 1 1 1 1 1 1 1 1 1 1 1 1
 1 1 1 1 1 1 1 1 1 1 1 1 1 1 1 1 1 1 1 1 1 1 1 1 1 1 1 1 1 1 1 1 1 1 1 1 1
 1 1 1 1 1 1 1 1 1 1 1 1 1 1 1 1 1 1 1 1 1 1 1 1 1 1 1 1 1 1]
 ARI Score 22 : 1.0
Minkowski score 22 : 0.0
------------------------------------------------------------------------------------------------------------
chromosome 23 : [-1.64502997 -0.62875    -0.495      -5.016      -4.901625   -5.0803
 -0.72045455 -0.86444444 -1.43       -1.221      -1.09125    -0.95875
 -1.12083333 -0.875      -1.35333333 -0.97047619 -0.82888889 -1.34
 -0.82961877 -0.21762673 -0.632      -0.0675     -0.88111111 -1.13384615
 -1.30294118 -0.5025     -1.24       -0.33       -0.64888889 -0.78481481
  0.         -0.22763158 -1.10666667  0.          0.          0.          0.
  0.          0.          0.          0.          0.          0.          0.
  0.          0.          0.          0.          0.          0.          0.
  0.          0.          0.          0.          0.          0.          0.
  0.          0.        ]
 Objectives (Sil) : 0.35576701926
 Objectives (PBM) : 96.7611067346
Cluster size 23 :20
Predicted Label for 23: [11 12 13 11 12 12  7 13  2  4 11 12 11 13 13 13 16 13  8 12 13 11  7  9  6
 16  7  4 12 13  7 13 12  0 11  2 13  7  6  2  2  7 13 11  0 13 13  8  6 13
 12  9 12  9  2  7  0 11 12 11 13 13 13  7  0 11  7  9  4  7 12 12  9 13  6
  0 13 12 11  0 13  0 13  7  7  0  7 12  0 16 16  7  6 16 16  9  9 16  9 11
  5  3  5  5  5  5  3  3  3  3  5  3  5  3  3  5  3  5  5  3  5  5  5  3  5
  3  5  3  5  3  3  5  5  5  5  3  3  5  5  3  3  5  3  5  3  5  3  3  3  3
  5  5  3  3  5  5  3  5  5  5  3  3  3  3  3  3  5  5  5  5  5  3  5  3  3
  3  3  5  3  3  5  3  5  3  3  5  3  5  3  5  3  5  3  3  5  3  5  5  3  5
 14 14 14 14 14 14 14 14 14 14 14 14 14 14 14 14 14 14 14 14 14 14 14 14 14
 14 14 14 14 14 14 14 14 14 14 14 14 14 14 14 14 14 14 14 14 14 14 14 14 14
 14 14 14 14 14 14 14 14 14 14 14 14 14 14 14 14 14 14 14 14 14 14 14 14 14
 14 14 14 14 14 14 14 14 14 14 14 14 14 14 14 14 14 14 14 14 14 14 14 14 14
 15 18 17 10  1 19 19  1 19  1 17 18 10 17 17 15 19  1  1  1 15 15 10 10 19
 19 17 15 19  1  1  1 15  1 19 10 15 18 19 10  1 17 17 17  1 18 19  1 10 15
  1 10 10 19 18 15 15 15 17  1 18 18 17 10  1  1 18 15 10 17 18 15 19 19 15
  1 15 18 10 18  1 15  1 19 17 10 18 18 17  1 15  1  1 10 15 19 10  1 10 17]
 ARI Score 23 : 0.545618680752
Minkowski score 23 : 0.745660848516
------------------------------------------------------------------------------------------------------------
chromosome 24 : [  1.01490000e+01   9.37250000e+00   1.09025000e+01   1.46700000e+01
   1.31170000e+01   1.61420000e+01   1.18210526e+01   1.00315789e+01
   1.03731579e+01   1.04152381e+01   1.03395238e+01   9.14809524e+00
   8.47833333e+00   1.12550000e+01   1.00466667e+01   4.80862069e+00
   4.32482759e+00   6.09827586e+00   1.42105263e-02   1.15052632e+00
   7.31578947e-02   1.52768000e+01   1.45740000e+01   1.34576000e+01
  -1.22450000e+00   9.85000000e-02   8.85000000e-02   1.31121429e+01
   1.49164286e+01   1.54235714e+01   8.59411765e+00   9.88382353e+00
   1.01652941e+01   1.53100000e+01   1.64925000e+01   1.54241667e+01
   1.59944444e+01   1.31511111e+01   1.44077778e+01   5.75245902e-01
  -3.40983607e-01  -8.27868852e-02   4.79507042e+00   5.65521127e+00
   4.49746479e+00   1.57900000e+01   1.51850000e+01   1.66450000e+01
   0.00000000e+00   0.00000000e+00   0.00000000e+00   0.00000000e+00
   0.00000000e+00   0.00000000e+00   0.00000000e+00   0.00000000e+00
   0.00000000e+00   0.00000000e+00   0.00000000e+00   0.00000000e+00]
 Objectives (Sil) : 0.281501583058
 Objectives (PBM) : 221.914456902
Cluster size 24 :13
Predicted Label for 24: [ 6  8  5  8  8  8  5  5  5  5  6  8  8  5  6  5  5  6  6  8  6  6  5  5  6
  6  5  5  8  8  5  6  8  6  6  5  5  5  6  5  5  5  8  8  6  8  6  6  6  5
  8  5  8  5  5  5  6  6  8  8  5  5  8  5  6  6  5  5  5  5  8  8  5  5  6
  6  6  8  6  6  5  6  8  5  5  6  5  8  6  6  8  5  6  5  8  5  5  6  5  8
  0  4  0  0  1  1  0  4  0  4  1  4  1  4  0  0  4  0  1  4  4  1  0  4  0
  4  0  4  1  0  4  1  0  0  1  4  0  1  1  4  4  0  4  1  0  1  4  0  4  0
  1  0  0  0  1  1  4  1  0  1  4  0  4  4  0  4  0  1  0  0  1  4  0  4  4
  4  4  0  4  4  4  0  1  0  0  0  0  0  0  0  4  0  4  0  1  4  0  1  4  1
  7 10 10 10  2  7  2 10  2  2 10 10 10  7  2  2 10 10  2 10 10 10  7  7 10
  2  7  2 10 10 10 10 10 10  2 10 10  7 10  2  2  2  2  2  2 10 10 10  2  2
 10  7  2 10 10 10 10  7  2  7  2 10 10 10  2  2 10 10 10  7  7 10  7  2 10
  2  7 10  7  7 10  2 10 10  2  7 10 10 10  7  7 10  2  2 10  2 10 10  7 10
 12  3 11 11  9  3  3 12  9 12 11  3  9 11 11 12  3 12  9  9 12 12 11  9  3
  3 12 12  9  9 12 12 12 12 12  9  3  3  9  9 12  3 11 11 12  3  3 12 11 12
 12 11 11  3  3  3 12  3 11 12  3  3 11 11  9  9  3 12 11 11  3 12  3  3 12
  9 12  3 11  3  9  3  9  3 11  9  3  3 12 12  3  9  9 11  3  3 11 12 11 11]
 ARI Score 24 : 0.421813799337
Minkowski score 24 : 0.820568908339
------------------------------------------------------------------------------------------------------------
chromosome 25 : [ 2.08633121  4.12916578  1.23054676 -5.016      -4.901625   -5.0803      1.37
 -0.13        0.1         0.          0.          0.          0.          0.
  0.          0.          0.          0.          0.          0.          0.
  0.          0.          0.          0.          0.          0.          0.
  0.          0.          0.          0.          0.          0.          0.
  0.          0.          0.          0.          0.          0.          0.
  0.          0.          0.          0.          0.          0.          0.
  0.          0.          0.          0.          0.          0.          0.
  0.          0.          0.          0.        ]
 Objectives (Sil) : 0.440780191199
 Objectives (PBM) : 109.94079021
Cluster size 25 :17
Predicted Label for 25: [ 3  3  3 13  3  3  1  3  1  1 13  3  3  3  3  3  1  3 13  3  3 13  1  1 13
 13  1  1 13  3  1  3  3 13 13  1  3  1  1  1  1  1  3 13 13  3  3 13 13  3
  3  1  3  1  1  1 13  3  3 13  3  3  3  1 13 13  1  1  1  1  3  3  3  3 13
 13  3  3 13 13  3 13  3  1  1 13  1  3 13 13 13  1 13  1  3  3  1 13  1  3
  0  0  0  0  0  0  0  0  0  0  0  0  0  0  0  0  0  0  0  0  0  0  0  0  0
  0  0  0  0  0  0  0  0  0  0  0  0  0  0  0  0  0  0  0  0  0  0  0  0  0
  0  0  0  0  0  0  0  0  0  0  0  0  0  0  0  0  0  0  0  0  0  0  0  0  0
  0  0  0  0  0  0  0  0  0  0  0  0  0  0  0  0  0  0  0  0  0  0  0  0  0
  2  2  2  2  2  2  2  2  2  2  2  2  2  2  2  2  2  2  2  2  2  2  2  2  2
  2  2  2  2  2  2  2  2  2  2  2  2  2  2  2  2  2  2  2  2  2  2  2  2  2
  2  2  2  2  2  2  2  2  2  2  2  2  2  2  2  2  2  2  2  2  2  2  2  2  2
  2  2  2  2  2  2  2  2  2  2  2  2  2  2  2  2  2  2  2  2  2  2  2  2  2
 12 12  6  4  5 14 15  5 15  5 11 12  8  6  6  7 14  5  8  8 12 12  4  8 14
 15  7  7 15  5  5  7 12  5  7 10  9 12 15  8  5 16  6  6  5 16 14  5 10 12
  7 10 14 14 14 12  9 12 11  7 12 16  7 10  8  5 16 12 11  9 12  7 15 15  7
  8  7 12  8 16  5 12  5 14  9  8 12 12  7  7 12  5 15  4 12 15  8  5  4 11]
 ARI Score 25 : 0.70131809453
Minkowski score 25 : 0.624823207319
------------------------------------------------------------------------------------------------------------
chromosome 26 : [  4.05         3.637        5.249       10.02964286   9.70607143
   9.36392857   5.22625      6.035        6.9575       0.68125     -1.09125
  -0.95875     10.69076923  11.33076923  10.33384615  -0.97047619
  -0.2952381   -0.64         9.3736       9.1876      10.896       -0.0675
   0.3540625    1.0153125    3.773125     5.049375     6.025        5.22666667
   5.54916667   3.41666667  15.19563218  15.13321839  15.32494253
   0.71692308   0.17        -0.34025641   8.363       10.6615      10.1115
   4.97333333   7.02458333   4.98         5.35625      4.708125     5.274375
  14.29076923  13.48230769  13.84461538  11.99714286   9.76928571
  10.14214286   4.96         3.64214286   3.33642857   0.           0.           0.
   0.           0.           0.        ]
 Objectives (Sil) : 0.403712097409
 Objectives (PBM) : 125.983201369
Cluster size 26 :19
Predicted Label for 26: [18 18 18 18 18 18 18 18 18 18 18 18 18 18 18 18 18 18 18 18 18 18 18 18 18
 18 18 18 18 18 18 18 18 18 18 18 18 18 18 18 18 18 18 18 18 18 18 18 18 18
 18 18 18 18 18 18 18 18 18 18 18 18 18 18 18 18 18 18 18 18 18 18 18 18 18
 18 18 18 18 18 18 18 18 18 18 18 18 18 18 18 18 18 18 18 18 18 18 18 18 18
  0  7  9  0 17  0  9  7 14  7 17 14 17 14  9  0  7  5 17  9  5  5 14  7  0
  9  5  7 17  9  7 17  0  0 17  5  9 17  0  9  9  0  7  5 14  5  7  9  7  9
 17  5  9  9 17 17  7 17  5  5  7 14  9  7  9  7  5 17 14  0 17  7  0  7 14
  7  9  0  7  7  5  9  0 14 14  0 14  0 14  5  7  9  7 14 17 14  0 17  7  5
 16  8 12  2  8  4 16  8 16  2 12  2  2  4 16 16  1  2 16  8  1 12  4  4  2
 16  4  8  2  8  2  2 12  1 16  1  1  4  2 16 16  2  2  8 16 12  1  1 16  8
 12  4 16  1 12 12 12 16 16 16 16  8  1  8 16 16  2  2 12  4  1 12  4 16  2
 16  1  8 16  4  8 16 12  8  8 16  8  8  1  4  4  1 16 16  8  8 12  1  4 12
 15 15 10 10  6 13 13  6 13  6  3 15 10 10 11 11  3  6  6  6 15 15 10 13 13
 13 11 11 13  6  6  6 15  6  6 10 11 15 13 10  6  3 10 10  6  3  3  6 10 15
  6 10  3 13  3 15 11 15 10  6 15  3 10 10  6  6  3 15 10 11 15 11 13 13 11
  6 11 15 10  3  6 15  6  3 11 10 15 15 11  6 15  6  6 10 15 13 10  6 10 10]
 ARI Score 26 : 0.476562926315
Minkowski score 26 : 0.789226702462
------------------------------------------------------------------------------------------------------------
chromosome 27 : [ 14.85947642  16.23333333  15.93522727  14.8878025   14.39531107  16.142
   4.84969281   5.5982053    6.83077863   1.20065341   1.31911364
  -0.4314364    0.           0.           0.           0.           0.           0.
   0.           0.           0.           0.           0.           0.           0.
   0.           0.           0.           0.           0.           0.           0.
   0.           0.           0.           0.           0.           0.           0.
   0.           0.           0.           0.           0.           0.           0.
   0.           0.           0.           0.           0.           0.           0.
   0.           0.           0.           0.           0.           0.           0.        ]
 Objectives (Sil) : 0.689438802682
 Objectives (PBM) : 942.220438236
Cluster size 27 :4
Predicted Label for 27: [3 3 3 3 3 3 3 3 3 3 3 3 3 3 3 3 3 3 3 3 3 3 3 3 3 3 3 3 3 3 3 3 3 3 3 3 3
 3 3 3 3 3 3 3 3 3 3 3 3 3 3 3 3 3 3 3 3 3 3 3 3 3 3 3 3 3 3 3 3 3 3 3 3 3
 3 3 3 3 3 3 3 3 3 3 3 3 3 3 3 3 3 3 3 3 3 3 3 3 3 3 2 2 2 2 2 2 2 2 2 2 2
 2 2 2 2 2 2 2 2 2 2 2 2 2 2 2 2 2 2 2 2 2 2 2 2 2 2 2 2 2 2 2 2 2 2 2 2 2
 2 2 2 2 2 2 2 2 2 2 2 2 2 2 2 2 2 2 2 2 2 2 2 2 2 2 2 2 2 2 2 2 2 2 2 2 2
 2 2 2 2 2 2 2 2 2 2 2 2 2 2 2 1 1 1 1 1 1 1 1 1 1 1 1 1 1 1 1 1 1 1 1 1 1
 1 1 1 1 1 1 1 1 1 1 1 1 1 1 1 1 1 1 1 1 1 1 1 1 1 1 1 1 1 1 1 1 1 1 1 1 1
 1 1 1 1 1 1 1 1 1 1 1 1 1 1 1 1 1 1 1 1 1 1 1 1 1 1 1 1 1 1 1 1 1 1 1 1 1
 1 1 1 1 0 0 0 0 0 0 0 0 0 0 0 0 0 0 0 0 0 0 0 0 0 0 0 0 0 0 0 0 0 0 0 0 0
 0 0 0 0 0 0 0 0 0 0 0 0 0 0 0 0 0 0 0 0 0 0 0 0 0 0 0 0 0 0 0 0 0 0 0 0 0
 0 0 0 0 0 0 0 0 0 0 0 0 0 0 0 0 0 0 0 0 0 0 0 0 0 0 0 0 0 0]
 ARI Score 27 : 1.0
Minkowski score 27 : 0.0
------------------------------------------------------------------------------------------------------------
chromosome 28 : [ 13.56111111  16.23333333  14.53333333  -1.07352941   0.11705882
  -0.29764706   4.75516129   4.48080645   4.63629032  11.17181818
   9.59818182   9.48454545  16.75272727  16.32636364  14.83909091
   9.95894737   8.84263158  10.54105263  -0.79111111   0.24444444
   1.08222222   4.46518519   6.79333333   5.17296296  -0.625       -0.5025
  -1.24         0.49074074  -0.64888889  -0.78481481   9.93111111
  10.56888889   9.89583333  14.91263158  13.58631579  14.58473684
   8.55869565  10.39608696  10.78086957  14.19466667  15.28533333  14.608
  15.62481481  15.57814815  16.51407407   0.25235294   1.30470588
  -0.02294118   5.86545455   5.97363636   6.27727273   0.81538462
  -0.14653846   0.76807692   0.           0.           0.           0.           0.
   0.        ]
 Objectives (Sil) : 0.261604613051
 Objectives (PBM) : 132.084262117
Cluster size 28 :19
Predicted Label for 28: [15 17 17  6 17 17  9 18  8  8 15 17  6 15 15 15 18 15  1 17 15  6  9  8  1
 15  9  8  6 17  9 15 17  6  6  8 17  9  1  8  8  9 15  6  6 17 15  1  1 17
  6  8  6  8  8  9  1 15 17  6 15 18 17  9  1  6  9  8  9  9  6 17 17 17  1
  1 15  6  6  1 17  1 17  9  9  6  9 17  1 18 18 18  1 18  6 17  8 18  8 15
 16  7 16  2  2  2 16  7 16  7  2  7  2  7 16  2  7  2  2 16  7  2 16  7  2
  7  2  7  7 16  7  2  2  2  2  7 16  2  2 16 16  2  7  2 16  2  7 16  7 16
  2 16 16 16  2  2  7  2  2  2  7 16 16  7 16  7  2  7  2  2  2  7  2  7  7
  7  7  2  7  7  7 16  2 16 16  2 16  2 16  2  7 16  7 16  7  7  2  2  7  2
  0 12 12  5  0 10  0 12  3  3 12  5  5 10  3  0  5  5  0 10  5 12 10 10  5
  0 10 12  5 12  5  3 12  5  0  5 10 10  5  3  3  3  3  0  0 12  5  5  0  0
 12 10  0  5  5 12 12 10  3  0  0 12  5 12  3  3  5  5  5 10 10 12 10  3  5
  0 10 12  0  0 12  0 12 12 12  0 12 12 10 10 10  5  3  3 12  0  5  5  0 12
 11  4 14 14 13 13 13 11 13 11  4  4 14 14 14 11  4 11 14 14 11  4 14 13 13
 13 11 11 13 13 11 11 11 11 13 14  4  4 13 14 11  4 14 14 13  4  4 11 14 11
 11 14  4 13  4  4  4  4 14 11  4  4 14 14 14 13  4 11 14  4  4  4 13 13 11
 14 11  4 14  4 13 11 13 13  4 14  4  4 14 11  4 11 13 14  4 13 14 11 14 14]
 ARI Score 28 : 0.310500996727
Minkowski score 28 : 0.877237399194
------------------------------------------------------------------------------------------------------------
chromosome 29 : [ 4.23205954  2.0283214   5.04108978 -4.07575297 -4.901625   -4.07311647
 -0.44531971 -0.86444444 -1.12642251  2.96476394  2.80907399  3.19921875
  0.          0.          0.          0.          0.          0.          0.
  0.          0.          0.          0.          0.          0.          0.
  0.          0.          0.          0.          0.          0.          0.
  0.          0.          0.          0.          0.          0.          0.
  0.          0.          0.          0.          0.          0.          0.
  0.          0.          0.          0.          0.          0.          0.
  0.          0.          0.          0.          0.          0.        ]
 Objectives (Sil) : 0.585540236596
 Objectives (PBM) : 386.725081376
Cluster size 29 :3
Predicted Label for 29: [2 2 2 2 2 2 2 2 2 2 2 2 2 2 2 2 2 2 2 2 2 2 2 2 2 2 2 2 2 2 2 2 2 2 2 2 2
 2 2 2 2 2 2 2 2 2 2 2 2 2 2 2 2 2 2 2 2 2 2 2 2 2 2 2 2 2 2 2 2 2 2 2 2 2
 2 2 2 2 2 2 2 2 2 2 2 2 2 2 2 2 2 2 2 2 2 2 2 2 2 2 2 2 2 2 2 2 2 2 2 2 2
 2 2 2 2 2 2 2 2 0 2 2 2 2 2 2 2 2 2 2 2 2 2 2 2 2 2 2 2 2 0 2 2 2 2 2 0 2
 2 2 2 2 2 2 2 2 2 2 2 2 0 2 2 2 0 2 2 2 2 2 2 2 2 2 2 2 2 2 2 2 2 2 2 2 0
 2 0 2 2 2 2 2 2 2 2 2 2 2 2 2 0 0 0 0 0 0 0 0 0 0 0 0 0 0 0 0 0 0 0 0 0 0
 0 0 0 0 0 0 0 0 0 0 0 0 0 0 0 0 0 0 0 0 0 0 0 0 0 0 0 0 0 0 0 0 0 0 0 0 0
 0 0 0 0 0 0 0 0 0 0 0 0 0 0 0 0 0 0 0 0 0 0 0 0 0 0 0 0 0 0 0 0 0 0 0 0 0
 0 0 0 0 1 1 1 1 1 1 1 1 1 1 1 1 1 1 1 1 1 1 1 1 1 1 1 1 1 1 1 1 1 1 1 1 1
 1 1 1 1 1 1 1 1 1 1 1 1 1 1 1 1 1 1 1 1 1 1 1 1 1 1 1 1 1 1 1 1 1 1 1 1 1
 1 1 1 1 1 1 1 1 1 1 1 1 1 1 1 1 1 1 1 1 1 1 1 1 1 1 1 1 1 1]
 ARI Score 29 : 0.691132860034
Minkowski score 29 : 0.733436631843
------------------------------------------------------------------------------------------------------------
chromosome 30 : [ 0.84249179  2.41767336  2.68133292 -4.1549512  -4.901625   -4.9851416
  0.32477273 -0.49722222 -1.17862725  0.          0.          0.          0.
  0.          0.          0.          0.          0.          0.          0.
  0.          0.          0.          0.          0.          0.          0.
  0.          0.          0.          0.          0.          0.          0.
  0.          0.          0.          0.          0.          0.          0.
  0.          0.          0.          0.          0.          0.          0.
  0.          0.          0.          0.          0.          0.          0.
  0.          0.          0.          0.          0.        ]
 Objectives (Sil) : 0.64456126409
 Objectives (PBM) : 122.224040589
Cluster size 30 :2
Predicted Label for 30: [1 1 1 1 1 1 1 1 1 1 1 1 1 1 1 1 1 1 1 1 1 1 1 1 1 1 1 1 1 1 1 1 1 1 1 1 1
 1 1 1 1 1 1 1 1 1 1 1 1 1 1 1 1 1 1 1 1 1 1 1 1 1 1 1 1 1 1 1 1 1 1 1 1 1
 1 1 1 1 1 1 1 1 1 1 1 1 1 1 1 1 1 1 1 1 1 1 1 1 1 1 1 1 1 1 1 1 1 1 1 1 1
 1 1 1 1 1 1 1 1 1 1 1 1 1 1 1 1 1 1 1 1 1 1 1 1 1 1 1 1 1 1 1 1 1 1 1 1 1
 1 1 1 1 1 1 1 1 1 1 1 1 1 1 1 1 1 1 1 1 1 1 1 1 1 1 1 1 1 1 1 1 1 1 1 1 1
 1 1 1 1 1 1 1 1 1 1 1 1 1 1 1 0 0 0 0 0 0 0 0 0 0 0 0 0 0 0 0 0 0 0 0 0 0
 0 0 0 0 0 0 0 0 0 0 0 0 0 0 0 0 0 0 0 0 0 0 0 0 0 0 0 0 0 0 0 0 0 0 0 0 0
 0 0 0 0 0 0 0 0 0 0 0 0 0 0 0 0 0 0 0 0 0 0 0 0 0 0 0 0 0 0 0 0 0 0 0 0 0
 0 0 0 0 0 0 0 0 0 0 0 0 0 0 0 0 0 0 0 0 0 0 0 0 0 0 0 0 0 0 0 0 0 0 0 0 0
 0 0 0 0 0 0 0 0 0 0 0 0 0 0 0 0 0 0 0 0 0 0 0 0 0 0 0 0 0 0 0 0 0 0 0 0 0
 0 0 0 0 0 0 0 0 0 0 0 0 0 0 0 0 0 0 0 0 0 0 0 0 0 0 0 0 0 0]
 ARI Score 30 : 0.498113207547
Minkowski score 30 : 1.00503781526
------------------------------------------------------------------------------------------------------------
chromosome 31 : [-1.64502997 -0.62875    -0.495      -4.99231623 -4.901625   -5.0803
 -0.72045455 -0.86444444 -1.43       -1.221      -1.09125    -0.95875
 -1.12083333 -0.875      -1.35333333 -0.97047619 -0.82888889 -1.34
 -0.01925383 -0.23103559 -0.632      -0.0675     -0.88111111 -1.13384615
 -0.33897059  0.          0.         -0.33        0.          0.          0.
 -0.22763158 -1.10666667 -1.31       -0.0676     -0.34025641  0.         -0.4875
 -0.56678571 -0.878125   -0.93809524 -0.83285714  0.          0.          0.
  0.          0.          0.01147059  0.          0.          0.          0.
  0.          0.          0.          0.          0.          0.          0.
  0.        ]
 Objectives (Sil) : 0.544631116627
 Objectives (PBM) : 443.649778372
Cluster size 31 :3
Predicted Label for 31: [2 2 2 2 2 2 2 2 2 2 2 2 2 2 2 2 2 2 2 2 2 2 2 2 2 2 2 2 2 2 2 2 2 2 2 2 2
 2 2 2 2 2 2 2 2 2 2 2 2 2 2 2 2 2 2 2 2 2 2 2 2 2 2 2 2 2 2 2 2 2 2 2 2 2
 2 2 2 2 2 2 2 2 2 2 2 2 2 2 2 2 2 2 2 2 2 2 2 2 2 2 2 0 0 2 2 2 2 0 0 0 2
 0 2 0 0 2 0 2 2 0 0 2 0 0 2 0 2 0 2 0 0 2 2 2 2 0 0 2 2 0 0 2 0 2 0 2 0 0
 0 0 0 2 0 0 2 2 0 2 2 2 0 0 0 0 0 0 2 2 0 2 2 0 2 0 0 0 0 0 0 0 2 0 2 0 0
 2 0 2 0 2 0 0 0 0 2 0 2 2 0 2 0 0 0 0 0 0 0 0 0 0 0 0 0 0 0 0 0 0 0 0 0 0
 0 0 0 0 0 0 0 0 0 0 0 0 0 0 0 0 0 0 0 0 0 0 0 0 0 0 0 0 0 0 0 0 0 0 0 0 0
 0 0 0 0 0 0 0 0 0 0 0 0 0 0 0 0 0 0 0 0 0 0 0 0 0 0 0 0 0 0 0 0 0 0 0 0 0
 0 0 0 0 1 1 1 1 1 1 1 1 1 1 1 1 1 1 1 1 1 1 1 1 1 1 1 1 1 1 1 1 1 1 1 1 1
 1 1 1 1 1 1 1 1 1 1 1 1 1 1 1 1 1 1 1 1 1 1 1 1 1 1 1 1 1 1 1 1 1 1 1 1 1
 1 1 1 1 1 1 1 1 1 1 1 1 1 1 1 1 1 1 1 1 1 1 1 1 1 1 1 1 1 1]
 ARI Score 31 : 0.629184176661
Minkowski score 31 : 0.792993306301
------------------------------------------------------------------------------------------------------------
chromosome 32 : [ 0.18855239 -0.62875    -0.495      -2.21957087 -4.901625   -4.18378228
  0.          0.          0.          0.          0.          0.          0.
  0.          0.          0.          0.          0.          0.          0.
  0.          0.          0.          0.          0.          0.          0.
  0.          0.          0.          0.          0.          0.          0.
  0.          0.          0.          0.          0.          0.          0.
  0.          0.          0.          0.          0.          0.          0.
  0.          0.          0.          0.          0.          0.          0.
  0.          0.          0.          0.          0.        ]
 Objectives (Sil) : 0.358077916538
 Objectives (PBM) : 140.174702996
Cluster size 32 :16
Predicted Label for 32: [11  6  6 11  9  9  7  6  7  7 11 12  9  6 11 10  6 10  0  9 11  0  6 12 10
 10  7 13  9  6  7 10  9  0 11 13  6  7 10 13 13  7  6  9  0  6 10 13 10  6
  9 12  9 12  7  7  0 11  9  9 10  6  6  7  0 11  7 12  7  7  9  9 12  6 10
 13 10  9 11  0  6  0  6  7 10  0  6  9  0 10 12  6 11  6  9 12 12 11 12 11
  8 14  8  8 14  8  8 14  8 14 14 14 14 14  8  8 14  8 14  8 14 14  8 14  8
 14 14 14 14  8 14 14  8  8 14 14  8 14  8  8  8  8 14 14  8 14 14  8 14  8
 14  8  8  8 14 14 14 14  8 14 14  8  8 14  8 14  8 14  8  8 14 14  8 14 14
 14  8  8 14 14 14  8  8 14  8  8  8  8  8  8 14  8 14  8 14 14  8 14 14 14
 15 15 15 15 15 15 15 15 15 15 15 15 15 15 15 15 15 15 15 15 15 15 15 15 15
 15 15 15 15 15 15 15 15 15 15 15 15 15 15 15 15 15 15 15 15 15 15 15 15 15
 15 15 15 15 15 15 15 15 15 15 15 15 15 15 15 15 15 15 15 15 15 15 15 15 15
 15 15 15 15 15 15 15 15 15 15 15 15 15 15 15 15 15 15 15 15 15 15 15 15 15
  4  5  1  1  2  3  3  2  3  2  1  5  3  1  1  4  5  2  2  2  4  4  1  3  3
  3  4  4  3  2  2  2  4  2  3  3  4  5  3  3  2  5  1  1  2  5  3  2  1  4
  2  1  1  3  5  4  4  5  1  2  5  5  1  1  2  2  5  4  1  1  5  4  3  3  4
  2  4  5  1  5  2  5  2  3  1  3  5  5  4  2  5  2  2  1  4  3  1  2  1  1]
 ARI Score 32 : 0.556525457162
Minkowski score 32 : 0.738309562515
------------------------------------------------------------------------------------------------------------
chromosome 33 : [ 14.85947642  16.23333333  15.93522727  14.8878025   14.39531107  16.142
   4.84969281   5.5982053    6.83077863   1.20065341   1.31911364
  -0.4314364    0.           0.           0.           0.           0.           0.
   0.           0.           0.           0.           0.           0.           0.
   0.           0.           0.           0.           0.           0.           0.
   0.           0.           0.           0.           0.           0.           0.
   0.           0.           0.           0.           0.           0.           0.
   0.           0.           0.           0.           0.           0.           0.
   0.           0.           0.           0.           0.           0.           0.        ]
 Objectives (Sil) : 0.689438802682
 Objectives (PBM) : 603.021080471
Cluster size 33 :4
Predicted Label for 33: [3 3 3 3 3 3 3 3 3 3 3 3 3 3 3 3 3 3 3 3 3 3 3 3 3 3 3 3 3 3 3 3 3 3 3 3 3
 3 3 3 3 3 3 3 3 3 3 3 3 3 3 3 3 3 3 3 3 3 3 3 3 3 3 3 3 3 3 3 3 3 3 3 3 3
 3 3 3 3 3 3 3 3 3 3 3 3 3 3 3 3 3 3 3 3 3 3 3 3 3 3 2 2 2 2 2 2 2 2 2 2 2
 2 2 2 2 2 2 2 2 2 2 2 2 2 2 2 2 2 2 2 2 2 2 2 2 2 2 2 2 2 2 2 2 2 2 2 2 2
 2 2 2 2 2 2 2 2 2 2 2 2 2 2 2 2 2 2 2 2 2 2 2 2 2 2 2 2 2 2 2 2 2 2 2 2 2
 2 2 2 2 2 2 2 2 2 2 2 2 2 2 2 1 1 1 1 1 1 1 1 1 1 1 1 1 1 1 1 1 1 1 1 1 1
 1 1 1 1 1 1 1 1 1 1 1 1 1 1 1 1 1 1 1 1 1 1 1 1 1 1 1 1 1 1 1 1 1 1 1 1 1
 1 1 1 1 1 1 1 1 1 1 1 1 1 1 1 1 1 1 1 1 1 1 1 1 1 1 1 1 1 1 1 1 1 1 1 1 1
 1 1 1 1 0 0 0 0 0 0 0 0 0 0 0 0 0 0 0 0 0 0 0 0 0 0 0 0 0 0 0 0 0 0 0 0 0
 0 0 0 0 0 0 0 0 0 0 0 0 0 0 0 0 0 0 0 0 0 0 0 0 0 0 0 0 0 0 0 0 0 0 0 0 0
 0 0 0 0 0 0 0 0 0 0 0 0 0 0 0 0 0 0 0 0 0 0 0 0 0 0 0 0 0 0]
 ARI Score 33 : 1.0
Minkowski score 33 : 0.0
------------------------------------------------------------------------------------------------------------
chromosome 34 : [  4.04833333   5.16         5.63928571  14.915       16.403125    15.8340625
   0.1087       0.0303      -0.0189       5.606        4.11866667
   5.70933333   5.25069767   5.77767442   4.03906977   8.57193548
   9.62677419  10.65806452  10.69354167  10.53791667  10.185625
  15.15470588  14.22        14.80235294  10.01666667   9.26238095
   9.23047619   0.           0.           0.           0.           0.           0.
   0.           0.           0.           0.           0.           0.           0.
   0.           0.           0.           0.           0.           0.           0.
   0.           0.           0.           0.           0.           0.           0.
   0.           0.           0.           0.           0.           0.        ]
 Objectives (Sil) : 0.285171579802
 Objectives (PBM) : 341.481905456
Cluster size 34 :9
Predicted Label for 34: [0 0 0 0 0 0 2 0 2 2 0 0 0 0 0 2 2 0 2 0 0 0 2 2 2 2 2 2 0 0 2 2 0 0 0 2 0
 2 2 2 2 2 0 0 0 0 0 2 2 0 0 2 0 2 2 2 2 0 0 0 2 0 0 2 2 0 2 2 2 2 0 0 0 0
 2 2 0 0 0 2 0 2 0 2 2 0 2 0 2 2 0 2 2 2 0 0 2 0 2 0 5 4 5 5 3 3 5 4 5 4 3
 4 3 4 5 5 4 5 3 4 4 3 5 4 5 4 5 4 3 5 4 3 5 5 3 4 5 3 3 4 4 5 4 3 5 3 4 5
 4 5 3 5 5 5 3 3 4 3 5 3 4 5 4 4 5 4 5 3 5 5 3 4 5 4 4 4 4 5 4 4 4 5 3 5 5
 5 5 5 5 5 4 5 4 5 3 5 5 3 4 3 6 8 8 8 6 6 6 8 6 8 8 8 8 6 6 6 8 8 6 6 8 8
 6 6 8 6 6 6 8 8 8 8 8 8 6 8 8 6 8 6 6 8 6 6 6 8 8 8 6 6 8 6 6 8 8 8 8 6 6
 6 6 8 8 8 6 6 8 8 8 6 6 8 6 6 8 6 8 8 6 6 8 6 8 8 6 6 8 8 8 6 6 8 6 6 8 6
 8 8 6 8 1 1 7 7 7 1 1 7 7 7 1 1 7 7 7 1 1 1 7 7 1 1 7 7 1 1 7 1 7 7 7 7 1
 7 7 7 1 1 1 7 7 1 7 7 1 1 1 7 7 1 7 7 1 1 1 1 1 1 7 7 1 1 7 7 7 7 1 1 7 1
 1 1 1 1 7 7 1 1 7 1 7 1 7 1 1 7 1 1 7 7 1 7 7 7 1 1 7 7 7 7]
 ARI Score 34 : 0.559036287362
Minkowski score 34 : 0.736597418931
------------------------------------------------------------------------------------------------------------

------------------------------------------------------------------------------------------------------------

------------------------------------------------------------------------------------------------------------

 Maximum ari for 22th chromosome : 1.0

 Minkowski score corresponding to maximum ARI : 0.0
Final label corresponding to max ARI for 22 chromosome : [2 2 2 2 2 2 2 2 2 2 2 2 2 2 2 2 2 2 2 2 2 2 2 2 2 2 2 2 2 2 2 2 2 2 2 2 2
 2 2 2 2 2 2 2 2 2 2 2 2 2 2 2 2 2 2 2 2 2 2 2 2 2 2 2 2 2 2 2 2 2 2 2 2 2
 2 2 2 2 2 2 2 2 2 2 2 2 2 2 2 2 2 2 2 2 2 2 2 2 2 2 0 0 0 0 0 0 0 0 0 0 0
 0 0 0 0 0 0 0 0 0 0 0 0 0 0 0 0 0 0 0 0 0 0 0 0 0 0 0 0 0 0 0 0 0 0 0 0 0
 0 0 0 0 0 0 0 0 0 0 0 0 0 0 0 0 0 0 0 0 0 0 0 0 0 0 0 0 0 0 0 0 0 0 0 0 0
 0 0 0 0 0 0 0 0 0 0 0 0 0 0 0 3 3 3 3 3 3 3 3 3 3 3 3 3 3 3 3 3 3 3 3 3 3
 3 3 3 3 3 3 3 3 3 3 3 3 3 3 3 3 3 3 3 3 3 3 3 3 3 3 3 3 3 3 3 3 3 3 3 3 3
 3 3 3 3 3 3 3 3 3 3 3 3 3 3 3 3 3 3 3 3 3 3 3 3 3 3 3 3 3 3 3 3 3 3 3 3 3
 3 3 3 3 1 1 1 1 1 1 1 1 1 1 1 1 1 1 1 1 1 1 1 1 1 1 1 1 1 1 1 1 1 1 1 1 1
 1 1 1 1 1 1 1 1 1 1 1 1 1 1 1 1 1 1 1 1 1 1 1 1 1 1 1 1 1 1 1 1 1 1 1 1 1
 1 1 1 1 1 1 1 1 1 1 1 1 1 1 1 1 1 1 1 1 1 1 1 1 1 1 1 1 1 1]
Actual label of data : [ 1.  1.  1.  1.  1.  1.  1.  1.  1.  1.  1.  1.  1.  1.  1.  1.  1.  1.
  1.  1.  1.  1.  1.  1.  1.  1.  1.  1.  1.  1.  1.  1.  1.  1.  1.  1.
  1.  1.  1.  1.  1.  1.  1.  1.  1.  1.  1.  1.  1.  1.  1.  1.  1.  1.
  1.  1.  1.  1.  1.  1.  1.  1.  1.  1.  1.  1.  1.  1.  1.  1.  1.  1.
  1.  1.  1.  1.  1.  1.  1.  1.  1.  1.  1.  1.  1.  1.  1.  1.  1.  1.
  1.  1.  1.  1.  1.  1.  1.  1.  1.  1.  2.  2.  2.  2.  2.  2.  2.  2.
  2.  2.  2.  2.  2.  2.  2.  2.  2.  2.  2.  2.  2.  2.  2.  2.  2.  2.
  2.  2.  2.  2.  2.  2.  2.  2.  2.  2.  2.  2.  2.  2.  2.  2.  2.  2.
  2.  2.  2.  2.  2.  2.  2.  2.  2.  2.  2.  2.  2.  2.  2.  2.  2.  2.
  2.  2.  2.  2.  2.  2.  2.  2.  2.  2.  2.  2.  2.  2.  2.  2.  2.  2.
  2.  2.  2.  2.  2.  2.  2.  2.  2.  2.  2.  2.  2.  2.  2.  2.  2.  2.
  2.  2.  3.  3.  3.  3.  3.  3.  3.  3.  3.  3.  3.  3.  3.  3.  3.  3.
  3.  3.  3.  3.  3.  3.  3.  3.  3.  3.  3.  3.  3.  3.  3.  3.  3.  3.
  3.  3.  3.  3.  3.  3.  3.  3.  3.  3.  3.  3.  3.  3.  3.  3.  3.  3.
  3.  3.  3.  3.  3.  3.  3.  3.  3.  3.  3.  3.  3.  3.  3.  3.  3.  3.
  3.  3.  3.  3.  3.  3.  3.  3.  3.  3.  3.  3.  3.  3.  3.  3.  3.  3.
  3.  3.  3.  3.  3.  3.  3.  3.  3.  3.  3.  3.  4.  4.  4.  4.  4.  4.
  4.  4.  4.  4.  4.  4.  4.  4.  4.  4.  4.  4.  4.  4.  4.  4.  4.  4.
  4.  4.  4.  4.  4.  4.  4.  4.  4.  4.  4.  4.  4.  4.  4.  4.  4.  4.
  4.  4.  4.  4.  4.  4.  4.  4.  4.  4.  4.  4.  4.  4.  4.  4.  4.  4.
  4.  4.  4.  4.  4.  4.  4.  4.  4.  4.  4.  4.  4.  4.  4.  4.  4.  4.
  4.  4.  4.  4.  4.  4.  4.  4.  4.  4.  4.  4.  4.  4.  4.  4.  4.  4.
  4.  4.  4.  4.]
 No of clusters detected automatically : 4
 For chromosome : 22