Generation no  :  0
Clusters : [3, 15, 19, 47, 38, 48, 47, 36, 52, 16, 33, 31, 23, 51, 45, 26, 37, 40, 14, 35, 37, 15, 33, 23, 16]
Predicted labels : [array([1, 1, 1, ..., 1, 1, 1], dtype=int32), array([7, 0, 0, ..., 0, 0, 0], dtype=int32), array([8, 5, 5, ..., 5, 5, 5], dtype=int32), array([25, 22, 44, ..., 22, 22, 22], dtype=int32), array([10, 23, 25, ..., 23, 23, 23], dtype=int32), array([12, 29, 33, ..., 29, 29, 29], dtype=int32), array([42, 38, 21, ..., 38, 38, 38], dtype=int32), array([17, 28, 16, ..., 35, 28, 28], dtype=int32), array([17, 39, 42, ...,  9, 18,  9], dtype=int32), array([14,  4,  4, ...,  4,  4,  4], dtype=int32), array([ 1, 23, 23, ..., 23, 23, 23], dtype=int32), array([ 9, 11, 21, ..., 11, 11, 21], dtype=int32), array([22,  2,  2, ...,  2,  2,  2], dtype=int32), array([37, 17,  7, ..., 17, 20, 17], dtype=int32), array([ 4,  9, 33, ...,  9,  9,  9], dtype=int32), array([24, 19, 22, ..., 19, 18, 19], dtype=int32), array([28, 22,  7, ..., 22, 22, 22], dtype=int32), array([ 7, 39, 13, ..., 39, 21, 39], dtype=int32), array([ 8, 12, 12, ..., 12, 12, 12], dtype=int32), array([ 6, 23, 23, ..., 23,  2, 23], dtype=int32), array([31, 24, 17, ..., 24, 24, 24], dtype=int32), array([10,  4,  4, ...,  4,  4,  4], dtype=int32), array([14, 27, 17, ..., 27, 27, 27], dtype=int32), array([9, 4, 3, ..., 4, 4, 4], dtype=int32), array([14,  2,  7, ...,  2,  2,  2], dtype=int32)]
PBM index : [74805.06744507351, 6854.171315391287, 3862.8104391360953, 670.0345907093312, 966.2338230231609, 652.7689023700793, 682.704711245872, 1133.4171225362886, 584.7486123833933, 5262.408535485443, 1332.617253191851, 1506.380740112047, 2661.074432620738, 590.3068997038895, 730.3030930385855, 2109.9028947542597, 1025.9337140927673, 949.973787938214, 6896.962675363268, 1164.1598185057298, 1062.751446106517, 6831.608900838766, 1433.7480792383167, 2919.9121478458346, 4747.47667945762]
Sil score : [0.6440684069370429, 0.11876543325565606, 0.11498276638373668, 0.02544768995627091, -0.0032133177642281927, -0.05930716781939695, 0.029043312623844346, -0.014187972475403925, -0.09877025217856518, 0.2971906005555143, 0.034325744438398746, -0.025460229476349176, 0.16130613349134662, 0.009239787013560381, -0.03245384561874581, 0.06390478118298742, 0.012202727474809988, -0.007353676750407708, 0.18574921590031984, 0.04029316966658725, 0.03046448200806678, 0.11081538809421397, 0.022129454788277828, 0.022554682686224535, 0.08335704496535899]
Generation no  :  1
Clusters : [3, 15, 19, 47, 38, 47, 47, 35, 52, 16, 33, 31, 23, 52, 45, 26, 38, 39, 14, 35, 37, 14, 32, 23, 16]
Predicted labels : [array([1, 1, 1, ..., 1, 1, 1], dtype=int32), array([1, 3, 3, ..., 3, 3, 3], dtype=int32), array([ 4, 16, 16, ..., 16, 16, 16], dtype=int32), array([26,  3,  8, ..., 22, 24,  3], dtype=int32), array([25, 29, 22, ..., 29, 22, 29], dtype=int32), array([ 9, 29, 33, ..., 29, 29, 29], dtype=int32), array([42, 25, 38, ..., 25, 10, 25], dtype=int32), array([29, 28, 31, ..., 28, 28, 28], dtype=int32), array([26, 18, 39, ..., 42,  9, 51], dtype=int32), array([8, 4, 3, ..., 4, 4, 4], dtype=int32), array([21,  3, 24, ...,  3,  3,  3], dtype=int32), array([ 9, 21, 25, ..., 20, 21, 20], dtype=int32), array([9, 4, 3, ..., 4, 4, 4], dtype=int32), array([22, 23, 23, ..., 23, 23, 23], dtype=int32), array([28, 35,  5, ..., 22,  5, 35], dtype=int32), array([16, 21, 19, ..., 21, 21, 19], dtype=int32), array([ 9, 29, 33, ..., 29,  4, 29], dtype=int32), array([26, 19, 17, ..., 19, 19, 19], dtype=int32), array([2, 6, 6, ..., 6, 6, 6], dtype=int32), array([23,  2,  5, ...,  2,  2,  2], dtype=int32), array([31, 24,  5, ..., 24, 24, 24], dtype=int32), array([10, 11, 11, ..., 11, 11, 11], dtype=int32), array([19, 17, 31, ..., 24, 20, 17], dtype=int32), array([10,  4, 17, ...,  4,  4,  4], dtype=int32), array([7, 2, 2, ..., 2, 2, 2], dtype=int32)]
PBM index : [133628.0599336274, 5911.372279245437, 3845.490124232898, 657.0888277353549, 1019.5183797202058, 645.5201642674879, 683.6849412347447, 1127.6150803011044, 561.7545741121594, 5240.704577282876, 1336.6850531034975, 1497.344445382365, 2653.6867929538503, 601.802818293785, 766.6368972273532, 2143.062686989033, 1056.3474583152379, 896.076025944454, 6643.279917910831, 1168.8478871456164, 1043.4925890261854, 5867.993270549126, 1306.4155846782735, 2671.078949964397, 5297.400972353653]
Sil score : [0.603001331004101, 0.20228390218453832, 0.14169664389938041, -0.059516410176578056, -0.006569830543598774, -0.05474819387595477, 0.026064292984155895, 0.04939483986765808, -0.07773999493446145, 0.06359016999579159, -0.03569213252969632, -0.0668696834120774, 0.04023480385202939, 0.08834125422599452, -0.030502652364178682, -0.0231386573566207, -0.055838071294187525, 0.02171369710650656, 0.3372316351050289, -0.016277719686435044, 0.032890590593403234, 0.19757666411881092, -0.016091001137333024, 0.05116306935231372, 0.1924528306534922]
Generation no  :  2
Clusters : [3, 15, 19, 48, 37, 48, 47, 35, 52, 16, 33, 31, 23, 52, 45, 26, 38, 40, 15, 36, 37, 14, 31, 23, 16]
Predicted labels : [array([2, 2, 2, ..., 2, 2, 2], dtype=int32), array([4, 2, 2, ..., 2, 2, 2], dtype=int32), array([14, 16, 16, ..., 16, 16, 16], dtype=int32), array([26,  3,  8, ...,  3,  3,  3], dtype=int32), array([25, 29, 22, ..., 29, 29, 29], dtype=int32), array([29,  4, 28, ...,  4,  4,  4], dtype=int32), array([42, 38, 21, ..., 38, 33, 38], dtype=int32), array([26,  0, 21, ...,  0,  0,  0], dtype=int32), array([33,  0,  0, ...,  0,  0,  0], dtype=int32), array([14,  3,  3, ...,  3, 15,  3], dtype=int32), array([ 2, 24, 26, ..., 24, 23, 24], dtype=int32), array([15, 20, 21, ..., 20, 20, 20], dtype=int32), array([9, 4, 4, ..., 4, 4, 4], dtype=int32), array([33,  0,  0, ...,  0,  0,  0], dtype=int32), array([ 8, 31,  5, ..., 31, 31, 31], dtype=int32), array([ 7, 23, 17, ..., 23, 23, 23], dtype=int32), array([28, 35,  7, ...,  5, 11,  7], dtype=int32), array([17, 18,  9, ...,  5,  9,  9], dtype=int32), array([10,  4,  4, ...,  4,  4,  4], dtype=int32), array([23,  1, 22, ...,  1,  1,  1], dtype=int32), array([31,  5, 17, ...,  5,  5,  5], dtype=int32), array([ 5, 13,  6, ..., 13, 13, 13], dtype=int32), array([10, 21,  4, ..., 21, 15, 21], dtype=int32), array([9, 4, 3, ..., 4, 4, 4], dtype=int32), array([14,  2,  2, ...,  2,  2,  2], dtype=int32)]
PBM index : [127431.1368812082, 6082.816781294395, 3835.433740956648, 683.1339387938023, 1019.7110645805656, 673.5031620919689, 678.2060010605159, 1196.650662829159, 569.4323597701792, 5264.415854236644, 1357.556921063346, 1499.9483559423663, 2661.2209897324733, 569.4323597701792, 771.0927600636292, 2145.4749529801857, 1036.632427192378, 972.2935373030404, 6781.73072914437, 1192.532177656329, 1051.2676254315988, 6965.846480520401, 1458.4613579698796, 2664.774354886751, 5387.288003199206]
Sil score : [0.9761175408872461, 0.13285277080117155, 0.24051465996937185, 0.013873404063533606, -0.005438222558919641, 0.020239320818072244, 0.004662919603352148, 0.041430139098191696, 0.3561785993806482, 0.08010142751620809, 0.04155458552173846, 0.008933626333757303, 0.15397608906229504, 0.3561785993806482, 0.009504933075821627, 0.013610502071286022, -0.05646559100090986, -0.09247932437360092, 0.07413144716153433, 0.019979892509751157, 0.0034905389398075535, 0.06596268323308618, -0.12194533555980733, 0.031823280351100394, 0.12403865936035574]
Generation no  :  3
Clusters : [3, 15, 19, 49, 38, 48, 47, 36, 52, 16, 33, 32, 23, 52, 45, 26, 38, 40, 16, 36, 36, 14, 31, 23, 15]
Predicted labels : [array([2, 2, 2, ..., 2, 2, 2], dtype=int32), array([0, 2, 4, ..., 2, 2, 2], dtype=int32), array([17, 16, 16, ..., 16, 16, 16], dtype=int32), array([42, 47, 21, ..., 33, 38, 33], dtype=int32), array([25, 29, 22, ...,  2, 29, 22], dtype=int32), array([ 9, 29, 33, ..., 28, 29, 33], dtype=int32), array([42, 38, 33, ..., 38, 38, 38], dtype=int32), array([28,  4,  7, ...,  4,  4,  4], dtype=int32), array([ 9, 48, 12, ..., 28,  4, 29], dtype=int32), array([1, 3, 3, ..., 3, 3, 3], dtype=int32), array([16,  2, 23, ...,  2,  2,  2], dtype=int32), array([18, 21,  9, ..., 16, 21, 16], dtype=int32), array([22,  1,  2, ...,  1,  1,  1], dtype=int32), array([29, 35, 21, ..., 35, 35, 35], dtype=int32), array([10, 19, 19, ..., 19, 19, 19], dtype=int32), array([14, 21,  7, ..., 21, 21, 21], dtype=int32), array([16, 33, 26, ..., 33, 23, 33], dtype=int32), array([30, 33,  3, ..., 23, 26, 24], dtype=int32), array([14,  3,  3, ...,  3,  3,  3], dtype=int32), array([28, 35, 23, ..., 35, 35, 35], dtype=int32), array([31,  5, 17, ...,  5,  5,  5], dtype=int32), array([7, 4, 4, ..., 4, 4, 4], dtype=int32), array([ 6, 16, 10, ..., 16, 16, 16], dtype=int32), array([17,  4,  4, ...,  4,  4,  4], dtype=int32), array([7, 2, 2, ..., 2, 2, 2], dtype=int32)]
PBM index : [127431.1368812082, 5970.542344140618, 3675.540471153332, 657.1384232351099, 1079.9891755828153, 636.0327451686494, 682.6290043643404, 1182.5865941763964, 566.9424839822937, 5369.6198065276285, 1349.7266852176615, 1509.3536282696384, 2568.9651808496387, 583.4205407489873, 763.5600604033975, 2146.8562091032063, 1035.7998994502893, 948.5602965648498, 5908.85276402736, 1142.7853914152342, 1043.3949429860888, 6682.65078829809, 1537.6269843337438, 2613.2666342108855, 5283.562746727598]
Sil score : [0.9761175408872461, 0.043259374106859746, 0.28329440004551815, -0.11415200801276604, -0.09455915385342256, -0.062287098431185635, 0.016367801546904707, 0.022193212328159333, -0.10455637185088579, 0.1452405364997635, 0.04975253835099967, -0.03907662940707348, 0.07581512793080904, -0.0005194396967125248, 0.1356354614959597, 0.04088347947887192, -0.0069780508793010005, -0.08492417695176249, 0.1833008481073496, 0.034163421107791435, 0.007259111306652165, 0.27346894775344643, 0.08187107004995973, 0.19561595484779337, 0.18681055135409963]
Generation no  :  4
Clusters : [3, 15, 20, 49, 37, 49, 48, 36, 52, 16, 34, 31, 23, 52, 44, 25, 37, 39, 16, 37, 37, 14, 31, 23, 14]
Predicted labels : [array([1, 1, 1, ..., 1, 1, 1], dtype=int32), array([1, 4, 3, ..., 4, 4, 4], dtype=int32), array([14, 19, 16, ..., 19, 19, 19], dtype=int32), array([42, 47, 21, ..., 33, 38, 33], dtype=int32), array([ 4, 29, 25, ..., 29, 22, 29], dtype=int32), array([12, 41, 47, ..., 41, 41, 41], dtype=int32), array([42, 38, 33, ..., 33, 38, 33], dtype=int32), array([29, 28, 35, ..., 28, 28, 28], dtype=int32), array([ 1, 23,  4, ..., 23, 23, 23], dtype=int32), array([14,  8,  4, ...,  8,  3,  8], dtype=int32), array([16, 24, 26, ..., 24, 23, 24], dtype=int32), array([15, 21, 25, ..., 20, 16, 20], dtype=int32), array([ 3, 22, 22, ..., 22, 22, 22], dtype=int32), array([17, 23, 16, ..., 23, 19, 23], dtype=int32), array([30, 31, 20, ..., 21, 28, 31], dtype=int32), array([ 7, 21, 16, ..., 21, 21, 21], dtype=int32), array([15, 31, 21, ..., 21, 31, 21], dtype=int32), array([1, 4, 4, ..., 4, 4, 4], dtype=int32), array([14,  5,  3, ...,  5,  5,  5], dtype=int32), array([23, 35, 11, ..., 11, 35, 35], dtype=int32), array([21, 31,  5, ..., 31, 31, 31], dtype=int32), array([6, 7, 5, ..., 7, 2, 7], dtype=int32), array([ 1, 15,  4, ...,  4, 15, 15], dtype=int32), array([9, 4, 3, ..., 4, 4, 4], dtype=int32), array([ 1, 12,  9, ..., 12, 12, 12], dtype=int32)]
PBM index : [127431.1368812082, 5927.6484909500605, 3758.0958331263046, 637.1387962268176, 1018.5319449529227, 654.6644912446047, 683.3768253770958, 1136.8224225066933, 587.5911679286368, 5429.4274462473595, 1359.8035144539328, 1415.1188875900264, 2667.8114390706137, 591.9320758877016, 766.6355986255903, 2128.5883096385405, 1038.1610932722701, 953.1280454067921, 5351.459129056979, 1103.8305228462038, 1108.3439899247037, 6817.1836286654325, 1546.9467421401644, 2678.1712425265173, 6073.578487751108]
Sil score : [0.9761175408872461, 0.033309809818312074, 0.017206146211817996, -0.10198545319034141, 0.0033105194561526257, 0.012843475933541645, -0.05537507978053736, 0.009100679551405031, 0.029844787255754054, 0.05496220126079947, 0.04219632745284157, -0.08423555033957254, 0.15177678607497494, 0.011711486080308848, -0.04181215442269214, 0.038015584169543606, -0.08949276791386938, 0.12130041677999152, 0.06065951737944744, -0.018990095586949685, 0.004359641197024875, 0.03688616435078514, -0.002297549573532542, 0.020569745496265123, 0.08804606298213011]
Generation no  :  5
Clusters : [3, 16, 20, 49, 37, 48, 49, 37, 51, 16, 33, 30, 23, 52, 43, 25, 37, 39, 16, 38, 38, 14, 31, 23, 15]
Predicted labels : [array([1, 1, 1, ..., 1, 1, 1], dtype=int32), array([2, 0, 7, ..., 0, 0, 0], dtype=int32), array([ 7, 16, 16, ..., 16, 16, 16], dtype=int32), array([2, 3, 3, ..., 3, 3, 3], dtype=int32), array([ 4, 29, 10, ...,  2, 22, 29], dtype=int32), array([ 9, 29, 33, ..., 28, 29, 29], dtype=int32), array([42, 47, 38, ..., 38, 47, 38], dtype=int32), array([17, 28, 35, ..., 28,  0, 28], dtype=int32), array([12, 18, 10, ..., 18, 10, 18], dtype=int32), array([ 2, 15, 15, ..., 15, 15, 15], dtype=int32), array([16,  2,  3, ...,  2,  2,  2], dtype=int32), array([18, 21, 16, ..., 21, 21, 16], dtype=int32), array([ 7, 16, 14, ..., 16, 16, 14], dtype=int32), array([16, 31, 20, ..., 21, 31, 21], dtype=int32), array([ 8, 19,  5, ..., 19, 19, 19], dtype=int32), array([ 7, 21, 16, ..., 16, 21, 21], dtype=int32), array([ 9, 29, 33, ..., 33, 28, 33], dtype=int32), array([16, 33, 26, ..., 26, 23, 33], dtype=int32), array([10, 14, 12, ..., 14,  8, 14], dtype=int32), array([23, 35, 11, ..., 35, 35, 11], dtype=int32), array([31, 24, 17, ..., 24, 24, 24], dtype=int32), array([1, 3, 4, ..., 3, 3, 3], dtype=int32), array([19, 24, 17, ..., 17, 15, 24], dtype=int32), array([17, 19, 16, ..., 19, 19, 19], dtype=int32), array([13,  3, 10, ...,  3,  3,  3], dtype=int32)]
PBM index : [127431.1368812082, 6019.143999712909, 3375.7319991161608, 638.8947271772546, 1080.5238767497776, 607.4123227593512, 658.7408086666214, 1142.752940217111, 596.6502715545288, 5299.753837770426, 1263.4314711741108, 1501.0539041237685, 2725.1286065459926, 586.9783274298771, 796.2608878006565, 2303.7308018960334, 1076.2066708769275, 991.9908203112452, 5280.351094790924, 1079.8372783493526, 1047.063547139119, 6863.3433538878135, 1477.1283795469267, 2685.8130796168757, 6995.331256134739]
Sil score : [0.9761175408872461, 0.0664835436974204, 0.13019337908740805, 0.3331848300761236, -0.0284903576854431, -0.06123228859070622, -0.07804521153529362, -0.004131249825293945, 0.011138356012263295, 0.2541845751471817, 0.01690777230266673, -0.02255580509098968, -0.025140943404843415, -0.08108520327076703, 0.0314910348434037, -0.0008366384925987156, -0.08590751265205103, -0.10092035338134854, 0.0037713908146811553, -0.05317355564350166, 0.019541772284762518, 0.028170240831447008, -0.03185948517451239, 0.02793625514595525, 0.05517107246252618]
Generation no  :  6
Clusters : [3, 16, 20, 49, 37, 49, 49, 36, 52, 16, 33, 30, 22, 52, 43, 25, 37, 38, 15, 38, 38, 13, 31, 24, 15]
Predicted labels : [array([1, 1, 1, ..., 1, 1, 1], dtype=int32), array([14, 15,  1, ..., 15, 15, 15], dtype=int32), array([18, 16, 14, ..., 16, 16, 16], dtype=int32), array([19, 37, 17, ..., 37, 31, 17], dtype=int32), array([13, 29,  4, ..., 29, 29, 29], dtype=int32), array([21, 16, 33, ..., 16, 16, 16], dtype=int32), array([42, 47, 38, ..., 47, 47, 47], dtype=int32), array([29, 28, 31, ..., 28, 31, 31], dtype=int32), array([ 1, 16, 12, ..., 12, 21, 12], dtype=int32), array([ 4, 15, 15, ..., 15, 15, 15], dtype=int32), array([21, 24,  2, ..., 24, 24, 24], dtype=int32), array([18, 21,  9, ..., 16, 21, 16], dtype=int32), array([17, 20, 16, ..., 20, 20, 20], dtype=int32), array([33, 35, 23, ..., 35, 35, 35], dtype=int32), array([ 4, 39, 22, ..., 29, 23, 22], dtype=int32), array([14, 16,  7, ..., 16, 16, 16], dtype=int32), array([1, 3, 3, ..., 3, 3, 3], dtype=int32), array([ 6, 14,  5, ..., 14, 14, 14], dtype=int32), array([14,  3,  8, ...,  3,  3,  3], dtype=int32), array([28, 35, 23, ..., 11,  5, 11], dtype=int32), array([17, 37, 31, ..., 37,  0, 37], dtype=int32), array([3, 8, 8, ..., 8, 8, 8], dtype=int32), array([16, 21, 19, ..., 21,  4, 21], dtype=int32), array([ 7, 22,  5, ..., 22, 22, 22], dtype=int32), array([10,  2,  0, ...,  2,  2,  2], dtype=int32)]
PBM index : [130661.27067708982, 5286.955511283229, 3482.106845761771, 653.0186661434394, 1074.5354346310492, 649.8264090629515, 630.5728314386331, 1077.4138776580928, 625.642471754323, 5194.786759399088, 1339.4813795437872, 1611.4739668756915, 2650.501281096134, 580.6437246211755, 830.505312958394, 2303.4957631310945, 1084.9109139114369, 1010.3580768630362, 5273.08125915718, 1033.3619376499805, 1014.5438377202055, 6822.259404616154, 1543.5981249649076, 2623.9434735227305, 5912.4414391428045]
Sil score : [0.8814479152606147, 0.057026484336869326, 0.09005671463465766, -0.04443377377263012, 0.02017522992301292, 0.015378721886466929, -0.03561956945894693, -0.0007385652725949882, -0.0706918338692834, 0.17975629142822164, 0.08242073818532304, -0.041858073081261875, 0.05508513176500994, 0.016498620821922088, -0.06626010198181873, 0.05721257349313309, 0.34451509799457936, -0.015149264194928364, 0.009142764242684526, -0.08034896195821033, 0.04050208690647202, 0.3866657767780477, -0.0031826445763406853, 0.00012521138718428454, 0.04507183986878901]
Generation no  :  7
Clusters : [3, 16, 19, 49, 37, 49, 50, 35, 51, 16, 33, 31, 22, 51, 43, 25, 37, 37, 14, 39, 37, 13, 32, 25, 15]
Predicted labels : [array([1, 1, 1, ..., 1, 1, 1], dtype=int32), array([ 9,  1, 12, ..., 11,  1,  1], dtype=int32), array([2, 1, 1, ..., 1, 1, 1], dtype=int32), array([34, 37, 29, ..., 37,  7, 37], dtype=int32), array([21,  2, 29, ...,  2,  2,  2], dtype=int32), array([ 9, 48, 33, ..., 48, 29, 48], dtype=int32), array([42, 47, 38, ..., 38, 47, 38], dtype=int32), array([21, 28, 31, ..., 28, 28, 28], dtype=int32), array([42, 47, 10, ..., 38, 41, 38], dtype=int32), array([ 5,  2, 11, ...,  2,  2,  2], dtype=int32), array([16, 24, 26, ..., 24, 23, 24], dtype=int32), array([ 1, 21, 25, ..., 21, 16, 21], dtype=int32), array([17, 16, 16, ..., 16, 16, 16], dtype=int32), array([17, 19, 16, ..., 19, 19, 19], dtype=int32), array([ 8, 33, 26, ..., 33, 24, 33], dtype=int32), array([18, 22,  2, ..., 22, 23, 22], dtype=int32), array([ 1, 35,  5, ...,  6,  7, 35], dtype=int32), array([10, 15,  4, ..., 15, 15, 15], dtype=int32), array([13, 10,  3, ..., 10, 10, 10], dtype=int32), array([23,  5, 35, ..., 35,  5,  5], dtype=int32), array([ 6, 14,  5, ..., 14, 14, 14], dtype=int32), array([8, 3, 3, ..., 3, 3, 3], dtype=int32), array([ 4, 18, 22, ..., 22, 18, 22], dtype=int32), array([ 5, 22, 23, ..., 22, 22, 22], dtype=int32), array([ 4, 10, 10, ..., 10, 10, 10], dtype=int32)]
PBM index : [130661.27067708982, 5277.785443221438, 3352.410111902759, 652.8763166981848, 1056.3698977340555, 622.9095948927284, 630.6891018341239, 1129.5064863419814, 566.2315510982985, 5274.023011079853, 1355.600207992283, 1601.8451521554182, 2818.1898444203903, 583.069386194853, 829.3584644975189, 2304.3509049050426, 1092.3503021265706, 1061.709427202071, 5915.0524637679955, 992.1862131803348, 1060.5545802740683, 7878.305990069084, 1523.158285158888, 2405.6015627575443, 5906.756231009807]
Sil score : [0.8814479152606147, 0.022102454701559804, 0.11692206365979091, 0.013334681723719079, -0.017309276951252978, -0.05791866991594292, -0.20079910319600514, 0.02980160979186299, -0.09088536839917302, 0.04009005442020508, -0.00892808601395204, 0.03753019224677754, 0.10135114202730008, 0.06055641664521275, -0.03761927136097754, 0.012434369354687193, -0.04863011389287223, 0.008814159838071146, 0.052687758043755875, -0.010154327731778717, 0.014251314129285184, 0.11531475687307623, -0.0727207400394309, -0.01361666814804509, 0.15294958546280513]
Generation no  :  8
Clusters : [2, 16, 19, 50, 37, 50, 49, 35, 51, 16, 33, 31, 22, 52, 43, 25, 36, 38, 14, 40, 36, 13, 32, 25, 15]
Predicted labels : [array([1, 1, 1, ..., 1, 1, 1], dtype=int32), array([ 9,  4, 12, ...,  4,  4,  4], dtype=int32), array([ 3, 15,  8, ..., 15, 13, 15], dtype=int32), array([ 4, 24, 14, ..., 24, 24, 24], dtype=int32), array([25, 29, 22, ..., 29, 22, 29], dtype=int32), array([ 9, 48, 33, ..., 29, 29, 29], dtype=int32), array([42, 47, 38, ..., 38, 47, 38], dtype=int32), array([ 6, 13,  8, ..., 13, 13, 13], dtype=int32), array([ 4, 24, 18, ..., 24, 24, 24], dtype=int32), array([14, 11,  5, ..., 11, 11, 11], dtype=int32), array([16, 26, 23, ...,  2, 26, 26], dtype=int32), array([18, 21,  9, ..., 21, 21, 16], dtype=int32), array([ 1, 19,  4, ..., 19, 19, 19], dtype=int32), array([17, 19, 16, ..., 19, 19, 19], dtype=int32), array([ 4, 39, 22, ..., 29, 23, 22], dtype=int32), array([21, 24, 23, ..., 24, 24, 24], dtype=int32), array([28, 35, 23, ..., 35, 35, 35], dtype=int32), array([ 9, 19, 10, ...,  5,  4, 19], dtype=int32), array([6, 7, 8, ..., 7, 7, 7], dtype=int32), array([23, 35, 11, ..., 11, 35, 11], dtype=int32), array([15, 31, 20, ..., 16, 21, 16], dtype=int32), array([7, 2, 5, ..., 2, 2, 2], dtype=int32), array([10, 19, 16, ..., 16, 19, 19], dtype=int32), array([14,  7, 23, ...,  7, 16,  7], dtype=int32), array([ 2, 10, 10, ..., 10, 10, 10], dtype=int32)]
PBM index : [127431.1368812082, 5382.357476523232, 3940.9682310821354, 664.5306140732407, 1070.1119745359217, 623.5532790123649, 606.8893244603514, 1244.6520294837023, 614.0372824206286, 5285.40566403165, 1340.9189138011272, 1520.2537765605703, 2947.349093793549, 607.059452726625, 830.505312958394, 2258.851853765123, 1085.4460427335466, 1114.558938983547, 6957.5083785407105, 977.3906981140838, 1086.2707937410482, 7875.196200901459, 1446.8520338770836, 2225.14251058152, 6027.628979892295]
Sil score : [0.9761175408872461, 0.0218189222056163, 0.01711814397911791, 0.030049256941418707, -0.0975374429340893, -0.10609153575776469, -0.0517178877715258, 0.02607785650899964, -0.11477388268582656, 0.020081821087033692, 0.007637338557624801, -0.03926748119688483, 0.0011332752025873325, 0.06816717097334347, -0.06626010198181873, 0.01955394460222882, 0.011583317105985145, -0.04306202066508163, 0.0742641973630177, -0.08615770325402684, -0.09830109898428636, 0.09416619617627603, -0.0076291122695272716, 0.004040267721982522, 0.09553005830079435]
Generation no  :  9
Clusters : [2, 15, 19, 49, 37, 50, 49, 36, 50, 17, 34, 31, 22, 51, 43, 25, 36, 37, 14, 40, 36, 13, 33, 25, 15]
Predicted labels : [array([0, 0, 0, ..., 0, 0, 0], dtype=int32), array([ 0,  4, 10, ...,  4,  4,  4], dtype=int32), array([12,  4,  2, ...,  4,  4,  4], dtype=int32), array([ 1, 19,  8, ..., 19, 19, 19], dtype=int32), array([25, 29, 10, ...,  2, 29, 10], dtype=int32), array([12, 48, 33, ..., 48, 48, 48], dtype=int32), array([42, 47, 25, ..., 47, 47, 47], dtype=int32), array([ 4, 15, 10, ..., 15, 15, 15], dtype=int32), array([ 1, 24, 10, ..., 10, 24, 24], dtype=int32), array([7, 2, 2, ..., 2, 2, 2], dtype=int32), array([16, 24, 26, ..., 24, 23, 24], dtype=int32), array([24, 25, 21, ..., 25, 25, 25], dtype=int32), array([ 3, 15, 10, ..., 15, 15, 10], dtype=int32), array([16, 33, 23, ..., 24, 26, 23], dtype=int32), array([ 8, 19,  5, ..., 19, 19, 19], dtype=int32), array([16, 23, 19, ..., 23, 23, 23], dtype=int32), array([ 6, 25, 22, ..., 22, 23, 22], dtype=int32), array([ 4, 15, 10, ..., 15, 15, 15], dtype=int32), array([5, 8, 3, ..., 8, 8, 8], dtype=int32), array([23, 35, 22, ..., 35, 35, 35], dtype=int32), array([ 9, 29, 12, ..., 33, 28, 33], dtype=int32), array([4, 2, 8, ..., 2, 2, 2], dtype=int32), array([10, 15,  4, ..., 15, 15, 15], dtype=int32), array([ 4, 21, 14, ..., 21, 21, 21], dtype=int32), array([ 2, 10,  4, ..., 10, 10, 10], dtype=int32)]
PBM index : [286720.05798271846, 5293.448943540584, 3783.6151294137376, 635.159516216279, 1081.6073914124154, 599.8660043649859, 634.2368635947331, 1240.0307624342379, 619.7700031033178, 5377.743049796832, 1363.9727375188672, 1493.074977836824, 2972.4666924081816, 583.305232526748, 833.0696574413505, 2313.3888684779126, 1161.4338372518475, 1061.0972034468784, 7021.490801348528, 933.595608646492, 1146.3641575874562, 7899.853254218881, 1458.8664706803559, 2346.505596592449, 5945.256595566979]
Sil score : [0.9761175408872461, 0.02056764975887059, 0.030851513888415817, 0.023602882785849093, -0.06979470107968813, -0.060789822850426424, 0.018857536283745854, 0.00876241337192668, -0.0357758216644006, 0.10339305160364802, -0.11722241797891818, -0.11974285560833992, -0.029164010242330184, -0.03848486867013047, 0.029445889802087663, -0.02392339881734224, -0.08146407134359868, 0.017090273457171443, 0.03334466237345657, 0.030700112059756687, -0.0663395673978359, 0.06112393625340297, 0.031025772483625223, 0.01778368811786111, 0.09079390352088966]
Generation no  :  10
Clusters : [2, 14, 18, 49, 37, 50, 49, 36, 50, 17, 34, 31, 22, 52, 43, 24, 36, 38, 14, 41, 36, 13, 33, 24, 16]
Predicted labels : [array([1, 1, 1, ..., 1, 1, 1], dtype=int32), array([ 0, 10,  4, ..., 10, 10, 10], dtype=int32), array([ 9, 16, 16, ..., 16,  4, 16], dtype=int32), array([ 1, 14,  4, ..., 14, 14, 14], dtype=int32), array([10, 29,  4, ..., 29, 29, 29], dtype=int32), array([21, 48, 29, ..., 29, 48, 29], dtype=int32), array([42, 47, 38, ..., 38, 47, 38], dtype=int32), array([ 6, 14,  5, ..., 14, 14, 14], dtype=int32), array([ 9, 19,  5, ..., 19,  4, 19], dtype=int32), array([10, 16,  4, ..., 16, 16, 16], dtype=int32), array([26, 33, 24, ..., 33, 33, 33], dtype=int32), array([2, 4, 4, ..., 4, 4, 4], dtype=int32), array([ 4, 21, 10, ..., 21, 21, 21], dtype=int32), array([18, 19,  8, ..., 19,  4, 19], dtype=int32), array([ 8, 19,  5, ..., 19, 19, 19], dtype=int32), array([ 7, 22, 21, ..., 22, 23, 22], dtype=int32), array([18, 25, 22, ..., 25, 23, 25], dtype=int32), array([14, 16,  7, ..., 16, 16, 16], dtype=int32), array([8, 5, 5, ..., 5, 5, 5], dtype=int32), array([23, 35,  5, ..., 35, 35, 35], dtype=int32), array([12, 15,  4, ...,  4, 15,  4], dtype=int32), array([7, 0, 0, ..., 0, 0, 0], dtype=int32), array([10, 22, 23, ..., 22, 22, 22], dtype=int32), array([ 7, 22, 23, ..., 22, 22, 22], dtype=int32), array([12,  4, 10, ...,  4,  4,  4], dtype=int32)]
PBM index : [286720.05798271846, 5987.820622574242, 3741.2198966016635, 664.8620095361099, 1069.5771639792363, 609.2993322778974, 631.0896597934575, 1175.3711957672258, 637.8557696761594, 4658.40061273081, 1287.2232771306506, 1528.8123126762302, 2948.518647079326, 615.1350837638993, 833.0099621635783, 2259.798353734858, 1159.0924137713307, 1123.3912686184858, 6966.938876384434, 931.8308823078003, 1176.1662204422757, 7808.11389283396, 1335.4112958526823, 2208.803313964613, 5986.186415479538]
Sil score : [0.9761175408872461, 0.025301672656517286, 0.08589577317994626, 0.01663359759399321, 0.01755994221273707, -0.03303815484962748, -0.05785747524606525, 0.012333328076681948, 0.011949566251804038, 0.07949928971500149, 0.002037282502906558, 0.16757787578535208, 0.01204061850675433, 0.020492723629534013, 0.025296921578541357, -0.10526850278037815, -0.0014114862960553224, 0.0077118011596816445, 0.13510226331260922, 0.012539811054144798, -0.06099544583549639, 0.14466374354776493, 0.0243528920144852, -0.08300188911152483, 0.015088176616555812]
Generation no  :  11
Clusters : [2, 13, 18, 49, 38, 51, 49, 36, 50, 17, 33, 31, 22, 52, 43, 24, 36, 38, 15, 41, 35, 13, 33, 23, 16]
Predicted labels : [array([0, 0, 0, ..., 0, 0, 0], dtype=int32), array([11,  4, 10, ...,  4,  4,  4], dtype=int32), array([ 1,  2, 16, ...,  2,  2,  2], dtype=int32), array([ 1, 14,  4, ..., 14, 14, 14], dtype=int32), array([25, 29, 22, ..., 10, 29, 10], dtype=int32), array([21, 48, 29, ..., 29, 48, 29], dtype=int32), array([42, 47, 18, ..., 38, 47, 38], dtype=int32), array([ 9, 29, 33, ..., 33, 29, 33], dtype=int32), array([1, 4, 4, ..., 4, 4, 4], dtype=int32), array([ 1,  4, 10, ...,  4,  4,  4], dtype=int32), array([16,  2, 23, ...,  2,  2,  2], dtype=int32), array([ 3, 13, 13, ..., 13, 13, 13], dtype=int32), array([18, 21,  4, ..., 21, 21, 21], dtype=int32), array([ 3, 16, 10, ..., 16, 16, 10], dtype=int32), array([18, 22, 10, ..., 10, 22, 10], dtype=int32), array([14, 16,  7, ..., 16, 16, 16], dtype=int32), array([18, 25, 22, ..., 25, 23, 25], dtype=int32), array([ 3, 16,  4, ...,  4, 16,  4], dtype=int32), array([10,  4,  4, ...,  4,  4,  4], dtype=int32), array([23, 35,  1, ..., 35, 35, 35], dtype=int32), array([16, 33, 26, ..., 33, 24, 33], dtype=int32), array([3, 5, 5, ..., 5, 5, 5], dtype=int32), array([10, 15,  4, ..., 15, 15, 15], dtype=int32), array([ 2, 14,  5, ..., 14,  7, 14], dtype=int32), array([ 7, 14, 14, ..., 14, 14, 14], dtype=int32)]
PBM index : [286720.05798271846, 6868.098613096734, 4206.906354706757, 664.8620095361099, 1076.3559750031582, 610.9023224128304, 631.7527143459131, 1134.9996670602472, 630.1827223004121, 4848.152267497059, 1281.8231873372636, 1542.4089750096864, 2937.2518222128174, 597.9339786276274, 846.6901356836133, 2481.02474826657, 1160.135539200917, 1066.222077474186, 6831.979719016874, 895.7124400000918, 1147.316166824315, 7849.8781154163835, 1374.399929047957, 2504.7297337631353, 5329.106686679288]
Sil score : [0.9761175408872461, 0.017604832972900667, 0.019746999193631643, 0.01663359759399321, -0.08100267987884022, -0.03397148111608788, -0.05623061293218819, -0.07681844398527561, 0.11425559383753334, 0.015590493500925754, -0.001997055152790268, 0.15906017978536485, 0.013006507160859644, -0.014692031462138566, -0.070868021180787, -0.07321844630065028, -0.004030143372657138, -0.0653970145650371, 0.10324422572747177, 0.008694674984693158, -0.03668801936724976, 0.1512799925856186, 0.006352202726214389, 0.019414335895237677, 0.21233896939141633]
Generation no  :  12
Clusters : [2, 13, 18, 50, 38, 51, 49, 36, 49, 17, 33, 31, 21, 52, 43, 23, 35, 37, 16, 41, 36, 14, 33, 23, 16]
Predicted labels : [array([0, 0, 0, ..., 0, 0, 0], dtype=int32), array([ 0, 10, 10, ..., 10, 10, 10], dtype=int32), array([14, 16, 16, ..., 16, 16, 16], dtype=int32), array([ 1, 14, 14, ..., 14, 15, 14], dtype=int32), array([21, 29, 29, ..., 29, 29, 29], dtype=int32), array([ 9, 48, 33, ..., 29, 29, 29], dtype=int32), array([42, 47, 21, ..., 21, 25, 21], dtype=int32), array([ 5, 15,  4, ...,  4, 15,  4], dtype=int32), array([ 0, 39, 10, ...,  4, 29,  4], dtype=int32), array([10, 16,  4, ..., 16, 16, 16], dtype=int32), array([16, 24, 26, ..., 24, 23, 24], dtype=int32), array([ 4, 29, 16, ..., 29, 29, 29], dtype=int32), array([10, 15,  4, ..., 15, 15, 15], dtype=int32), array([33,  0,  0, ...,  0,  0,  0], dtype=int32), array([ 2, 15, 10, ...,  4,  4, 15], dtype=int32), array([14, 16,  7, ..., 16, 16, 16], dtype=int32), array([21, 33, 26, ...,  1, 23, 33], dtype=int32), array([10, 15, 10, ..., 15, 15, 15], dtype=int32), array([13, 15, 15, ..., 15, 15, 15], dtype=int32), array([23, 35, 11, ..., 35, 35, 35], dtype=int32), array([ 6, 14,  5, ..., 14, 14, 14], dtype=int32), array([ 4,  6, 10, ...,  6,  6,  6], dtype=int32), array([ 4, 15, 15, ..., 15, 11, 15], dtype=int32), array([ 7, 16, 16, ..., 16, 16, 16], dtype=int32), array([7, 5, 5, ..., 5, 5, 5], dtype=int32)]
PBM index : [286720.05798271846, 7813.468656719797, 4234.265114773313, 655.9717868700443, 1006.8790093084649, 585.1667065231, 637.039413255185, 1182.9296025543088, 624.1253395497608, 4797.026133009969, 1356.1300464255735, 1463.0298669578997, 2928.9728681356373, 569.4323597701792, 846.199562693263, 2485.826044660767, 1138.3548744693267, 1058.7455543029134, 5964.537402125984, 897.6242657871165, 1240.832372968372, 7887.568130513122, 1369.0700516130619, 2673.397703912599, 5351.900605818421]
Sil score : [0.9761175408872461, 0.4834596585901601, 0.24118379977961646, 0.04897256349172544, 0.09291409541133562, -0.10341379117743675, -0.08064175326125657, -0.07614206459905332, -0.1075794784809335, 0.03467732065435111, 0.011178545920917535, -0.05953982236688626, 0.012624528649480972, 0.3561785993806482, -0.03888946617732751, 0.055101653121893884, -0.04498506234460779, 0.06609982315913313, 0.1127310733306486, 0.0023520130512261774, 0.014438365856775054, 0.0834044736978199, 0.13980036955093178, -0.05742915792480953, 0.15303870956972873]
Generation no  :  13
Clusters : [2, 14, 18, 51, 38, 52, 49, 37, 49, 18, 34, 30, 20, 52, 42, 23, 35, 37, 17, 41, 36, 14, 33, 23, 17]
Predicted labels : [array([0, 0, 0, ..., 0, 0, 0], dtype=int32), array([ 9, 12,  4, ..., 12, 12, 12], dtype=int32), array([ 3, 16,  4, ..., 16, 16, 16], dtype=int32), array([ 7, 15,  0, ..., 15,  2, 15], dtype=int32), array([ 8, 29, 22, ..., 22, 25, 22], dtype=int32), array([ 9, 48, 33, ..., 48, 29, 33], dtype=int32), array([42, 47, 38, ..., 38, 47, 38], dtype=int32), array([13, 29,  4, ..., 22, 23, 22], dtype=int32), array([18, 22, 10, ..., 10, 22, 10], dtype=int32), array([13, 17, 10, ..., 17, 17, 17], dtype=int32), array([16, 33, 26, ..., 24, 33, 24], dtype=int32), array([14, 18, 14, ..., 18, 16, 18], dtype=int32), array([18, 16,  4, ..., 16, 16, 16], dtype=int32), array([ 0, 15,  4, ..., 15,  2, 15], dtype=int32), array([16, 33, 14, ..., 26, 24, 26], dtype=int32), array([ 6, 16, 10, ..., 16, 16, 16], dtype=int32), array([11, 21,  4, ...,  4, 15,  4], dtype=int32), array([1, 3, 3, ..., 3, 3, 3], dtype=int32), array([10, 16, 16, ..., 16, 16, 16], dtype=int32), array([23, 35, 11, ..., 35, 35, 35], dtype=int32), array([ 7, 16, 14, ..., 16, 16, 16], dtype=int32), array([ 4, 13, 13, ..., 13, 13, 13], dtype=int32), array([10, 21, 15, ..., 21, 21, 21], dtype=int32), array([ 5, 14,  7, ..., 14, 14, 14], dtype=int32), array([ 7, 16, 14, ..., 16,  2, 16], dtype=int32)]
PBM index : [286720.05798271846, 7938.858316654978, 4212.21879022033, 645.2919453657967, 1030.7667588458892, 587.2946833476069, 621.540889808126, 1145.9720962211102, 667.1141940112822, 4834.705167044388, 1359.2767430374595, 1533.9259249341846, 3201.9188688689014, 602.9445119530202, 829.179298045611, 2708.5546755235814, 1249.6514638280416, 1076.956792013288, 5204.57962264488, 887.3971455713904, 1177.8080015199853, 6795.064052593651, 1381.4793570804854, 2715.5735121952807, 5261.670641883874]
Sil score : [0.9761175408872461, 0.026090319561544506, 0.03167592528408531, -0.13069107756473594, -0.07399815797659365, -0.06757197630662899, -0.07242038664941171, -0.09112026962913079, -0.07568370059125552, 0.04208249690109566, -0.07702350989769961, 0.07599284132357656, 0.02002143460572165, -0.02489755581265191, -0.09392794617583605, 0.05009061014325362, -0.05746005911360179, 0.34890806200856445, 0.22007266970513564, 0.012530947909286093, 0.03874645273457093, 0.09411971900668256, 0.014614824493510713, -0.025904977235379385, 0.06218510995448395]
Generation no  :  14
Clusters : [2, 14, 18, 51, 39, 52, 49, 36, 50, 18, 33, 30, 20, 52, 42, 24, 35, 38, 17, 41, 36, 13, 33, 24, 17]
Predicted labels : [array([0, 0, 0, ..., 0, 0, 0], dtype=int32), array([4, 3, 2, ..., 3, 3, 3], dtype=int32), array([14,  1,  8, ...,  1,  1,  1], dtype=int32), array([0, 3, 3, ..., 3, 3, 3], dtype=int32), array([21, 29,  4, ..., 29, 29, 29], dtype=int32), array([ 9, 48, 33, ..., 28, 48, 29], dtype=int32), array([42, 48, 33, ..., 48, 47, 48], dtype=int32), array([16, 33, 26, ..., 26, 24, 33], dtype=int32), array([18, 24,  4, ..., 10, 24, 10], dtype=int32), array([ 1,  4, 16, ...,  4,  4,  4], dtype=int32), array([16, 24, 24, ..., 24, 24, 24], dtype=int32), array([ 3, 13, 13, ..., 13, 13, 13], dtype=int32), array([11, 15, 10, ..., 15, 15, 15], dtype=int32), array([ 5, 15, 12, ..., 15, 13, 15], dtype=int32), array([12, 17, 10, ..., 17, 17, 17], dtype=int32), array([ 5, 17, 17, ..., 17, 17, 17], dtype=int32), array([11, 15, 14, ..., 15, 10, 15], dtype=int32), array([10, 17, 17, ..., 17, 17, 17], dtype=int32), array([ 8, 16, 10, ..., 16, 16, 16], dtype=int32), array([23, 35,  7, ..., 11, 35, 11], dtype=int32), array([ 7, 15, 12, ..., 15, 14, 15], dtype=int32), array([ 3,  4, 10, ...,  4,  4,  4], dtype=int32), array([ 7, 21, 14, ..., 16, 16, 14], dtype=int32), array([21, 16, 14, ..., 16, 16, 16], dtype=int32), array([ 7, 16, 14, ..., 16, 16, 16], dtype=int32)]
PBM index : [286720.05798271846, 6897.415437140513, 4236.95189925314, 598.0844704804894, 1005.92986894088, 565.1233222681492, 629.1372803190562, 1088.3425703808248, 670.3829751942872, 4177.916174554397, 1252.7083962097918, 1632.8812395912767, 3520.4806012509616, 599.039242061284, 878.5044374122792, 2705.330327076382, 1257.2171483791296, 1097.809929477815, 4817.8279549051695, 895.3937701847254, 1179.7693925510446, 6792.959603878299, 1396.6308174555402, 2569.7971111701995, 4649.455623440227]
Sil score : [0.9761175408872461, 0.025627573407100146, 0.01578634069855568, 0.3213047153097836, -0.07012416402287289, -0.07939859479828457, 0.00704763912361304, -0.0659006668255979, -0.07860433949019104, 0.06343831454198287, 0.14453498515674, 0.1471431329025701, 0.017951780624604907, -0.11335995550814187, 0.03655779308514303, 0.08504673322955504, -0.004796651009350502, 0.15361477132236126, 0.08806113484380672, -0.07593977540083699, 0.00022477011851691436, 0.0406466011832299, -0.04889286559345863, -0.14079320052137623, 0.10686909581389684]
Generation no  :  15
Clusters : [2, 15, 17, 51, 39, 51, 49, 36, 50, 17, 33, 30, 20, 51, 41, 24, 35, 39, 17, 41, 36, 13, 34, 25, 18]
Predicted labels : [array([0, 0, 0, ..., 0, 0, 0], dtype=int32), array([ 9,  4, 12, ...,  4,  4,  4], dtype=int32), array([14, 16, 16, ..., 16, 16, 16], dtype=int32), array([42, 47, 33, ..., 21, 38, 47], dtype=int32), array([25, 29, 22, ...,  2, 29, 22], dtype=int32), array([21, 48, 29, ..., 29, 48, 29], dtype=int32), array([42, 47, 38, ..., 47, 47, 47], dtype=int32), array([1, 3, 3, ..., 3, 3, 3], dtype=int32), array([ 5, 21, 13, ..., 13, 21, 13], dtype=int32), array([ 1,  4, 10, ...,  4,  4,  4], dtype=int32), array([16, 24, 26, ..., 24, 24, 24], dtype=int32), array([10, 23, 13, ..., 23, 23, 23], dtype=int32), array([16,  4, 16, ...,  4,  4,  4], dtype=int32), array([13, 15,  4, ..., 10, 10, 15], dtype=int32), array([35,  2,  2, ...,  2,  2,  2], dtype=int32), array([14, 16,  7, ..., 16, 16, 16], dtype=int32), array([0, 5, 5, ..., 5, 5, 5], dtype=int32), array([2, 3, 3, ..., 3, 3, 3], dtype=int32), array([3, 4, 4, ..., 4, 4, 4], dtype=int32), array([23, 35,  7, ..., 11,  5, 11], dtype=int32), array([ 8, 23,  7, ..., 23, 16, 23], dtype=int32), array([10,  3,  3, ...,  3,  3,  3], dtype=int32), array([18, 22, 10, ..., 10, 22, 10], dtype=int32), array([ 2, 21, 14, ..., 14, 21, 14], dtype=int32), array([ 7, 16, 14, ..., 16, 16, 16], dtype=int32)]
PBM index : [286720.05798271846, 6821.200072093926, 4221.143088427277, 598.0541949188786, 976.1271961555352, 562.6736499070367, 629.8319373441561, 1113.6953426841271, 642.3319668399369, 4304.285995929918, 1351.5674329276355, 1664.317915069571, 3394.1904725744125, 597.6246220354883, 843.7800993824553, 2503.758166863823, 1199.7507513388125, 1053.3329106065305, 4699.61161724044, 899.5787766254682, 1179.2661193607266, 7935.708104271817, 1382.1944238082785, 2530.164323548643, 4785.969606043392]
Sil score : [0.9761175408872461, 0.06327870015147015, 0.23057007252566303, -0.047319554389175185, -0.060514002199350464, -0.03464450453095349, 0.0077181227038161165, 0.3968695822004042, -0.03839623930847208, 0.048881859133493404, 0.0047483845813761335, 0.016694252566206196, 0.08728259606777618, -0.003499052300641231, 0.3468402472022597, 0.04893956784199854, 0.3462644156867324, 0.12201305141597626, 0.3716970200527482, -0.0837253531859118, -0.001690118552195307, 0.13575628094451891, -0.052891304817416454, -0.0427795696488028, 0.07112292728178995]
Generation no  :  16
Clusters : [2, 16, 18, 51, 40, 51, 49, 36, 50, 17, 32, 29, 20, 51, 41, 23, 35, 38, 16, 41, 36, 13, 35, 25, 18]
Predicted labels : [array([0, 0, 0, ..., 0, 0, 0], dtype=int32), array([10, 14,  4, ..., 14, 13, 14], dtype=int32), array([14, 16, 16, ..., 16, 16, 16], dtype=int32), array([ 3, 21, 17, ..., 17, 21, 17], dtype=int32), array([25, 29, 22, ..., 22, 29, 22], dtype=int32), array([ 9, 48, 33, ..., 29, 48, 29], dtype=int32), array([42, 47, 38, ..., 38, 47, 38], dtype=int32), array([ 1, 10, 10, ..., 10, 10, 10], dtype=int32), array([ 0, 39, 10, ..., 39, 25, 10], dtype=int32), array([10, 16,  4, ..., 16, 16, 16], dtype=int32), array([16, 24, 26, ..., 24, 23, 24], dtype=int32), array([10, 13,  4, ..., 13, 13, 13], dtype=int32), array([12, 15, 10, ...,  4, 15,  4], dtype=int32), array([ 0, 21, 15, ..., 15, 21, 15], dtype=int32), array([2, 3, 3, ..., 3, 3, 3], dtype=int32), array([ 4, 22, 10, ..., 22, 22, 22], dtype=int32), array([ 4, 24,  5, ..., 14,  7, 24], dtype=int32), array([16, 33, 26, ..., 26, 24, 26], dtype=int32), array([13,  3, 14, ...,  3,  3,  3], dtype=int32), array([23, 35, 11, ..., 11, 35, 11], dtype=int32), array([ 4, 24, 10, ..., 13, 24, 13], dtype=int32), array([10,  0,  3, ...,  0,  0,  0], dtype=int32), array([28, 11,  7, ..., 11, 16, 11], dtype=int32), array([ 6, 23,  5, ..., 15, 23, 15], dtype=int32), array([ 7, 16, 14, ..., 16, 16, 16], dtype=int32)]
PBM index : [286720.05798271846, 6013.431180197877, 4748.745950380231, 610.5494575272359, 973.0614770150942, 584.5270042278105, 629.9535145324245, 1153.23377303088, 624.9064727257081, 4807.258713008419, 1327.7007661574462, 1649.0268769592049, 3552.082058874566, 621.9141763769678, 888.8995547471295, 2424.6967109797624, 1245.506444598482, 987.9660690094761, 4827.939717888983, 900.0484539482432, 1171.4804537760306, 7798.064947279322, 1239.7748612709347, 2349.330999635888, 4262.390561165571]
Sil score : [0.9761175408872461, 0.012296606728971851, 0.20701277638995505, -0.03492678557199291, -0.04809024369354056, -0.07080103438363669, -0.0721643615985961, 0.12504389080799067, -0.12459191360036101, 0.013255301260380941, 0.008492805943528458, 0.020875274090762702, -0.06403404775219587, -0.04904442029077252, 0.3392134370629256, 0.004835401561925434, -0.0173686833591551, -0.0943050328427918, 0.05066471070795127, -0.05977655656649647, -0.057153702228327566, 0.09567824304513772, -0.07738297725162377, -0.07375325080081307, 0.10306994140599986]
Generation no  :  17
Clusters : [2, 16, 17, 51, 41, 51, 49, 36, 49, 18, 32, 29, 21, 51, 41, 23, 35, 39, 15, 41, 35, 13, 36, 25, 17]
Predicted labels : [array([1, 1, 1, ..., 1, 1, 1], dtype=int32), array([ 2, 12,  4, ..., 12, 12, 12], dtype=int32), array([14, 16,  1, ..., 16, 16, 16], dtype=int32), array([18, 22, 21, ..., 22, 22, 22], dtype=int32), array([25, 39, 10, ..., 29, 22, 10], dtype=int32), array([ 9, 48, 33, ..., 48, 29, 33], dtype=int32), array([42, 47, 18, ..., 38, 47, 38], dtype=int32), array([ 3, 13,  8, ..., 13, 13, 13], dtype=int32), array([0, 1, 1, ..., 1, 1, 1], dtype=int32), array([16,  4, 16, ...,  4,  4,  4], dtype=int32), array([16, 24, 26, ..., 24, 24, 24], dtype=int32), array([ 3, 13, 10, ..., 13, 13, 13], dtype=int32), array([ 3, 17, 16, ..., 16, 17, 17], dtype=int32), array([14, 24, 10, ..., 24, 24, 10], dtype=int32), array([ 6, 14,  5, ..., 14, 14, 14], dtype=int32), array([ 7, 16, 14, ..., 16, 16, 16], dtype=int32), array([1, 4, 4, ..., 4, 4, 4], dtype=int32), array([2, 3, 3, ..., 3, 3, 3], dtype=int32), array([2, 3, 3, ..., 3, 3, 3], dtype=int32), array([23, 35,  7, ..., 11, 35, 11], dtype=int32), array([3, 5, 5, ..., 5, 5, 5], dtype=int32), array([10,  0,  3, ...,  0,  0,  0], dtype=int32), array([ 6, 23,  2, ..., 23, 23, 23], dtype=int32), array([ 2, 21,  7, ..., 14, 21, 14], dtype=int32), array([ 7, 16, 14, ..., 16, 16, 16], dtype=int32)]
PBM index : [286720.05798271846, 5292.972916572146, 4214.131820802131, 616.7957743411902, 928.0467804932124, 585.9141951811258, 630.1383472786989, 1158.6758855537237, 633.1157076965706, 4657.154008383515, 1418.8398226264842, 1763.497973911116, 3550.9247769849508, 622.9321004149801, 921.9672981419549, 2737.7572339873204, 1219.902243249646, 1041.52015860712, 5158.110167912679, 900.4615297181226, 1140.3296778561844, 7826.026153679229, 1252.1475751669373, 2341.6388555987933, 4248.337138863031]
Sil score : [0.9761175408872461, 0.02340416580553494, 0.015368604546800299, -0.01152773187098804, -0.07845857319300867, -0.06810473120254147, -0.07013879903370081, 0.06614530933041553, 0.12528829713793527, 0.10355818468164758, -0.007805549385337584, 0.02928354346296574, 0.014659783837721443, -0.03567715428127697, -0.09108340330566227, 0.038556079930442654, 0.12220646840672839, 0.16918656700564824, 0.4834596585901601, -0.06468680622153765, 0.2570141407008743, 0.07895511925070921, -0.006703277962079021, -0.06215407362446183, 0.09780325413328625]
Generation no  :  18
Clusters : [3, 16, 17, 51, 41, 51, 49, 36, 49, 18, 33, 28, 21, 51, 41, 23, 34, 39, 15, 42, 36, 13, 36, 25, 17]
Predicted labels : [array([1, 1, 1, ..., 1, 1, 1], dtype=int32), array([ 9,  4, 12, ...,  4,  4,  4], dtype=int32), array([ 2, 16, 14, ..., 16, 16, 16], dtype=int32), array([14, 24, 17, ..., 24, 16, 24], dtype=int32), array([25, 39, 29, ..., 39, 10, 39], dtype=int32), array([ 9, 48, 33, ..., 48, 29, 48], dtype=int32), array([42, 47, 38, ..., 38, 47, 38], dtype=int32), array([12, 15,  2, ...,  2, 15, 15], dtype=int32), array([ 9, 48, 33, ...,  4, 29, 33], dtype=int32), array([13,  4, 16, ...,  4,  4,  4], dtype=int32), array([16, 24, 26, ..., 24, 24, 26], dtype=int32), array([ 4, 15,  6, ..., 15, 15, 15], dtype=int32), array([ 9,  4, 16, ...,  4,  4,  4], dtype=int32), array([ 2, 24, 10, ..., 10, 15, 10], dtype=int32), array([24, 38, 21, ..., 33,  0, 33], dtype=int32), array([21,  4, 14, ...,  4,  4,  4], dtype=int32), array([ 2, 33, 26, ..., 26, 24, 33], dtype=int32), array([2, 5, 5, ..., 5, 5, 5], dtype=int32), array([ 3,  4, 10, ...,  4,  4,  4], dtype=int32), array([28, 35, 23, ..., 35, 35, 35], dtype=int32), array([13, 29, 22, ..., 22, 23, 22], dtype=int32), array([4, 3, 8, ..., 3, 3, 3], dtype=int32), array([13, 29, 25, ...,  4,  2, 10], dtype=int32), array([ 4, 15, 14, ..., 15, 15, 15], dtype=int32), array([13, 16,  3, ..., 16, 16, 16], dtype=int32)]
PBM index : [290869.29361839144, 5341.004779317516, 4698.3512613436105, 611.2981019370329, 893.3345158398424, 584.4232646733185, 631.0452822003, 1186.3618714040097, 627.5052164360358, 4304.148311135113, 1419.987196969127, 1758.4690301623334, 3096.3728715849547, 623.398961550005, 894.6021917920951, 2602.542596980541, 1214.088224210721, 996.524121179819, 5962.645878782838, 901.7327173345359, 1214.7328008165412, 7900.994328481166, 1144.0998530936786, 2329.564592936926, 4802.982010180777]
Sil score : [0.8096096180507366, 0.06243243075320078, 0.04168537833597984, 0.021469893742412746, -0.008448001409303069, -0.05883944333668655, -0.07428859035355101, -0.03685402921640222, -0.08744021784169102, 0.06037432049258212, -0.03904157882848745, 0.02127920752017644, -0.07022505397005689, -0.10806697142432388, -0.10261496073688722, 0.01832796665473188, -0.04646104755026012, 0.16358201489871, 0.07164776946249295, 0.031248282697331507, -0.07446271867548793, 0.05924736488506743, -0.09533090457238995, 0.02956441474763909, 0.04686658498296388]
Generation no  :  19
Clusters : [3, 16, 16, 51, 41, 50, 48, 36, 49, 19, 32, 28, 21, 51, 41, 24, 34, 39, 14, 43, 37, 12, 35, 26, 17]
Predicted labels : [array([2, 2, 2, ..., 2, 2, 2], dtype=int32), array([ 1,  4, 10, ...,  4,  4,  4], dtype=int32), array([9, 3, 3, ..., 3, 3, 3], dtype=int32), array([14, 17, 17, ..., 17, 16, 17], dtype=int32), array([25, 39, 10, ..., 29, 22, 29], dtype=int32), array([ 9, 48, 33, ..., 48, 48, 48], dtype=int32), array([42, 47, 38, ..., 38, 47, 38], dtype=int32), array([ 9, 29, 33, ..., 33, 28, 33], dtype=int32), array([21, 33, 26, ..., 26, 33, 26], dtype=int32), array([ 4, 16, 10, ..., 16, 16, 16], dtype=int32), array([16, 24, 23, ...,  2, 23, 24], dtype=int32), array([11, 14,  7, ..., 14, 14, 14], dtype=int32), array([12, 15, 10, ..., 15,  4, 15], dtype=int32), array([ 4, 21, 14, ..., 21, 21, 21], dtype=int32), array([ 4, 21, 14, ..., 21, 21, 21], dtype=int32), array([13, 16, 21, ..., 16, 16, 16], dtype=int32), array([28, 11,  7, ..., 11, 11, 11], dtype=int32), array([28, 35, 23, ..., 35, 35, 35], dtype=int32), array([ 3,  4, 10, ...,  4,  4,  4], dtype=int32), array([23, 35, 11, ..., 11, 35, 11], dtype=int32), array([14, 23, 17, ..., 23, 23, 23], dtype=int32), array([4, 3, 3, ..., 3, 3, 3], dtype=int32), array([ 4, 14,  7, ..., 14,  6, 14], dtype=int32), array([ 7, 25, 17, ..., 25, 25, 25], dtype=int32), array([ 4, 16, 14, ..., 16, 16, 16], dtype=int32)]
PBM index : [132657.60085649393, 5447.605428713865, 4767.399949358759, 606.1177310207805, 883.5686456488047, 586.5716548606113, 630.7707136090502, 1110.2658671491179, 654.945179228773, 4300.576462898428, 1355.800071398219, 1893.9842433859028, 3237.2459619124757, 619.0843263072841, 927.7461962411096, 2666.935480732016, 1245.1766056810975, 995.6078652609964, 6082.7624809882245, 864.9424398960426, 1181.3397638840643, 8012.746278837477, 1180.3309728277643, 2324.030677244458, 4781.177793455831]
Sil score : [0.6580990870050644, 0.020626390209758167, 0.16383022618549886, 0.14295247711952458, -0.08098509303777, -0.01332553069014434, -0.05802356522839191, -0.08471771762966496, -0.04974662059115184, 0.04028438230852134, -0.05755840910258687, -0.08501607715453717, 0.006673735854899637, 0.012683027770202823, 0.0035337619481908434, 0.03347125368984766, -0.13006660064227707, -0.0027483186817941906, 0.06174297359055366, -0.05988729880103812, 0.004016357809932509, 0.1768128384589985, 0.003208542961884096, 0.009995393652950614, 0.07572132670812583]
