Initial Clusters : [5, 6, 10, 10, 12, 11, 13, 17, 16, 20, 16, 4, 6, 17, 6, 13, 10, 4, 19, 14, 17, 2, 11, 20, 8, 16, 16, 20, 2, 3, 2, 7, 7, 12, 9, 17, 9, 6, 16, 16, 14, 19, 13, 3, 14, 4, 17, 14, 2, 14]
Initial PBM : [22.31350217829501, 18.70005281487658, 23.46089947556203, 18.624371068182537, 12.458813815738162, 10.378090402514593, 13.295484911276658, 14.096154040013344, 21.869515382045506, 11.180206470803796, 11.162734393761115, 14.20271509471079, 31.243319086765617, 21.256698942832397, 11.262109065269291, 14.446791590375447, 9.853352315157048, 17.40106005083088, 17.006244635264927, 16.48105486352132, 11.856796397194197, 16.14803342580604, 26.13698105263076, 11.66989313862573, 28.64397900777226, 11.801863306285318, 11.762331263148246, 9.198081150831957, 15.374108770501158, 31.339031098558035, 14.338064443496416, 22.394291266084526, 26.709674446985847, 15.468338789216858, 31.547453170384504, 10.575535881990238, 14.553353545862135, 45.75019471858355, 15.953435037498155, 11.354324638553205, 10.875501880733754, 58.27031397022896, 42.76172016709931, 26.10018969001554, 7.95369700233083, 23.52744122769862, 14.40757083240207, 20.077398453481106, 16.14803342580604, 28.484645134472974]
Initial Sil score : [0.31953769086033046, 0.33693390470932361, 0.29855551028430138, 0.32341896308684021, 0.27462504015266287, 0.21783397003273816, 0.2743723533334877, 0.25535616159654223, 0.25131712901125114, 0.23265379976693246, 0.23812020735348169, 0.28894747004867793, 0.35768108744100657, 0.23277065375102271, 0.29378963742484987, 0.27091318272955067, 0.24913697233920748, 0.37765133650827737, 0.23434675659390389, 0.27759960472008899, 0.23712482969442816, 0.5216817288772051, 0.31210255393707836, 0.24526258358827721, 0.33857441386615145, 0.2306054133018261, 0.24176018574694319, 0.25142089591972161, 0.52367621936818498, 0.48465298195593259, 0.49841879709924436, 0.33265344369217553, 0.35155869748582946, 0.28447875643136777, 0.35505202222202359, 0.26193158358721796, 0.28313922309413614, 0.39961273171406675, 0.2771568252867187, 0.24961365983296899, 0.2379228103541047, 0.23059651052337066, 0.31708851576362163, 0.46787788483012477, 0.26738088312556124, 0.42356059173486793, 0.25603623805995074, 0.26306733097972096, 0.5216817288772051, 0.29459560595062223]
Initial Dunn : [0.0094089734643978754, 0.0081756529154203544, 0.009877578180108702, 0.0074880851838770145, 0.0088278548570250893, 0.0089082700752550273, 0.0086972129163539816, 0.0090325376703040972, 0.010027047470849862, 0.010609528698845282, 0.0076374857230427371, 0.0067498498113233649, 0.0067524262216459531, 0.0089120347889938313, 0.009486688003714475, 0.011859059154562857, 0.008608543036990662, 0.0089072913882343504, 0.0096674871336328953, 0.010192128718216883, 0.0091254146727007823, 0.013023369909762583, 0.010812058609346824, 0.0086215567883485018, 0.0089516375423917757, 0.0098152981458224653, 0.0072141529915041832, 0.0094490442429328737, 0.0073491274243976312, 0.016375450042683291, 0.0081036462980343931, 0.0070386907151263906, 0.010015091571188581, 0.0089525535128879563, 0.010119823332849396, 0.010087238992337343, 0.0084035159785291764, 0.007344180444377387, 0.010119823332849396, 0.0099263365471039203, 0.0077505995087247606, 0.031840662582483033, 0.028495920953870407, 0.010070037538012309, 0.0091659089979474109, 0.0098003767688872902, 0.0096591211389972596, 0.0063340137221709588, 0.013023369909762583, 0.0099388522720697554]
Max Dunn and corresponding cluster, PBM, Sil : 0.0318406625825,19,58.2703139702,0.230596510523
------------------------------------------------------------------------------------------
-------------------------------------------------------------------------------------------------------------------------

-------------------------------------------------------------------------------------------------------------------------

-------------------------------------------------------------------------------------------------------------------------

-------------------------------------------------------------------------------------------------------------------------

-------------------------------------------------------------------------------------------------------------------------

-------------------------------------------------------------------------------------------------------------------------

-------------------------------------------------------------------------------------------------------------------------

-------------------------------------------------------------------------------------------------------------------------

-------------------------------------------------------------------------------------------------------------------------

-------------------------------------------------------------------------------------------------------------------------

-------------------------------------------------------------------------------------------------------------------------

-------------------------------------------------------------------------------------------------------------------------

-------------------------------------------------------------------------------------------------------------------------

-------------------------------------------------------------------------------------------------------------------------

-------------------------------------------------------------------------------------------------------------------------

-------------------------------------------------------------------------------------------------------------------------

-------------------------------------------------------------------------------------------------------------------------

-------------------------------------------------------------------------------------------------------------------------

-------------------------------------------------------------------------------------------------------------------------

-------------------------------------------------------------------------------------------------------------------------

-------------------------------------------------------------------------------------------------------------------------

-------------------------------------------------------------------------------------------------------------------------

-------------------------------------------------------------------------------------------------------------------------

-------------------------------------------------------------------------------------------------------------------------

-------------------------------------------------------------------------------------------------------------------------

-------------------------------------------------------------------------------------------------------------------------

-------------------------------------------------------------------------------------------------------------------------

-------------------------------------------------------------------------------------------------------------------------

-------------------------------------------------------------------------------------------------------------------------

-------------------------------------------------------------------------------------------------------------------------

-------------------------------------------------------------------------------------------------------------------------

-------------------------------------------------------------------------------------------------------------------------

-------------------------------------------------------------------------------------------------------------------------

-------------------------------------------------------------------------------------------------------------------------

-------------------------------------------------------------------------------------------------------------------------

-------------------------------------------------------------------------------------------------------------------------

-------------------------------------------------------------------------------------------------------------------------

-------------------------------------------------------------------------------------------------------------------------

-------------------------------------------------------------------------------------------------------------------------

-------------------------------------------------------------------------------------------------------------------------

-------------------------------------------------------------------------------------------------------------------------

-------------------------------------------------------------------------------------------------------------------------

-------------------------------------------------------------------------------------------------------------------------

-------------------------------------------------------------------------------------------------------------------------

-------------------------------------------------------------------------------------------------------------------------

-------------------------------------------------------------------------------------------------------------------------

-------------------------------------------------------------------------------------------------------------------------

-------------------------------------------------------------------------------------------------------------------------

-------------------------------------------------------------------------------------------------------------------------

-------------------------------------------------------------------------------------------------------------------------

chromosome 0 : [ 0.46589409  0.01184423 -0.27193926 ...,  0.          0.          0.        ]
 Objectives (Sil) : 0.417142335544
 Objectives (PBM) : 132.456155667
Cluster size 0 :10
Predicted Label for 0: [1 0 9 8 0 8 0 0 0 1 0 1 7 1 0 9 9 7 1 9 7 9 1 9 9 8 0 1 9 1 7 9 0 9 9 8 8
 9 9 9 9 0 9 9 9 8 0 1 9 8 9 0 0 0 9 9 9 7 9 0 6 9 8 9 1 8 8 7 9 0 6 9 9 9
 9 1 9 8 1 8 7 6 9 0 7 0 6 8 0 0 7 6 1 9 9 8 7 8 8 9 1 8 9 1 0 0 7 9 0 1 9
 6 8 9 3 9 0 6 0 0 7 8 1 8 9 2 1 9 8 7 7 8 8 0 7 6 6 0 9 1 8 1 0 1 7 6 0 9
 9 1 8 7 7 1 6 0 9 6 9 9 7 8 7 6 6 8 0 9 0 6 7 9 7 8 8 0 7 0 6 0 7 9 9 5 0
 6 1 1 8 9 1 6 0 9 8 7 7 8 9 0 7 8 1 7 8 8 0 6 9 0 0 6 1 0 0 7 0 8 1 8 0 9
 9 9 9 6 9 9 7 0 7 0 9 8 9 9 0 9 8 9 0 0 0 0 9 7 0 8 9 9 1 8 7 7 1 9 7 9 9
 6 0 1 9 0 9 0 0 1 9 8 9 1 8 8 0 0 1 1 1 6 0 0 8 7 6 9 8 6 0 9 9 6 8 1 9 8
 0 7 8 9 8 8 0 7 7 8 0 7 0 0 8 8 8 9 9 9 9 8 0 8 8 8 0 9 1 9 0 1 6 8 0 1 1
 0 7 9 9 6 9 0 9 8 9 7 9 1 0 9 9 1 9 9 6 0 9 9 8 9 8 1 0 9 7 0 1 0 9 8 9 0
 0 5 8 8 8 9 5 8 8 0 6 8 9 0 7 8 9 0 9 0 8 7 9 8 8 1 9 9 0 0 9 6 7]
 Dunn Index 0 : 0.0360635727287
---------------------------------------------------------------------------------------------------------
chromosome 1 : [ 0.18817052  0.00541791 -0.10943004 ...,  0.          0.          0.        ]
 Objectives (Sil) : 0.454646611166
 Objectives (PBM) : 39.5537653459
Cluster size 1 :6
Predicted Label for 1: [2 5 4 3 4 3 5 5 5 2 5 2 3 2 5 4 4 3 2 4 1 4 5 4 4 3 4 5 4 5 1 4 5 4 4 3 3
 4 4 4 4 5 4 4 4 3 5 2 4 3 4 5 5 4 4 4 4 3 4 5 0 4 3 4 5 3 3 3 4 5 1 4 4 4
 4 5 4 3 5 3 3 1 4 5 3 5 1 4 5 4 1 1 2 4 4 3 1 3 3 4 5 3 4 5 5 5 1 4 5 2 4
 1 3 4 0 4 5 1 5 5 1 3 2 4 4 2 2 4 3 1 3 3 3 4 1 0 1 5 4 5 3 2 5 5 1 1 4 4
 4 2 3 3 1 5 1 5 4 1 4 4 3 3 1 1 1 3 5 4 5 1 1 4 3 3 3 5 1 5 1 4 3 4 4 0 5
 1 2 2 3 4 2 1 5 4 3 1 1 3 4 5 1 3 2 3 3 3 5 1 4 5 5 1 2 5 5 3 5 3 2 3 5 4
 4 4 4 1 4 4 1 5 3 5 4 3 4 4 5 4 3 4 5 5 5 4 4 3 5 3 4 4 5 3 1 1 2 4 1 4 4
 1 4 5 4 5 4 4 5 2 4 3 4 2 3 3 5 5 5 2 5 1 5 5 3 3 1 4 3 1 5 4 4 1 3 5 4 4
 4 3 3 4 3 3 5 3 1 3 5 3 4 5 3 3 3 4 4 4 4 3 5 3 3 3 5 4 2 4 5 2 1 3 5 2 5
 5 3 4 4 0 4 5 4 3 4 1 4 2 5 4 4 5 4 4 1 5 4 4 3 4 3 5 5 4 1 5 2 5 4 3 4 5
 5 0 3 3 3 4 0 3 3 5 1 3 4 5 1 3 4 5 4 5 4 3 4 3 3 2 4 4 5 4 4 1 3]
 Dunn Index 1 : 0.0125710503915
---------------------------------------------------------------------------------------------------------
chromosome 2 : [ 0.00380157  0.0017269  -0.00238397 ...,  0.          0.          0.        ]
 Objectives (Sil) : 0.400973274692
 Objectives (PBM) : 53.2558447442
Cluster size 2 :10
Predicted Label for 2: [9 8 5 6 7 5 8 8 8 9 8 9 6 9 9 5 7 6 9 5 4 5 9 5 5 5 7 9 5 9 4 7 8 5 7 6 6
 7 5 7 5 8 7 7 7 6 8 9 5 5 7 8 8 7 5 7 5 6 5 8 3 5 6 5 9 6 6 6 5 8 3 5 7 7
 7 9 5 6 9 6 4 4 7 8 6 8 3 5 8 7 4 3 9 7 5 6 4 6 6 7 9 5 5 9 9 8 4 7 8 1 5
 3 6 5 0 5 8 4 8 8 4 6 9 5 5 1 1 7 6 4 4 6 6 7 4 3 3 8 5 9 5 9 8 9 4 4 7 7
 5 9 6 6 4 9 3 9 7 3 5 7 4 6 4 3 3 6 9 7 8 4 4 5 6 6 6 8 4 8 3 7 4 5 5 2 8
 3 1 1 6 5 9 4 8 5 6 4 4 6 5 8 4 6 1 4 6 6 8 3 7 9 8 3 9 8 7 4 8 6 1 6 8 5
 5 5 5 3 7 5 4 8 4 8 7 6 7 7 8 5 6 5 8 8 7 7 5 4 8 6 7 7 9 5 4 4 9 5 4 5 5
 3 7 9 5 8 5 7 8 1 7 6 5 1 6 6 8 8 9 1 9 3 8 8 5 6 3 5 6 4 8 7 7 4 6 9 7 5
 7 6 6 5 6 6 8 6 4 6 8 6 7 8 6 6 5 5 7 5 5 6 8 6 6 6 8 5 9 5 9 1 4 6 8 1 9
 8 6 5 5 3 7 8 7 6 5 4 7 9 8 5 5 9 7 5 4 8 7 7 6 7 6 9 8 5 4 9 1 8 7 6 5 7
 8 2 6 5 6 5 2 6 6 8 3 6 7 8 4 6 7 8 5 8 5 4 7 6 6 1 5 7 8 7 7 3 4]
 Dunn Index 2 : 0.0109886857122
---------------------------------------------------------------------------------------------------------
chromosome 3 : [ 0.5153421   0.01530984 -0.3010861  ...,  0.          0.          0.        ]
 Objectives (Sil) : 0.490751147518
 Objectives (PBM) : 158.048148306
Cluster size 3 :4
Predicted Label for 3: [0 0 3 3 3 3 0 0 0 0 0 0 2 0 0 3 3 2 0 3 2 3 0 3 3 3 3 0 3 0 2 3 0 3 3 2 2
 3 3 3 3 0 3 3 3 3 0 0 3 3 3 0 0 3 3 3 3 2 3 0 2 3 3 3 0 2 2 2 3 0 2 3 3 3
 3 0 3 2 0 2 2 2 3 0 2 0 2 3 0 3 2 2 0 3 3 3 2 3 3 3 0 3 3 0 0 0 2 3 0 0 3
 2 3 3 2 3 0 2 0 0 2 3 0 3 3 1 0 3 2 2 2 2 2 3 2 2 2 0 3 0 3 0 0 0 2 2 3 3
 3 0 3 2 2 0 2 0 3 2 3 3 2 3 2 2 2 3 0 3 0 2 2 3 2 3 2 0 2 0 2 3 2 3 3 2 0
 2 0 0 2 3 0 2 0 3 2 2 2 2 3 0 2 3 0 2 3 3 0 2 3 0 0 2 0 0 3 2 0 2 0 3 0 3
 3 3 3 2 3 3 2 0 2 0 3 2 3 3 0 3 2 3 3 0 3 3 3 2 0 3 3 3 0 3 2 2 0 3 2 3 3
 2 3 0 3 0 3 3 0 0 3 3 3 0 3 2 0 0 0 0 0 2 0 0 3 2 2 3 2 2 0 3 3 2 2 0 3 3
 3 2 3 3 3 2 0 2 2 3 0 2 3 0 3 3 3 3 3 3 3 3 0 3 3 3 0 3 0 3 0 0 2 3 0 0 0
 0 2 3 3 2 3 0 3 3 3 2 3 0 0 3 3 0 3 3 2 0 3 3 2 3 2 0 0 3 2 0 0 0 3 2 3 3
 0 2 2 3 2 3 2 2 2 0 2 3 3 0 2 3 3 0 3 0 3 2 3 3 3 0 3 3 0 3 3 2 2]
 Dunn Index 3 : 0.0203339967444
---------------------------------------------------------------------------------------------------------
chromosome 4 : [ 0.4481293   0.01145645 -0.26152919 ...,  0.          0.          0.        ]
 Objectives (Sil) : 0.410353829645
 Objectives (PBM) : 69.0727328766
Cluster size 4 :8
Predicted Label for 4: [3 6 5 5 4 5 6 6 6 3 6 3 1 3 3 5 4 1 3 5 7 5 3 5 5 5 4 3 4 3 7 4 6 5 4 1 1
 4 4 4 5 6 4 4 4 5 6 3 5 5 4 6 6 4 5 4 4 1 5 6 2 4 1 5 3 1 1 1 5 6 7 5 4 4
 4 3 5 1 3 1 1 7 4 6 1 6 7 5 6 4 7 7 3 4 5 1 7 1 1 4 3 5 5 3 3 6 7 4 6 0 5
 7 5 4 2 5 6 7 6 6 7 5 3 5 5 0 0 4 1 1 1 1 1 4 1 2 7 6 5 3 5 3 6 3 7 7 4 4
 5 3 1 1 7 3 7 3 4 7 5 4 1 1 1 7 7 5 3 4 6 7 7 5 1 5 1 6 7 6 7 4 1 5 5 2 6
 2 0 0 1 5 3 7 6 5 1 1 7 1 5 6 7 5 0 1 5 1 6 2 4 3 6 7 3 6 4 1 6 1 0 5 6 5
 5 4 5 7 4 4 7 6 1 6 4 1 4 4 6 4 1 5 6 6 4 4 5 1 6 5 4 4 3 5 1 7 3 4 1 5 4
 7 4 3 5 6 4 4 6 0 4 1 5 0 5 1 6 6 3 0 3 2 6 6 5 1 7 5 1 7 6 4 4 7 1 3 4 5
 4 1 1 5 5 1 6 1 7 1 6 1 4 6 5 1 5 5 4 5 5 5 6 1 5 5 6 4 3 5 3 0 7 1 6 0 3
 6 1 5 5 2 4 6 4 1 5 7 4 3 6 5 5 3 4 4 7 6 4 4 1 4 1 3 6 5 7 3 0 6 4 1 5 6
 6 2 1 5 1 5 2 1 1 6 7 1 4 6 7 1 4 6 5 6 5 1 4 1 1 0 4 4 6 4 4 7 1]
 Dunn Index 4 : 0.0116321880753
---------------------------------------------------------------------------------------------------------
chromosome 5 : [ 0.38244473  0.01530984 -0.22285426 ...,  0.          0.          0.        ]
 Objectives (Sil) : 0.806300957133
 Objectives (PBM) : 95.2226183112
Cluster size 5 :2
Predicted Label for 5: [0 0 0 0 0 0 0 0 0 0 0 0 0 0 0 0 0 0 0 0 0 0 0 0 0 0 0 0 0 0 0 0 0 0 0 0 0
 0 0 0 0 0 0 0 0 0 0 0 0 0 0 0 0 0 0 0 0 0 0 0 0 0 0 0 0 0 0 0 0 0 0 0 0 0
 0 0 0 0 0 0 0 0 0 0 0 0 0 0 0 0 0 0 0 0 0 0 0 0 0 0 0 0 0 0 0 0 0 0 0 0 0
 0 0 0 0 0 0 0 0 0 0 0 0 0 0 1 0 0 0 0 0 0 0 0 0 0 0 0 0 0 0 0 0 0 0 0 0 0
 0 0 0 0 0 0 0 0 0 0 0 0 0 0 0 0 0 0 0 0 0 0 0 0 0 0 0 0 0 0 0 0 0 0 0 0 0
 0 0 0 0 0 0 0 0 0 0 0 0 0 0 0 0 0 0 0 0 0 0 0 0 0 0 0 0 0 0 0 0 0 0 0 0 0
 0 0 0 0 0 0 0 0 0 0 0 0 0 0 0 0 0 0 0 0 0 0 0 0 0 0 0 0 0 0 0 0 0 0 0 0 0
 0 0 0 0 0 0 0 0 0 0 0 0 0 0 0 0 0 0 0 0 0 0 0 0 0 0 0 0 0 0 0 0 0 0 0 0 0
 0 0 0 0 0 0 0 0 0 0 0 0 0 0 0 0 0 0 0 0 0 0 0 0 0 0 0 0 0 0 0 0 0 0 0 0 0
 0 0 0 0 0 0 0 0 0 0 0 0 0 0 0 0 0 0 0 0 0 0 0 0 0 0 0 0 0 0 0 0 0 0 0 0 0
 0 0 0 0 0 0 0 0 0 0 0 0 0 0 0 0 0 0 0 0 0 0 0 0 0 0 0 0 0 0 0 0 0]
 Dunn Index 5 : 0.61217405425
---------------------------------------------------------------------------------------------------------
chromosome 6 : [ 0.44445499  0.008179   -0.25943967 ...,  0.          0.          0.        ]
 Objectives (Sil) : 0.399347189048
 Objectives (PBM) : 109.682820579
Cluster size 6 :12
Predicted Label for 6: [ 1  6  9  4  8  9  6  6  6  1  6  1  5  1  1  9  8  5  0  9 10  9  1  9  9
  9  8  1  9  1  5  8  6  9  8  4  4  8  9  8  9  6  8  8  8  4  6  1  9  9
  8  6  6  8  9  8  9  5  9  6  2  9  4  9  1  4  4  5  9  6 10  9  8  8  8
  1  9  4  1  4  5 10  8  6  5  6 10  9  6  8  5  2  1  8  9  4  5  4  4  8
  1  9  9  1  1  6 10  8  6  0  9  2  4  9  7  9  6 10  6  6  5  4  1  9  9
 11  0  8  4  5  5  4  4  8  5  2 10  6  9  1  9  1  6  1  5 10  8  8  9  1
  4  5  5  1 10  1  8 10  9  8  5  4  5 10 10  4  1  8  6 10  5  9  5  4  4
  6 10  6 10  8  5  9  9  3  6  2  0  0  4  9  0 10  6  9  4  5  5  4  9  6
 10  4  0  5  4  4  6  2  8  1  6 10  1  6  8  5  6  4  0  4  6  9  9  9  9
  2  8  9 10  6  5  6  8  4  8  8  6  9  4  9  6  6  8  8  9  5  6  4  8  8
  1  9  5 10  1  9  5  9  9 10  8  1  9  6  9  8  6  0  8  4  9  0  4  4  6
  6  1  0  1  2  6  6  9  5  2  9  4 10  6  8  8 10  4  1  8  9  8  5  4  9
  4  4  6  5 10  4  6  5  8  6  4  4  9  9  8  9  9  4  6  4  4  4  6  9  1
  9  1  0 10  4  6  0  1  6  5  9  9  2  8  6  8  4  9  5  8  1  6  9  9  1
  8  9 10  6  8  8  4  8  4  1  6  9  5  1  0  6  8  4  9  8  6  3  4  4  4
  9  3  4  4  6  2  4  8  6  5  4  8  6  9  6  9  5  8  4  4  0  9  8  6  8
  8 10  5]
 Dunn Index 6 : 0.0600214523955
---------------------------------------------------------------------------------------------------------
chromosome 7 : [ 0.49067315  0.0152295  -0.28653571 ...,  0.          0.          0.        ]
 Objectives (Sil) : 0.340909375459
 Objectives (PBM) : 58.9660189664
Cluster size 7 :20
Predicted Label for 7: [16 17  8  9 19  9 19 17 17 16 17 16 10 16 18  8 19 10  5  8 12  8 18  8  8
  9 19 18  8 18 12  8 17  8 19 10 10  8  8 19  8 17  8 19  8  9 17 16  8  9
 19 19 19 19  8 19  8 10  8 17 15  8  9  8 18 10 10 10  8 17 13  9 19 19 19
 18  8 10 18 10 12 13  8 17 10 19 13  9 17 19 12 11 16 19  8  9 12 10  9  8
 18  9  9 16 18 17 12  8 17  1  8 11  9  8 14  8 17 13 17 17 12  9 16  9  8
  3  4 19 10 12 12 10 10 19 12 15 13 17  8 18  9 16 18 18 12 13 19 19  9 16
 10 10 12 18 13 18 19 13  8 19 12  9 12 13 13  9 18 19 17 13 12  8 10  9 10
 17 12 17 13 19 12  8  9 14 17 11  4  0 10  8  5 13 17  8 10 12 12 10  9 17
 12  9  5 12  9  9 17 11  8 18 17 13 16 17 19 12 17 10  7  9 17  8  8  8  8
 11 19  8 12 17 12 18  8 10 19  8 17  8 10  8 19 17 19 19  8 12 17  9 19  8
 16  9 12 12 16  8 12  8  8 13 19 18  8 18  8 19 17  7  8  9  8  4  9 10 17
 17 18  2 16 11 19 17  9 10 11  9 10 13 18 19 19 13 10 18  8  9 19 10 10  8
  9 10 17 10 12  9 17 10 19 17  9  9  9  9  8  8  8  9 17  9  9  9 17  8 16
  8 18  5 13  9 19  5 16 17 10  9  8 15  8 17 19  9  8 12  8 16 17  8  9 18
 19  8 13 19 19 19 10 19 10 18 17  8 12 18  5 19 19 10  9 19 18  6 10  9 10
  8  6 10 10 17 11 10 19 18 12  9 19 19  8 17  9 12 19 10  9  5  8  8 17 19
  8 13 12]
 Dunn Index 7 : 0.0608920446316
---------------------------------------------------------------------------------------------------------
chromosome 8 : [ 0.46660652  0.01090573 -0.27236454 ...,  0.          0.          0.        ]
 Objectives (Sil) : 0.353849306603
 Objectives (PBM) : 72.5055611008
Cluster size 8 :14
Predicted Label for 8: [ 2  8  9  4  8  4  8  8  8  2  8  2  5  2  6  9  8  5  2  9  1  9  6  9  9
  4  8  6  9  6 10  9  6  9  9  5  5  9  9  9  9  6  9  8  9  4  6  2  9  4
  8  8  8  8  9  9  9  5  4  6 11  9  4  9  6  5  5  5  9  6 13  4  8  9  8
  6  9  5  6  5 10  1  9  6  5  8 13  4  6  8 10 13  2  8  9  4 10  5  4  9
  6  4  4  6  6  6  1  9  8  2  9 13  4  9  7  9  6  1  6  6 10  4  2  4  9
  0  2  9  5 10 10  5  5  8 10 11 13  6  9  6  4  2  6  6 10  1  8  8  4  2
  5  5 10  6  1  6  8 13  4  9 10  4 10  1  1  4  6  8  6  1 10  9  5  4  5
  6  1  8 13  8 10  9  4  7  8 12  2  2  5  9  2  1  8  9  5 10 10  5  4  6
  1  4  2 10  4  4  8 12  9  6  8 13  2  8  8 10  6  5  2  4  6  9  9  9  9
 12  8  9  1  8 10  6  9  5  8  9  8  9  5  9  8  8  8  8  9 10  6  4  8  9
  6  4 10  1  2  9 10  9  9 13  8  6  9  6  9  8  6  2  9  4  9  2  4  5  6
  6  6  2  6 12  8  6  4  5 13  4  5  1  6  9  8  1  5  6  9  4  8  5  5  9
  4  5  6  5  1  4  8  5  8  8  4  4  4  4  9  9  9  4  8  4  4  4  6  9  2
  9  6  2  1  4  8  2  6  6  5  4  9 12  9  6  8  4  9 10  9  2  6  9  4  6
  8  9  1  8  8  8  5  8  5  6  6  4 10  6  2  8  8  5  4  8  6  3  5  4  5
  9  3  5  5  8 13  5  8  6 10  4  8  8  9  6  4 10  8  5  4  2  9  9  8  8
  9 13 10]
 Dunn Index 8 : 0.0384471527307
---------------------------------------------------------------------------------------------------------
chromosome 9 : [ 0.49898783  0.01530984 -0.29123749 ...,  0.30452575  0.60277969
  0.20964018]
 Objectives (Sil) : 0.333482857932
 Objectives (PBM) : 71.233780673
Cluster size 9 :18
Predicted Label for 9: [10  5 17 16  5 17  5  5  3 12  3  7  2  7 13 17  0  2  8 17  4 17 12 17 17
 17  5 10  0 13  4  0  3 17  0  2  2  0  0  0 17  3  0  0  0 16  3  7 17 16
  0  5  5  5 17  0  0  2 17  3 15  0 16 17 13  2 16  2 17  3  4 17  5  0  0
 13 17 16 10  2  2  4  0  3  2  5  4 17  3  5  2 15 12  0 17 16  4 16 16  0
 13 17 17  6 13  3  4  0  5  1 17 15 16  0 14 17  3  4  3  3  4 16 11 17 17
  9  1  0 16  2  2 16  2  5  2 15  4  3 17 13 16 12 13 12  4  4  5  0 17 12
 16  2  4 13  4 13  5  4 17  0  2 16  2  4  4 16 13  0  3  4  4 17  2 16 16
  3  4  5  4  5  2 17 17 14  5 15  1  1  2 17  8  4  3 17  2  2  4 16 17  3
  4 16  8  2 16 16  5 15  0 13  3  4  7  3  5  2  3  2  1 16  3 17 17  0 17
 15  5  0  4  3  2 13  0 16  0  0  3  0  2 17  5  5  5  5 17  2  3 16  0  0
  6 17  2  4 11  0  2 17  0  4  5  6 17 13  0  5  3  1  0 16 17  1 16  2  3
  3 13  1 10 15  5  3 17  2 15 17 16  4 13  0  0  4  2  6  0 17  5  2 16 17
 16  2  3  2  4 16  3  2  5  5 16 16 16 17  0 17 17 16  3 16 16 16  3  0  7
 17 13  8  4 16  5  8  6  3  2 17 17 15  0  3  5 16 17  4  0 11  3 17 17  6
  0  0  4  5  0  0  2  5  2 13  3 17  4 13  8  5  0  2 17  5 13 14  2 16 16
 17 14  2  2  5 15 16  5 13  2 16  0  5 17  3 17  2  5 16 16  8  0  0  5  5
  0  4  2]
 Dunn Index 9 : 0.0671975978928
---------------------------------------------------------------------------------------------------------
chromosome 10 : [ 0.49018442  0.01268668 -0.28593246 ...,  0.          0.          0.        ]
 Objectives (Sil) : 0.360510875245
 Objectives (PBM) : 61.1847578349
Cluster size 10 :19
Predicted Label for 10: [ 1 13  0  5 16  0 13 13 13  1 13  1  8  1  1  0 16  8 18  0  3  0  1  0  0
  5 16  1  0  1  9 16 13  0 16  8  8 16  0 16  0 13 16 16 16  5 13  1  0  5
 16 13 13 16  0 16  0  8  0 13 15  0  5  0  1  8  8  8  0 13  2  0 16 16 16
  1  0  8  1  8  9  3 16 13  8 13  2  0 13 16  9 10  1 16  0  5  9  5  5 16
  1  5  0  1  1 13  4 16 13 17  0 10  5  0 14  0 13  4 13 13  9  5  1  0  0
  6 18 16  5  9  9  8  8 16  9 11  4 13  0  1  5  1  1  1  9  4 16 16  0  1
  5  8  9  1  3  1 16  2  0 16  9  5  9  2  3  5  1 16 13  4  9  0  8  5  8
 13  3 13  2 16  9  0  0 14 13 12 18 17  8  0 18  3 13  0  8  9  9  8  0 13
  4  5 18  9  5  5 13 12 16  1 13  2  1 13 16  9 13  8 18  5 13  0  0  0  0
 12 16  0  4 13  9 13 16  5 16 16 13  0  8  0 13 13 16 16  0  9 13  5 16 16
  1  5  9  4  1  0  9  0  0  2 16  1  0  1  0 16 13 18 16  5  0 18  5  8 13
 13  1 18  1 12 13 13  5  8 10  0  5  3 13 16 16  3  8  1 16  0 16  8  5  0
  5  8 13  8  4  5 13  8 16 13  5  5  5  0  0  0  0  5 13  5  5  5 13  0  1
  0  1 18  3  5 13 18  1 13  8  0  0 12 16 13 16  5  0  9 16  1 13  0  0  1
 16  0  3 13 16 16  8 16  8  1 13  0  9  1 18 13 16  8  0 13  1  7  8  5  8
  0  7  8  8 13  2  5 16 13  9  5 16 13  0 13  0  9 16  5  5 18  0 16 13 16
 16  2  9]
 Dunn Index 10 : 0.084253200214
---------------------------------------------------------------------------------------------------------
chromosome 11 : [ 0.3656579   0.01076848 -0.21349688 ...,  0.          0.          0.        ]
 Objectives (Sil) : 0.422801737124
 Objectives (PBM) : 123.004944601
Cluster size 11 :8
Predicted Label for 11: [6 4 5 7 4 7 4 4 4 6 4 6 3 6 4 5 5 3 6 5 3 5 6 5 5 7 4 6 5 6 3 5 4 5 5 7 7
 5 5 5 5 4 5 5 5 7 4 6 5 7 5 4 4 4 5 5 5 3 5 4 2 5 7 5 6 7 7 3 5 4 2 5 5 5
 5 6 5 7 6 7 3 2 5 4 3 4 2 7 4 4 3 2 6 5 5 7 3 7 7 5 6 7 5 6 4 4 3 5 4 6 5
 2 7 5 0 5 4 2 4 4 3 7 6 7 5 1 6 5 7 3 3 7 7 4 3 2 2 4 5 6 7 6 4 6 3 2 4 5
 5 6 7 3 3 6 2 4 5 2 5 5 3 7 3 2 2 7 4 5 4 2 3 5 3 7 7 4 3 4 2 4 3 5 5 0 4
 2 6 6 7 5 6 2 4 5 7 3 3 7 5 4 3 7 6 3 7 7 4 2 5 4 4 2 6 4 4 3 4 7 6 7 4 5
 5 5 5 2 5 5 3 4 3 4 5 7 5 5 4 5 7 5 4 4 4 4 5 3 4 7 5 5 6 7 3 3 6 5 3 5 5
 2 4 6 5 4 5 4 4 6 5 7 5 6 7 7 4 4 6 6 6 2 4 4 7 3 2 5 7 2 4 5 5 2 7 6 5 7
 4 3 7 5 7 7 4 3 3 7 4 3 4 4 7 7 7 5 5 5 5 7 4 7 7 7 4 5 6 5 4 6 2 7 4 6 6
 4 3 5 5 2 5 4 5 7 5 3 5 6 4 5 5 6 5 5 2 4 5 5 7 5 7 6 4 5 3 4 6 4 5 7 5 4
 4 0 7 7 7 5 0 7 7 4 2 7 5 4 3 7 5 4 5 4 7 3 5 7 7 6 5 5 4 4 5 2 3]
 Dunn Index 11 : 0.0360635727287
---------------------------------------------------------------------------------------------------------
chromosome 12 : [ 0.39645864  0.00662922 -0.23123954 ...,  0.          0.          0.        ]
 Objectives (Sil) : 0.422801737124
 Objectives (PBM) : 155.678133011
Cluster size 12 :8
Predicted Label for 12: [0 1 7 6 1 6 1 1 1 0 1 0 5 0 1 7 7 5 0 7 5 7 0 7 7 6 1 0 7 0 5 7 1 7 7 6 6
 7 7 7 7 1 7 7 7 6 1 0 7 6 7 1 1 1 7 7 7 5 7 1 4 7 6 7 0 6 6 5 7 1 4 7 7 7
 7 0 7 6 0 6 5 4 7 1 5 1 4 6 1 1 5 4 0 7 7 6 5 6 6 7 0 6 7 0 1 1 5 7 1 0 7
 4 6 7 2 7 1 4 1 1 5 6 0 6 7 3 0 7 6 5 5 6 6 1 5 4 4 1 7 0 6 0 1 0 5 4 1 7
 7 0 6 5 5 0 4 1 7 4 7 7 5 6 5 4 4 6 1 7 1 4 5 7 5 6 6 1 5 1 4 1 5 7 7 2 1
 4 0 0 6 7 0 4 1 7 6 5 5 6 7 1 5 6 0 5 6 6 1 4 7 1 1 4 0 1 1 5 1 6 0 6 1 7
 7 7 7 4 7 7 5 1 5 1 7 6 7 7 1 7 6 7 1 1 1 1 7 5 1 6 7 7 0 6 5 5 0 7 5 7 7
 4 1 0 7 1 7 1 1 0 7 6 7 0 6 6 1 1 0 0 0 4 1 1 6 5 4 7 6 4 1 7 7 4 6 0 7 6
 1 5 6 7 6 6 1 5 5 6 1 5 1 1 6 6 6 7 7 7 7 6 1 6 6 6 1 7 0 7 1 0 4 6 1 0 0
 1 5 7 7 4 7 1 7 6 7 5 7 0 1 7 7 0 7 7 4 1 7 7 6 7 6 0 1 7 5 1 0 1 7 6 7 1
 1 2 6 6 6 7 2 6 6 1 4 6 7 1 5 6 7 1 7 1 6 5 7 6 6 0 7 7 1 1 7 4 5]
 Dunn Index 12 : 0.0360635727287
---------------------------------------------------------------------------------------------------------
chromosome 13 : [ 0.45862881  0.00975197 -0.26781174 ...,  0.          0.          0.        ]
 Objectives (Sil) : 0.36117734884
 Objectives (PBM) : 65.9106658302
Cluster size 13 :18
Predicted Label for 13: [17 16  1  9  8  1 16 16 16 17 16 17  4 17 17  1  8  4 15  1 12  1 17  1  1
  9  8 17  1 17  5  8 16  1  8  4  4  8  1  8  1 16  8  8  8  9 16 17  1  9
  8 16 16  8  1  8  1  4  1 16  7  1  9  1 17  4  9  4  1 16 10  1  8  8  8
 17  1  4 17  4  5 12  8 16  4 16 10  1 16  8  5 10 17  8  1  9  5  9  9  8
 17  9  1 17 17 16  5  8 16 11  1 13  9  1 14  1 16 10 16 16  5  9 17  1  1
  0 15  8  9  5  4  4  4  8  5  2 10 16  1 17  9 17 17 17  5 12  8  8  1 17
  9  4  5 17 12 17  8 10  1  8  4  9  5 12 12  9 17  8 16 10  5  1  4  9  9
 16 12 16 10  8  5  1  1 14 16 13 15  6  4  1 15 12 16  1  4  5  5  4  1 16
  5  9 15  5  9  9 16 13  8 17 16 10 17 16  8  4 16  4 15  9 16  1  1  1  1
 13  8  1  5 16  5 16  8  9  8  8 16  1  4  1 16 16  8  8  1  4 16  9  8  8
 17  9  5  5 17  1  5  1  1 10  8 17  1 17  1  8 16 15  8  9  1 15  9  4 16
 16 17 15 17 13 16 16  9  4 10  1  9 12 16  8  8 12  4 17  8  1  8  4  9  1
  9  4 16  4  5  9 16  4  8 16  9  9  9  1  1  1  1  9 16  9  9  9 16  1 17
  1 17 15 12  9 16 15 17 16  4  1  1  2  8 16  8  9  1  5  8 17 16  1  1 17
  8  1 12 16  8  8  4  8  4 17 16  1  5 17 15 16  8  4  1 16 17  3  4  9  4
  1  3  4  4 16 13  9  8 16  5  9  8 16  1 16  1  5  8  9  9 15  1  8 16  8
  8 12  4]
 Dunn Index 13 : 0.0641666253178
---------------------------------------------------------------------------------------------------------
chromosome 14 : [ 0.5153421   0.01530984 -0.3010861  ...,  0.          0.          0.        ]
 Objectives (Sil) : 0.492889733607
 Objectives (PBM) : 152.850452938
Cluster size 14 :4
Predicted Label for 14: [0 2 2 2 2 2 2 2 0 0 0 0 3 0 0 2 2 3 0 2 3 2 0 2 2 2 2 0 2 0 3 2 0 2 2 3 3
 2 2 2 2 0 2 2 2 2 0 0 2 2 2 2 2 2 2 2 2 3 2 0 3 2 3 2 0 3 3 3 2 0 3 2 2 2
 2 0 2 3 0 3 3 3 2 0 3 2 3 2 0 2 3 3 0 2 2 3 3 3 3 2 0 2 2 0 0 0 3 2 2 0 2
 3 2 2 3 2 0 3 0 0 3 2 0 2 2 1 0 2 3 3 3 3 3 2 3 3 3 0 2 0 2 0 0 0 3 3 2 2
 2 0 3 3 3 0 3 0 2 3 2 2 3 3 3 3 3 2 0 2 0 3 3 2 3 2 3 0 3 2 3 2 3 2 2 3 2
 3 0 0 3 2 0 3 0 2 3 3 3 3 2 0 3 2 0 3 2 3 2 3 2 0 0 3 0 2 2 3 0 3 0 2 0 2
 2 2 2 3 2 2 3 0 3 0 2 3 2 2 0 2 3 2 2 2 2 2 2 3 0 2 2 2 0 2 3 3 0 2 3 2 2
 3 2 0 2 0 2 2 0 0 2 3 2 0 2 3 0 0 0 0 0 3 2 0 2 3 3 2 3 3 0 2 2 3 3 0 2 2
 2 3 3 2 2 3 0 3 3 3 0 3 2 2 2 3 2 2 2 2 2 2 0 3 2 2 0 2 0 2 0 0 3 3 2 0 0
 0 3 2 2 3 2 0 2 3 2 3 2 0 0 2 2 0 2 2 3 2 2 2 3 2 3 0 0 2 3 0 0 2 2 3 2 2
 0 3 3 2 3 2 3 3 3 2 3 3 2 0 3 3 2 2 2 0 2 3 2 3 3 0 2 2 2 2 2 3 3]
 Dunn Index 14 : 0.0194844462019
---------------------------------------------------------------------------------------------------------
chromosome 15 : [ 0.49144506  0.00838129 -0.28667968 ...,  0.          0.          0.        ]
 Objectives (Sil) : 0.417585519057
 Objectives (PBM) : 69.6637081713
Cluster size 15 :15
Predicted Label for 15: [11 14 13 13 14 13 14 14 12 11 12 11  1 11 12 13 14  1 10 13  2 13 11 13 13
 13 14 11 13 11  2 13 12 13 14  1  1 13 13 14 13 12 13 14 13  1 12 11 13 13
 14 14 14 14 13 14 13  1 13 12  2 13  1 13 11  1  1  1 13 12  2 13 14 14 14
 11 13  1 11  1  1  2 13 12  1 14  2 13 12 14  1  2 11 14 13  1  2  1  1 13
 11 13 13 11 12 12  2 14 14  6 13  2  1 13  0 13 12  2 12 12  2 13 11 13 13
  3  8 14  1  1  1  1  1 14  1  0  2 12 13 11 13 11 12 11  2  2 14 14 13 11
  1  1  2 11  2 12 14  2 13 14  1  1  1  2  2  1 11 14 12  2  2 13  1  1  1
 12  2 14  2 14  1 13 13  0 14  2  8  5  1 13 10  2 12 13  1  1  2  1 13 12
  2  1 10  1  1  1 14  2 13 11 12  2 10 12 14  1 12  1  9  1 12 13 13 13 13
  2 14 13  2 12  1 12 14  1 14 13 12 13  1 13 14 14 14 14 13  1 12 13 14 13
 11 13  1  2 11 13  1 13 13  2 14 11 13 12 13 14 12  9 13  1 13  8 13  1 12
 12 11  7 11  2 14 12 13  1  2 13  1  2 12 14 14  2  1 11 13 13 14  1  1 13
  1  1 12  1  2  1 12  1 14 14  1  1 13 13 13 13 13  1 12  1  1  1 12 13 11
 13 12 10  2  1 14 10 11 12  1 13 13  2 14 12 14  1 13  2 13 11 12 13 13 11
 14 13  2 14 14 14  1 14  1 11 12 13  2 12 10 14 14  1 13 14 12  0  1 13  1
 13  0  1  1 14  2  1 14 12  1  1 14 14 13 12 13  1 14  1  1 10 13 13 12 14
 13  2  1]
 Dunn Index 15 : 0.0397661922181
---------------------------------------------------------------------------------------------------------
chromosome 16 : [ 0.44674912  0.01335636 -0.26052355 ...,  0.          0.          0.        ]
 Objectives (Sil) : 0.373505460641
 Objectives (PBM) : 113.621756777
Cluster size 16 :14
Predicted Label for 16: [ 8 11 13  6 12 13 11 11 11  8 11  8  6  8  9 13 12  6  7 13  4 13  9 13 13
 13 12  9 13  9  4 12 11 13 12  6  6 12 13 12 13 11 12 12 12  6  9  8 13 13
 12 11 11 12 13 12 13  6 13 11  3 13  6 13  9  6  6  6 13 11  3 13 12 12 12
  9 13  6  8  6  4  4 12  9  6 11  3 13 11 12  4  3  8 12 13  6  4  6  6 12
  9 13 13  8  9 11  4 12 11  1 13  3  6 13  5 13 11  4 11 11  4  6 10 13 13
  0  1 12  6  4  4  6  6 12  4  3  3 11 13  9 13  8  9  9  4  4 12 12 13  8
  6  6  4  9  3  9 12  3 13 12  4  6  4  3  3  6  9 12 11  4  4 13  6  6  6
 11  4 11  3 12  4 13 13  2 11  3  1  1  6 13  7  4 11 13  6  4  4  6 13 11
  4  6  7  4  6  6 11  3 12  9 11  3 10 11 12  4 11  6  1  6 11 13 13 13 13
  3 12 13  4 11  4  9 12  6 12 12 11 13  6 13 11 11 12 12 13  4 11  6 12 12
  8 13  4  4 10 13  4 13 13  3 12  9 13  9 13 12 11  1 12  6 13  1  6  6 11
 11  9  1  8  3 11 11 13  6  3 13  6  4  9 12 12  4  6  9 12 13 12  6  6 13
  6  6 11  6  4  6 11  6 12 11  6  6 13 13 12 13 13  6 11  6  6  6 11 13  8
 13  9  7  4  6 11  7  8 11  6 13 13  3 12 11 12  6 13  4 12 10 11 13 13  9
 12 13  4 11 12 12  6 12  6  9 11 13  4  9  7 11 12  6 13 11  9  2  6 13  6
 13  2  6  6 11  3  6 12  9  4  6 12 11 13 11 13  4 12  6  6  7 13 12 11 12
 12  3  4]
 Dunn Index 16 : 0.0648629950053
---------------------------------------------------------------------------------------------------------
chromosome 17 : [ 0.51328098  0.01409228 -0.2997058  ...,  0.          0.          0.        ]
 Objectives (Sil) : 0.419700568071
 Objectives (PBM) : 59.664569634
Cluster size 17 :8
Predicted Label for 17: [6 5 4 3 5 3 5 5 5 6 5 6 2 6 6 4 4 2 7 4 2 4 6 4 4 3 5 6 4 6 2 4 5 4 4 3 3
 4 4 4 4 5 4 4 4 3 5 6 4 3 4 5 5 5 4 4 4 2 4 5 1 4 3 4 6 3 3 2 4 5 1 4 5 4
 4 6 4 3 6 3 2 1 4 5 2 5 1 3 5 5 2 1 6 4 4 3 2 3 3 4 6 3 4 6 6 5 2 4 5 7 4
 1 3 4 0 4 5 1 5 5 2 3 6 4 4 7 7 4 3 2 2 3 3 5 2 1 1 5 4 6 3 6 6 6 2 1 5 4
 4 6 3 2 2 6 1 6 5 1 4 4 2 3 2 1 1 3 6 4 5 1 2 4 2 3 3 5 2 5 1 5 2 4 4 0 5
 1 7 7 3 4 6 1 5 4 3 2 2 3 4 5 2 3 7 2 3 3 5 1 4 6 5 1 6 5 5 2 5 3 7 3 5 4
 4 4 4 1 5 4 2 5 2 6 4 3 4 4 5 4 3 4 5 5 5 5 4 2 5 3 4 4 6 3 2 2 6 4 2 4 4
 1 5 6 4 6 4 5 5 7 4 3 4 7 3 3 5 5 6 7 6 1 5 5 3 2 1 4 3 1 6 4 4 1 3 6 4 3
 5 2 3 4 3 3 5 2 2 3 5 2 5 5 3 3 3 4 4 4 4 3 5 3 3 3 5 4 6 4 6 7 1 3 5 7 6
 5 2 4 4 1 4 5 5 3 4 2 4 6 5 4 4 6 4 4 1 5 4 4 3 5 3 6 5 4 2 6 7 5 4 3 4 5
 6 0 3 3 3 4 0 3 3 5 1 3 5 6 2 3 4 5 4 5 4 2 5 3 3 7 4 4 5 5 4 1 2]
 Dunn Index 17 : 0.0119943540807
---------------------------------------------------------------------------------------------------------
chromosome 18 : [ 0.43608646  0.00851338 -0.25452173 ...,  0.          0.          0.        ]
 Objectives (Sil) : 0.36171182486
 Objectives (PBM) : 52.8685408766
Cluster size 18 :20
Predicted Label for 18: [11 18 13  2 14 13 18 18 18 19 18 11 12 11 15 13 14 12  6 13 12 13 19 13 13
 13 14  9 13 15 12 14 18 13 14  2  2 14 13 14 13 18 14 14 14  2 15 11 13 13
 14 18 18 14 13 14 13 12 13 18 16 13  2 13 19  2  2 12 13 18 16 13 14 14 14
 15 13  2  9  2 12 16 14 15 12 18 16 13 18 14 12 16 19 14 13  2 12  2  2 14
 15 13 13  9 15 18 12 14 18 17 13 16  2 13  0 13 18 16 18 18 12  2  7 13 13
  3  8 14  2 12 12  2  2 14 12 16 16 18 13 15 13 19 15 19 12 16 14 14 13 19
  2 12 12 15 16 15 14 16 13 14 12  2 12 16 16  2 15 14 18 16 12 13 12  2  2
 18 12 18 16 14 12 13 13  5 18 16  8 17  2 13  1 16 18 13  2 12 12  2 13 18
 12  2 10 12  2  2 18 16 14 15 18 16  7 18 14 12 18  2  8  2 18 13 13 13 13
 16 14 13 12 18 12 15 14  2 14 14 18 13  2 13 18 18 14 14 13 12 18  2 14 14
  9 13 12 12  7 13 12 13 13 16 14  9 13 15 13 14 18  8 14  2 13  8  2  2 18
 18 15  8 19 16 18 18 13 12 16 13  2 16 15 14 14 16  2  9 14 13 14 12  2 13
  2  2 18 12 12  2 18 12 14 18  2  2 13 13 14 13 13  2 18  2  2  2 18 13 11
 13 15 10 16  2 18  6  9 18 12 13 13 16 14 18 14  2 13 12 14  7 18 13 13  9
 14 13 16 18 14 14  2 14  2 15 18 13 12 15  6 18 14  2 13 18 15  5  2  2  2
 13  5  2  2 18 16  2 14 15 12  2 14 18 13 18 13 12 14  2  2 10 13 14 18 14
 14 16 12]
 Dunn Index 18 : 0.0602497547046
---------------------------------------------------------------------------------------------------------
chromosome 19 : [ 0.45250674  0.00910624 -0.26412589 ...,  0.          0.          0.        ]
 Objectives (Sil) : 0.353188047234
 Objectives (PBM) : 92.7814120854
Cluster size 19 :15
Predicted Label for 19: [13  0  2  2  0  2  0  0 12 10 12 10 14 10 11  2  1 14 10  2  4  2 11  2  2
  2  0 13  1 11  4  1 12  2  1 14 14  1  1  1  2 12  1  1  1 14 12 10  1  2
  1  0  0  0  2  1  1 14  2 12  9  1 14  2 11 14 14 14  2 12  9  2  0  1  1
 11  2 14 13 14  4  4  1 12 14  0  9  2 12  0  4  9 10  1  2 14  4 14 14  1
 11  2  2 13 11 12  4  1  0  5  2  9 14  1  7  2 12  4 12 12  4  2 10  2  2
  3  5  1 14  4  4 14 14  0  4  9  9 12  2 11  2 10 11 11  4  4  0  1  2 10
 14 14  4 11  9 11  0  9  2  1  4 14  4  9  9 14 11  1 12  4  4  2 14 14 14
 12  4  0  9  0  4  2  2  8  0  9  5  5 14  2 10  4 12  2 14  4  4 14  2 12
  4 14  5  4 14 14  0  9  1 11 12  9 10  0  0  4 12 14  5 14 12  2  2  1  2
  9  0  1  4 12  4 11  1 14  1  1 12  1 14  2  0  0  0  0  2  4 12  2  1  1
 13  2  4  4 10  1  4  2  1  9  0 13  2 11  1  0 12  5  1 14  2  5  2 14 12
 12 11  5 13  9  0 12  2 14  9  2 14  4 12  1  1  4 14 13  1  2  0 14 14  2
 14 14 12 14  4 14 12 14  0  0 14 14  2  2  1  2  2 14 12 14 14 14 12  1 10
  2 11  5  4 14  0  5 13 12 14  2  2  9  1 12  0 14  2  4  1 10 12  2  2 13
  1  1  4  0  1  1 14  0 14 11 12  2  4 11  5  0  1 14  2  0 11  8 14  2 14
  2  8 14 14  0  9 14  0 11  4 14  1  0  2 12  2  4  0 14 14  5  1  1  0  0
  1  9  4]
 Dunn Index 19 : 0.0533164257438
---------------------------------------------------------------------------------------------------------
chromosome 20 : [ 0.41641587  0.01530984 -0.24328148 ...,  0.          0.          0.        ]
 Objectives (Sil) : 0.390411507601
 Objectives (PBM) : 40.7856898722
Cluster size 20 :12
Predicted Label for 20: [11 10  8  7  9  8 10 10 10 11 10 11  5 11 11  8  9  5 11  8  6  8 11  8  8
  8  9 11  8 11  5  9 10  8  9  7  7  9  8  9  8 10  9  9  9  7 10 11  8  8
  9 10 10  9  8  9  8  5  8 10  4  8  7  8 11  7  7  5  8 10  6  8  9  9  9
 11  8  7 11  7  5  6  9 10  5 10  6  8 10  9  5  4 11  9  8  7  5  7  7  9
 11  8  8 11 11 10  6  9 10  0  8  4  7  8  1  8 10  6 10 10  5  7 11  8  8
  0  0  9  7  5  5  7  7  9  5  4  6 10  8 11  8 11 10 11  5  6  9  9  8 11
  7  5  5 11  6 11  9  6  8  9  5  7  5  6  6  7 11  9 10  6  5  8  5  7  7
 10  6 10  6  9  5  8  8  2 10  4  0  0  7  8 11  6 10  8  7  5  5  7  8 10
  6  7  0  5  7  7 10  4  9 11 10  6 11 10  9  5 10  7  0  7 10  8  8  8  8
  4  9  8  6 10  5 10  9  7  9  9 10  8  7  8 10 10  9  9  8  5 10  7  9  9
 11  8  5  6 11  8  5  8  8  6  9 11  8 10  8  9 10  0  9  7  8  0  7  7 10
 10 11  0 11  4 10 10  8  5  4  8  7  6 10  9  9  6  7 11  9  8  9  5  7  8
  7  7 10  5  6  7 10  5  9 10  7  7  8  8  9  8  8  7 10  7  7  7 10  8 11
  8 11  0  6  7 10  0 11 10  5  8  8  4  9 10  9  7  8  5  9 11 10  8  8 11
  9  8  6 10  9  9  7  9  7 11 10  8  5 11  0 10  9  7  8  9 10  3  7  7  7
  8  3  7  7 10  4  7  9 10  5  7  9 10  8 10  8  5  9  7  7  0  8  9 10  9
  9  6  5]
 Dunn Index 20 : 0.0115385142038
---------------------------------------------------------------------------------------------------------
chromosome 21 : [ 0.5153421   0.00573241 -0.3010861  ...,  0.          0.          0.        ]
 Objectives (Sil) : 0.488774631304
 Objectives (PBM) : 28.1663652878
Cluster size 21 :3
Predicted Label for 21: [1 2 2 2 2 2 2 2 1 1 1 1 0 1 1 2 2 0 1 2 0 2 1 2 2 2 2 1 2 1 0 2 1 2 2 0 0
 2 2 2 2 1 2 2 2 2 1 1 2 2 2 2 2 2 2 2 2 0 2 1 0 2 0 2 1 0 0 0 2 1 0 2 2 2
 2 1 2 0 1 0 0 0 2 1 0 2 0 2 1 2 0 0 1 2 2 0 0 0 0 2 1 2 2 1 1 1 0 2 2 1 2
 0 2 2 0 2 1 0 1 1 0 2 1 2 2 1 1 2 0 0 0 0 0 2 0 0 0 1 2 1 2 1 1 1 0 0 2 2
 2 1 0 0 0 1 0 1 2 0 2 2 0 0 0 0 0 2 1 2 1 0 0 2 0 2 0 1 0 2 0 2 0 2 2 0 2
 0 1 1 0 2 1 0 1 2 0 0 0 0 2 1 0 2 1 0 2 0 2 0 2 1 1 0 1 2 2 0 1 0 1 2 1 2
 2 2 2 0 2 2 0 1 0 1 2 0 2 2 1 2 0 2 2 2 2 2 2 0 1 2 2 2 1 2 0 0 1 2 0 2 2
 0 2 1 2 1 2 2 1 1 2 0 2 1 2 0 1 1 1 1 1 0 2 1 2 0 0 2 0 0 1 2 2 0 0 1 2 2
 2 0 0 2 2 0 1 0 0 2 1 0 2 2 2 0 2 2 2 2 2 2 1 0 2 2 1 2 1 2 1 1 0 0 2 1 1
 1 0 2 2 0 2 1 2 0 2 0 2 1 1 2 2 1 2 2 0 2 2 2 0 2 0 1 1 2 0 1 1 2 2 0 2 2
 1 0 0 2 0 2 0 0 0 2 0 0 2 1 0 0 2 2 2 1 2 0 2 0 0 1 2 2 2 2 2 0 0]
 Dunn Index 21 : 0.012343495249
---------------------------------------------------------------------------------------------------------
chromosome 22 : [ 0.40784355  0.01059346 -0.23781136 ...,  0.          0.          0.        ]
 Objectives (Sil) : 0.395706179298
 Objectives (PBM) : 117.620150611
Cluster size 22 :9
Predicted Label for 22: [8 0 4 4 2 4 0 0 0 8 0 8 7 8 3 4 2 7 5 4 6 4 3 4 4 4 2 3 2 3 7 2 0 4 2 7 7
 2 2 2 4 0 2 2 2 4 3 8 4 4 2 0 0 2 4 2 2 7 4 0 6 2 7 4 3 7 7 7 4 0 6 4 2 2
 2 3 4 7 3 7 7 6 2 3 7 0 6 4 0 2 7 6 8 2 4 7 7 7 7 2 3 4 4 8 3 0 6 2 0 5 4
 6 4 2 6 4 0 6 0 0 7 4 8 4 4 1 5 2 7 7 7 7 7 2 7 6 6 0 4 3 4 8 3 3 7 6 2 2
 4 8 7 7 7 3 6 3 2 6 4 2 7 7 7 6 6 4 3 2 0 6 7 4 7 4 7 0 6 0 6 2 7 4 4 6 0
 6 5 5 7 4 8 6 0 4 7 7 7 7 4 0 6 4 5 7 4 7 0 6 2 3 0 6 8 0 0 7 0 7 5 4 0 4
 4 2 4 6 2 2 6 0 7 3 2 7 2 2 0 2 7 4 0 0 0 2 4 7 0 4 2 2 8 4 7 6 8 2 7 4 2
 6 2 3 4 3 2 2 0 5 2 7 4 5 4 7 0 0 3 5 8 6 0 0 4 7 6 4 7 6 3 2 2 6 7 3 2 4
 2 7 7 4 4 7 0 7 6 4 0 7 2 0 4 7 4 4 2 4 4 4 0 7 4 4 0 2 8 4 3 5 6 7 0 5 8
 0 7 4 4 6 2 0 2 7 4 7 2 8 0 4 4 3 2 2 6 0 2 2 7 2 7 3 0 4 7 3 5 0 2 7 4 0
 3 6 7 4 7 4 6 7 7 0 6 7 2 3 7 7 2 0 4 0 4 7 2 7 7 5 2 2 0 2 2 6 7]
 Dunn Index 22 : 0.0263451173847
---------------------------------------------------------------------------------------------------------
chromosome 23 : [ 0.49604568  0.01465641 -0.289555   ...,  0.3003133   0.59418891
  0.20726595]
 Objectives (Sil) : 0.353250641238
 Objectives (PBM) : 79.0042680224
Cluster size 23 :13
Predicted Label for 23: [ 2  3  8 11  3 11  3  3  3  2  3  2  9  2 12  8  3  9  2  8  1  8 12  8  8
 11  3 12  8 12  4  8 12  8  8  9  9  8  8  8  8 12  8  3  8 11 12  2  8 11
  3  3  3  3  8  8  8  9 11 12  0  8 11  8 12  9  9  9  8 12  5 11  3  8  3
 12  8  9 12  9  4  1  8 12  9  3  5 11 12  3  4  5  2  3  8 11  4  9 11  8
 12 11 11 12 12 12  1  8  3  2  8 10 11  8  7  8 12  1 12 12  4 11  2 11  8
  6  2  8  9  4  4  9  9  3  4  0  5 12  8 12 11  2 12 12  4  1  3  3 11  2
  9  9  4 12  1 12  3  5 11  8  4 11  4  1  1 11 12  3 12  1  4  8  9 11  9
 12  1  3  5  3  4  8 11  7  3 10  2  2  9  8  2  1  3  8  9  4  4  9 11 12
  1 11  2  4 11 11  3 10  8 12  3  5  2  3  3  4 12  9  2 11 12  8  8  8  8
 10  3  8  1  3  4 12  8  9  3  8  3  8  9  8  3  3  3  3  8  4 12 11  3  8
 12 11  4  1  2  8  4  8  8  5  3 12  8 12  8  3 12  2  8 11  8  2 11  9 12
 12 12  2 12 10  3 12 11  9  5 11  9  1 12  8  3  1  9 12  8 11  3  9  9  8
 11  9 12  9  1 11  3  9  3  3 11 11 11 11  8  8  8 11  3 11 11 11 12  8  2
  8 12  2  1 11  3  2 12 12  9 11  8  0  8 12  3 11  8  4  8  2 12  8 11 12
  3  8  1  3  3  3  9  3  9 12 12 11  4 12  2  3  3  9 11  3 12  7  9 11  9
  8  7  9  9  3 10  9  3 12  4 11  3  3  8 12 11  4  3  9 11  2  8  8  3  3
  8  5  4]
 Dunn Index 23 : 0.0384471527307
---------------------------------------------------------------------------------------------------------
chromosome 24 : [ 0.12914043  0.01031173 -0.07519337 ...,  0.          0.          0.        ]
 Objectives (Sil) : 0.454646611166
 Objectives (PBM) : 53.8370694985
Cluster size 24 :6
Predicted Label for 24: [2 5 4 3 4 3 5 5 5 2 5 2 3 2 5 4 4 3 2 4 1 4 5 4 4 3 4 5 4 5 1 4 5 4 4 3 3
 4 4 4 4 5 4 4 4 3 5 2 4 3 4 5 5 4 4 4 4 3 4 5 0 4 3 4 5 3 3 3 4 5 1 4 4 4
 4 5 4 3 5 3 3 1 4 5 3 5 1 4 5 4 1 1 2 4 4 3 1 3 3 4 5 3 4 5 5 5 1 4 5 2 4
 1 3 4 0 4 5 1 5 5 1 3 2 4 4 2 2 4 3 1 3 3 3 4 1 0 1 5 4 5 3 2 5 5 1 1 4 4
 4 2 3 3 1 5 1 5 4 1 4 4 3 3 1 1 1 3 5 4 5 1 1 4 3 3 3 5 1 5 1 4 3 4 4 0 5
 1 2 2 3 4 2 1 5 4 3 1 1 3 4 5 1 3 2 3 3 3 5 1 4 5 5 1 2 5 5 3 5 3 2 3 5 4
 4 4 4 1 4 4 1 5 3 5 4 3 4 4 5 4 3 4 5 5 5 4 4 3 5 3 4 4 5 3 1 1 2 4 1 4 4
 1 4 5 4 5 4 4 5 2 4 3 4 2 3 3 5 5 5 2 5 1 5 5 3 3 1 4 3 1 5 4 4 1 3 5 4 4
 4 3 3 4 3 3 5 3 1 3 5 3 4 5 3 3 3 4 4 4 4 3 5 3 3 3 5 4 2 4 5 2 1 3 5 2 5
 5 3 4 4 0 4 5 4 3 4 1 4 2 5 4 4 5 4 4 1 5 4 4 3 4 3 5 5 4 1 5 2 5 4 3 4 5
 5 0 3 3 3 4 0 3 3 5 1 3 4 5 1 3 4 5 4 5 4 3 4 3 3 2 4 4 5 4 4 1 3]
 Dunn Index 24 : 0.0125710503915
---------------------------------------------------------------------------------------------------------
chromosome 25 : [ 0.47294398  0.01274397 -0.27605859 ...,  0.          0.          0.        ]
 Objectives (Sil) : 0.375663059668
 Objectives (PBM) : 78.9895106475
Cluster size 25 :16
Predicted Label for 25: [ 5  1  8  4  2  8  1  1  1  5  1  5  9  5  5  8  2  9  6  8 10  8  5  8  8
  4  2  5  8  5 10  2  1  8  2  9  9  2  8  2  8  1  2  2  2  4  1  5  8  4
  2  1  1  2  8  2  8  9  8  1 15  8  4  8  5  9  4  9  8  1 12  8  2  2  2
  5  8  9  5  9 10 12  2  1  9  1 12  8  1  2 10 13  5  2  8  4 10  4  4  2
  5  4  8  5  5  1 10  2  1  6  8 13  4  8 14  8  1 12  1  1 10  4  5  8  8
  0  6  2  4 10  9  9  9  2 10 11 12  1  8  5  4  5  1  5 10 12  2  2  8  5
  4  9 10  5 12  5  2 12  8  2  9  4 10 12 12  4  5  2  1 12 10  8  9  4  4
  1 10  1 12  2 10  8  8 14  1 13  6  6  9  8  6 12  1  8  9 10 10  9  8  1
 10  4  6 10  4  4  1 13  2  5  1 12  5  1  2  9  1  9  6  4  1  8  8  8  8
 13  2  8 10  1 10  1  2  4  2  2  1  8  9  8  1  1  2  2  8  9  1  4  2  2
  5  4 10 10  5  8 10  8  8 12  2  5  8  1  8  2  1  6  2  4  8  6  4  9  1
  1  5  6  5 13  1  1  4  9 13  8  4 12  1  2  2 12  9  5  2  8  2  9  4  8
  4  9  1  9 10  4  1  9  2  1  4  4  4  8  8  8  8  4  1  4  4  4  1  8  5
  8  5  6 12  4  1  6  5  1  9  8  8 11  2  1  2  4  8 10  2  5  1  8  8  5
  2  8 12  1  2  2  9  2  9  5  1  8 10  5  6  1  2  9  8  2  1  3  9  4  9
  8  3  9  9  1 13  4  2  1 10  4  2  1  8  1  8 10  2  4  4  6  8  2  1  2
  2 12  9]
 Dunn Index 25 : 0.0531301189569
---------------------------------------------------------------------------------------------------------
chromosome 26 : [ 0.28301723  0.00672227 -0.16486238 ...,  0.          0.          0.        ]
 Objectives (Sil) : 0.448339545269
 Objectives (PBM) : 117.258733979
Cluster size 26 :7
Predicted Label for 26: [1 6 5 4 5 4 6 6 6 1 6 1 4 1 6 5 5 4 1 5 2 5 6 5 5 4 5 6 5 6 2 5 6 5 5 4 4
 5 5 5 5 6 5 5 5 4 6 1 5 4 5 6 6 5 5 5 5 4 5 6 3 5 4 5 6 4 4 4 5 6 2 5 5 5
 5 6 5 4 6 4 2 2 5 6 4 6 2 4 6 5 2 2 1 5 5 4 2 4 4 5 6 4 5 1 6 6 2 5 6 1 5
 2 4 5 3 5 6 2 6 6 2 4 1 4 5 0 1 5 4 2 4 4 4 5 2 3 2 6 5 6 4 1 6 6 2 2 5 5
 5 1 4 4 2 6 2 6 5 2 5 5 2 4 2 2 2 4 6 5 6 2 2 5 4 4 4 6 2 6 2 5 2 5 5 3 6
 3 1 1 4 5 1 2 6 5 4 2 2 4 5 6 2 4 1 2 4 4 6 3 5 6 6 2 1 6 6 4 6 4 1 4 6 5
 5 5 5 2 5 5 2 6 2 6 5 4 5 5 6 5 4 5 6 6 6 5 5 4 6 4 5 5 1 4 2 2 1 5 2 5 5
 2 5 6 5 6 5 5 6 1 5 4 5 1 4 4 6 6 6 1 1 3 6 6 4 4 2 5 4 2 6 5 5 2 4 6 5 4
 5 4 4 5 4 4 6 4 2 4 6 4 5 6 4 4 4 5 5 5 5 4 6 4 4 4 6 5 1 5 6 1 2 4 6 1 1
 6 4 5 5 3 5 6 5 4 5 2 5 1 6 5 5 6 5 5 2 6 5 5 4 5 4 6 6 5 2 6 1 6 5 4 5 6
 6 3 4 4 4 5 3 4 4 6 2 4 5 6 2 4 5 6 5 6 4 2 5 4 4 1 5 5 6 5 5 2 4]
 Dunn Index 26 : 0.0403055026682
---------------------------------------------------------------------------------------------------------
chromosome 27 : [ 0.48811167  0.01454689 -0.28469138 ...,  0.29503348  0.58526856
  0.20254913]
 Objectives (Sil) : 0.374469717908
 Objectives (PBM) : 110.760829369
Cluster size 27 :13
Predicted Label for 27: [12  9  8  6  9  6  9 10 10 12 10 12  7 12 10  8  9  7  0  8  2  8 12  8  8
  6  9 12  8 12  3  8 10  8  9  7  7  8  8  8  8 10  8  9  8  6 10 12  8  6
  9  9  9  9  8  9  8  7  8 10  4  8  6  8 12  7  7  7  8 10  2  6  9  9  9
 12  8  7 12  7  3  2  8 10  7  9  2  6 10  9  3  4 12  9  8  6  3  7  6  8
 12  6  6 12 10 10  2  8  9  0  8  4  6  8 11  8 10  2 10 10  3  6 12  6  8
  1  0  9  7  3  3  7  7  9  3  4  2 10  8 12  6 12 10 12  3  2  9  9  6 12
  7  7  3 12  2 10  9  2  8  9  3  6  3  2  2  6 12  9 10  2  3  8  7  6  7
 10  2  9  2  9  3  8  6 11  9  4  0  0  7  8  0  2 10  8  7  3  3  7  6 10
  2  6  0  3  6  6  9  4  8 12 10  2 12 10  9  3 10  7  0  6 10  8  8  8  8
  4  9  8  2 10  3 10  8  7  9  8 10  8  7  8  9  9  9  9  8  3 10  6  9  8
 12  6  3  2 12  8  3  8  8  2  9 12  8 10  8  9 10  0  8  6  8  0  6  7 10
 10 12  0 12  4  9 10  6  7  4  6  7  2 10  9  9  2  7 12  8  6  9  7  7  8
  6  7 10  7  2  6 10  7  9  9  6  6  6  6  8  8  8  6 10  6  6  6 10  8 12
  8 10  0  2  6  9  0 12 10  7  6  8  4  8 10  9  6  8  3  8 12 10  8  6 12
  9  8  2  9  9  9  7  9  7 12 10  8  3 10  0  9  9  7  6  9 10 11  7  6  7
  8 11  7  7  9  4  7  9 10  3  6  9  9  8 10  6  3  9  7  6  0  8  8 10  9
  8  2  3]
 Dunn Index 27 : 0.0429772709237
---------------------------------------------------------------------------------------------------------
chromosome 28 : [ 0.5153421   0.01530984 -0.3010861  ...,  0.          0.          0.        ]
 Objectives (Sil) : 0.465375225078
 Objectives (PBM) : 45.8653714009
Cluster size 28 :5
Predicted Label for 28: [1 2 4 3 4 4 2 2 2 1 2 1 3 1 2 4 4 3 1 4 0 4 2 4 4 4 4 2 4 2 3 4 2 4 4 3 3
 4 4 4 4 2 4 4 4 3 2 1 4 3 4 2 2 4 4 4 4 3 4 2 0 4 3 4 2 3 3 3 4 2 0 4 4 4
 4 2 4 3 2 3 3 0 4 2 3 2 0 4 2 4 3 0 1 4 4 3 3 3 3 4 2 4 4 2 2 2 0 4 2 1 4
 0 3 4 0 4 2 0 2 2 3 3 1 4 4 1 1 4 3 3 3 3 3 4 3 0 0 2 4 2 3 1 2 2 3 0 4 4
 4 1 3 3 3 2 0 2 4 0 4 4 3 3 3 0 0 3 2 4 2 0 3 4 3 3 3 2 0 2 0 4 3 4 4 0 2
 0 1 1 3 4 1 0 2 4 3 3 3 3 4 2 0 3 1 3 3 3 2 0 4 2 2 0 1 2 2 3 2 3 1 3 2 4
 4 4 4 0 4 4 0 2 3 2 4 3 4 4 2 4 3 4 2 2 2 4 4 3 2 3 4 4 2 4 3 0 1 4 3 4 4
 0 4 2 4 2 4 4 2 1 4 3 4 1 3 3 2 2 2 1 2 0 2 2 4 3 0 4 3 0 2 4 4 0 3 2 4 4
 4 3 3 4 3 3 2 3 0 3 2 3 4 2 3 3 3 4 4 4 4 3 2 3 3 3 2 4 1 4 2 1 0 3 2 1 2
 2 3 4 4 0 4 2 4 3 4 3 4 1 2 4 4 2 4 4 0 2 4 4 3 4 3 2 2 4 3 2 1 2 4 3 4 2
 2 0 3 3 3 4 0 3 3 2 0 3 4 2 3 3 4 2 4 2 4 3 4 3 3 1 4 4 2 4 4 0 3]
 Dunn Index 28 : 0.00817492887431
---------------------------------------------------------------------------------------------------------
chromosome 29 : [ 0.5153421   0.01530984 -0.3010861  ...,  0.          0.          0.        ]
 Objectives (Sil) : 0.449903332161
 Objectives (PBM) : 156.387164517
Cluster size 29 :5
Predicted Label for 29: [4 1 1 2 1 2 1 1 1 4 1 4 2 4 4 1 1 2 4 1 3 1 4 1 1 2 1 4 1 4 3 1 4 1 1 2 2
 1 1 1 1 4 1 1 1 2 4 4 1 2 1 1 1 1 1 1 1 2 2 4 3 1 2 1 4 2 2 2 1 4 3 2 1 1
 1 4 1 2 4 2 2 3 1 4 2 1 3 2 4 1 2 3 4 1 1 2 3 2 2 1 4 2 2 4 4 4 3 1 1 4 1
 3 2 1 3 1 4 3 4 4 3 2 4 2 1 0 4 1 2 2 2 2 2 1 2 3 3 4 1 4 2 4 4 4 3 3 1 1
 2 4 2 2 3 4 3 4 1 3 2 1 2 2 2 3 3 2 4 1 4 3 3 1 2 2 2 4 3 1 3 1 2 1 2 3 1
 3 4 4 2 1 4 3 1 1 2 2 3 2 2 4 3 2 4 2 2 2 1 3 1 4 1 3 4 1 1 2 4 2 4 2 4 1
 1 1 1 3 1 1 3 1 2 4 1 2 1 1 1 1 2 2 1 1 1 1 1 2 4 2 1 1 4 2 2 3 4 1 2 1 1
 3 1 4 1 4 1 1 4 4 1 2 1 4 2 2 4 4 4 4 4 3 1 4 2 2 3 2 2 3 4 1 1 3 2 4 1 2
 1 2 2 1 2 2 4 2 3 2 1 2 1 1 2 2 2 2 1 1 1 2 1 2 2 2 4 1 4 1 4 4 3 2 1 4 4
 4 2 2 1 3 1 4 1 2 1 3 1 4 4 1 2 4 1 1 3 1 1 1 2 1 2 4 4 2 3 4 4 1 1 2 2 1
 4 3 2 2 2 1 3 2 2 1 3 2 1 4 2 2 1 1 1 4 2 2 1 2 2 4 1 1 1 1 1 3 2]
 Dunn Index 29 : 0.0228801503003
---------------------------------------------------------------------------------------------------------
chromosome 30 : [ 0.5153421   0.01328957 -0.3010861  ...,  0.          0.          0.        ]
 Objectives (Sil) : 0.454646611166
 Objectives (PBM) : 77.5253800779
Cluster size 30 :6
Predicted Label for 30: [1 5 0 4 0 4 5 5 5 1 5 1 4 1 5 0 0 4 1 0 2 0 5 0 0 4 0 5 0 5 2 0 5 0 0 4 4
 0 0 0 0 5 0 0 0 4 5 1 0 4 0 5 5 0 0 0 0 4 0 5 3 0 4 0 5 4 4 4 0 5 2 0 0 0
 0 5 0 4 5 4 4 2 0 5 4 5 2 0 5 0 2 2 1 0 0 4 2 4 4 0 5 4 0 5 5 5 2 0 5 1 0
 2 4 0 3 0 5 2 5 5 2 4 1 0 0 1 1 0 4 2 4 4 4 0 2 3 2 5 0 5 4 1 5 5 2 2 0 0
 0 1 4 4 2 5 2 5 0 2 0 0 4 4 2 2 2 4 5 0 5 2 2 0 4 4 4 5 2 5 2 0 4 0 0 3 5
 2 1 1 4 0 1 2 5 0 4 2 2 4 0 5 2 4 1 4 4 4 5 2 0 5 5 2 1 5 5 4 5 4 1 4 5 0
 0 0 0 2 0 0 2 5 4 5 0 4 0 0 5 0 4 0 5 5 5 0 0 4 5 4 0 0 5 4 2 2 1 0 2 0 0
 2 0 5 0 5 0 0 5 1 0 4 0 1 4 4 5 5 5 1 5 2 5 5 4 4 2 0 4 2 5 0 0 2 4 5 0 0
 0 4 4 0 4 4 5 4 2 4 5 4 0 5 4 4 4 0 0 0 0 4 5 4 4 4 5 0 1 0 5 1 2 4 5 1 5
 5 4 0 0 3 0 5 0 4 0 2 0 1 5 0 0 5 0 0 2 5 0 0 4 0 4 5 5 0 2 5 1 5 0 4 0 5
 5 3 4 4 4 0 3 4 4 5 2 4 0 5 2 4 0 5 0 5 0 4 0 4 4 1 0 0 5 0 0 2 4]
 Dunn Index 30 : 0.0125710503915
---------------------------------------------------------------------------------------------------------
chromosome 31 : [ 0.3040052   0.00533262 -0.17790082 ...,  0.          0.          0.        ]
 Objectives (Sil) : 0.457141282622
 Objectives (PBM) : 35.7892394151
Cluster size 31 :4
Predicted Label for 31: [2 3 1 1 3 1 3 3 3 2 3 2 1 2 2 1 3 0 2 1 0 1 2 1 1 1 3 2 1 2 0 3 3 1 3 1 1
 3 1 3 1 3 3 3 3 1 3 2 1 1 3 3 3 3 1 3 1 0 1 3 0 1 1 1 2 1 1 1 1 3 0 1 3 3
 3 2 1 1 2 1 0 0 3 3 1 3 0 1 3 3 0 0 2 3 1 1 0 1 1 3 2 1 1 2 2 3 0 3 3 2 1
 0 1 1 0 1 3 0 3 3 0 1 2 1 1 2 2 3 1 0 0 1 1 3 0 0 0 3 1 2 1 2 3 2 0 0 3 3
 1 2 1 1 0 2 0 2 3 0 1 3 0 1 0 0 0 1 2 3 3 0 0 1 1 1 1 3 0 3 0 3 0 1 1 0 3
 0 2 2 1 1 2 0 3 1 1 0 0 1 1 3 0 1 2 0 1 1 3 0 3 2 3 0 2 3 3 0 3 1 2 1 3 1
 1 1 1 0 3 1 0 3 0 3 3 1 3 3 3 1 1 1 3 3 3 3 1 0 3 1 3 3 2 1 0 0 2 1 0 1 1
 0 3 2 1 3 1 3 3 2 3 1 1 2 1 1 3 3 2 2 2 0 3 3 1 1 0 1 1 0 3 3 3 0 1 2 3 1
 3 1 1 1 1 1 3 1 0 1 3 1 3 3 1 1 1 1 1 1 1 1 3 1 1 1 3 1 2 1 2 2 0 1 3 2 2
 3 0 1 1 0 3 3 3 1 1 0 3 2 3 1 1 2 3 1 0 3 3 3 1 3 1 2 3 1 0 2 2 3 3 1 1 3
 3 0 1 1 1 1 0 1 1 3 0 1 3 3 0 1 3 3 1 3 1 0 3 1 1 2 1 3 3 3 3 0 0]
 Dunn Index 31 : 0.012864099336
---------------------------------------------------------------------------------------------------------
chromosome 32 : [ 0.20920365  0.00970886 -0.1217674  ...,  0.          0.          0.        ]
 Objectives (Sil) : 0.332307812127
 Objectives (PBM) : 94.7739836175
Cluster size 32 :16
Predicted Label for 32: [10  5  8 14  3  8  6  5  6 10  6 10 13 10  7  8  3 13  2  9 15  8 11  9  8
  8  3 11  9 11 13  9  4  8  9 14 13  9  9  9  8  4  9  3  9 14  7 10  9  8
  3  5  6  5  8  3  9 13  8  4  1  9 14  9 11 14 14 13  9  4 15  8  3  3  3
 11  8 14 11 13 13 15  9  7 13  6 15  8 12  3 13 15 10  3  8 14 13 14 14  9
 11  8  8 10  7  4 15  9  5  2  8 15 14  9  1  9  4 15  4 12 13 14 10  8  8
  0  2  9 14 13 13 14 13  3 13  1 15 12  8 11  8 10  7 11 13 15  3  3  8 10
 14 13 13 11 15  7  3 15  8  3 13 14 13 15 15 14 11  3  4 15 13  9 13 14 14
 12 15  6 15  3 13  8  8  1  6 15  2  2 13  9 10 15  6  8 13 13 13 14  8  4
 15 14  2 13 14 14  6 15  9 11  6 15 10  6  6 13 12 14  2 14 12  8  8  9  8
 15  3  9 15 12 13  7  9 14  3  9  6  9 14  8  6  6  5  3  8 13  4 14  3  9
 10  8 13 15 10  9 13  8  9 15  3 11  9  7  9  3 12  2  9 14  8  2 14 13 12
  4 11  2 10 15  5 12  8 13 15  8 14 15  7  3  3 15 14 11  9  8  3 13 14  8
 14 14 12 13 15 14 12 13  3  6 14 14  8  8  9  9  8 14  6 14 14 14 12  9 10
  8 11  2 15 14  5  2 10  4 13  8  8  1  9  4  3 14  8 13  9 10 12  8  8 11
  3  9 15  6  3  3 13  3 13 11  7  8 13  7  2  5  3 13  8  5  7  1 14 14 14
  8  1 14 14  6 15 14  3  7 13 14  3  6  9  4  8 13  3 14 14  2  9  9  6  3
  9 15 13]
 Dunn Index 32 : 0.0393930463999
---------------------------------------------------------------------------------------------------------
chromosome 33 : [ 0.49778756  0.01214842 -0.2907004  ...,  0.          0.          0.        ]
 Objectives (Sil) : 0.341343845193
 Objectives (PBM) : 86.1632867215
Cluster size 33 :16
Predicted Label for 33: [ 1 12  9 10 13 10 12 15 12  1 12  1  8  1 14  9 13  8 11  9  5  9  1  9  9
 10 13  1  9 14  5  9 15  9 13  8  8  9  9 13  9 15  9 13  9 10 14  1  9 10
 13 15 12 13  9 13  9  8 10 15  2  9  8  9 14  8  8  8  9 15  4 10 13 13 13
 14  9  8  1  8  5  4  9 14  8 12  4 10 12 13  5  4  1 13  9 10  5  8 10  9
 14 10 10  1 14 15  5 13 15  6  9  4 10  9  3  9 15  4 15 12  5 10  1 10  9
  0 11 13  8  5  5  8  8 13  5  2  4 12  9 14 10  1 14  1  5  4 13 13 10  1
  8  8  5 14  4 14 13  4 10 13  5  8  5  4  4 10 14 13 15  4  5  9  8 10  8
 12  5 12  4 13  5  9 10  3 12  2 11  6  8  9 11  4 12  9  8  5  5  8 10 15
  5 10 11  5 10  8 12  2  9 14 12  4  1 12 13  5 12  8 11 10 12  9  9  9  9
  2 13  9  5 12  5 14  9  8 13  9 12  9  8  9 13 12 13 13  9  5 15 10 13  9
  1 10  5  5  1  9  5  9  9  4 13  1  9 14  9 13 14 11  9  8  9 11 10  8 12
 15 14 11  1  2 12 12 10  8  4 10  8  4 14 13 13  4  8  1  9 10 13  8  8  9
 10  8 12  8  5 10 12  8 13 12 10 10 10 10  9  9  9 10 12 10 10 10 12  9  1
  9 14 11  4 10 15 11  1 15  8 10  9  2  9 12 13  8  9  5  9  1 12  9 10  1
 13  9  4 12 13 13  8 13  8 14 14 10  5 14 11 15 13  8 10 13 14  3  8 10  8
  9  3  8  8 12  4  8 13 14  5 10 13 12  9 15 10  5 13  8 10 11  9  9 12 13
  9  4  5]
 Dunn Index 33 : 0.0795879926833
---------------------------------------------------------------------------------------------------------
chromosome 34 : [ 0.4789735   0.00906173 -0.27973868 ...,  0.          0.          0.        ]
 Objectives (Sil) : 0.412259645963
 Objectives (PBM) : 41.058000486
Cluster size 34 :14
Predicted Label for 34: [ 8 12 13 13 12 13 12 10 10  8 10  8  0  8 10 13 12  0  6 13  1 13  8 13 13
 13 12  8 13  8  0 13 10 13 12  0  0 13 13 12 13 10 13 12 13  0 10  8 13 13
 12 12 12 12 13 12 13  0 13 10  1 13  0 13  8  0  0  0 13 10  1 13 12 12 12
  8 13  0  8  0  0  1 13 10  0 12  1 13 10 12  0  1  8 12 13  0  0  0  0 12
  8 13 13  8 10 10  1 12 12  3 13  1 13 13  1 13 10  1 10 10  0 13  8 13 13
  7  9 12  0  0  0  0  0 12  0  1  1 10 13  8 13  8 10  8  0  1 12 12 13  8
  0  0  0  8  1 10 12  1 13 12  0  0  0  1  1  0  8 12 10  1  0 13  0  0  0
 10  1 12  1 12  0 13 13  1 12  1  9  2  0 13  6  1 10 13  0  0  0  0 13 10
  1  0  6  0  0  0 12  1 13  8 10  1  6 10 12  0 10  0 11 13 10 13 13 13 13
  1 12 13  1 10  0 10 12  0 12 12 10 13  0 13 12 12 12 12 13  0 10 13 12 13
  8 13  0  1  8 13  0 13 13  1 12  8 13 10 13 12 10 11 12  0 13  9 13  0 10
 10  8  5  8  1 12 10 13  0  1 13  0  1 10 12 12  1  0  8 12 13 12  0  0 13
 13  0 10  0  1  0 10  0 12 12  0  0 13 13 13 13 13  0 10  0 13  0 10 13  8
 13 10  6  1  0 12  6  8 10  0 13 13  1 12 10 12  0 13  0 13  8 10 13 13  8
 12 13  1 12 12 12  0 12  0  8 10 13  0 10  6 12 12  0 13 12 10  1  0 13  0
 13  1  0  0 12  1  0 12 10  0  0 12 12 13 10 13  0 12  0  0  6 13 13 10 12
 13  1  0]
 Dunn Index 34 : 0.0190858149963
---------------------------------------------------------------------------------------------------------
chromosome 35 : [ 0.49018442  0.01268668 -0.28593246 ...,  0.          0.          0.        ]
 Objectives (Sil) : 0.347533344312
 Objectives (PBM) : 111.195300613
Cluster size 35 :15
Predicted Label for 35: [ 8  7 14 11  7 14  7  7  7  8  7  8  2  8 13 14  5  2  1 14  4 14  8 14 14
 14  7  8  5  8  9  5 13 14  5  2  2  5  5  5 14 13  5  5  5 11 13  8 14 11
  5  7  7  7 14  5  5  2 14 13  0  5 11 14  8  2 11  2 14 13 10 14  7  5  5
  8 14 11  8  2  9  4  5 13  2  7 10 14 13  7  9 10  8  5 14 11  9 11 11  5
  8 14 14  8 13 13  9  5  7  1 14 12 11  5  3 14 13 10 13 13  9 11  8 14 14
  6  1  5 11  9  2  2  2  7  9  0 10 13 14  8 11  8 13  8  9  4  7  5 14  8
 11  2  9  8  4 13  7 10 14  5  2 11  9  4  4 11  8  5 13  4  9 14  2 11 11
 13  4  7 10  7  9 14 14  3  7 12  1  1  2 14  1  4 13 14  2  9  9  2 14 13
  9 11  1  9 11 11  7 12  5  8 13  4  8  7  7  2 13  2  1 11 13 14 14  5 14
 12  5  5  9 13  9 13  5 11  5  5 13  5  2 14  7  7  7  7 14  2 13 11  5  5
  8 14  9  9  8  5  9 14  5  4  7  8 14 13  5  7 13  1  5 11 14  1 11  2 13
 13  8  1  8 12  7 13 14  2 10 14 11  4 13  5  5  4  2  8  5 14  7  2 11 14
 11  2 13  2  9 11 13  2  7  7 11 11 11 14  5 14 14 11  7 11 11 11 13  5  8
 14 13  1  4 11  7  1  8 13  2 14 14 12  5 13  5 11 14  9  5  8 13 14 14  8
  5  5  4  7  5  5  2  7  2  8 13 14  9 13  1  7  5  2 14  7 13  3  2 11 11
 14  3  2  2  7 12 11  7 13  9 11  5  7 14 13 14  9  7 11 11  1  5  5  7  7
  5  4  2]
 Dunn Index 35 : 0.0474167344536
---------------------------------------------------------------------------------------------------------
chromosome 36 : [ 0.00472797  0.00463654 -0.00270711 ...,  0.          0.          0.        ]
 Objectives (Sil) : 0.490751147518
 Objectives (PBM) : 101.150814916
Cluster size 36 :4
Predicted Label for 36: [0 0 1 1 1 1 0 0 0 0 0 0 2 0 0 1 1 2 0 1 2 1 0 1 1 1 1 0 1 0 2 1 0 1 1 2 2
 1 1 1 1 0 1 1 1 1 0 0 1 1 1 0 0 1 1 1 1 2 1 0 2 1 1 1 0 2 2 2 1 0 2 1 1 1
 1 0 1 2 0 2 2 2 1 0 2 0 2 1 0 1 2 2 0 1 1 1 2 1 1 1 0 1 1 0 0 0 2 1 0 0 1
 2 1 1 2 1 0 2 0 0 2 1 0 1 1 3 0 1 2 2 2 2 2 1 2 2 2 0 1 0 1 0 0 0 2 2 1 1
 1 0 1 2 2 0 2 0 1 2 1 1 2 1 2 2 2 1 0 1 0 2 2 1 2 1 2 0 2 0 2 1 2 1 1 2 0
 2 0 0 2 1 0 2 0 1 2 2 2 2 1 0 2 1 0 2 1 1 0 2 1 0 0 2 0 0 1 2 0 2 0 1 0 1
 1 1 1 2 1 1 2 0 2 0 1 2 1 1 0 1 2 1 1 0 1 1 1 2 0 1 1 1 0 1 2 2 0 1 2 1 1
 2 1 0 1 0 1 1 0 0 1 1 1 0 1 2 0 0 0 0 0 2 0 0 1 2 2 1 2 2 0 1 1 2 2 0 1 1
 1 2 1 1 1 2 0 2 2 1 0 2 1 0 1 1 1 1 1 1 1 1 0 1 1 1 0 1 0 1 0 0 2 1 0 0 0
 0 2 1 1 2 1 0 1 1 1 2 1 0 0 1 1 0 1 1 2 0 1 1 2 1 2 0 0 1 2 0 0 0 1 2 1 1
 0 2 2 1 2 1 2 2 2 0 2 1 1 0 2 1 1 0 1 0 1 2 1 1 1 0 1 1 0 1 1 2 2]
 Dunn Index 36 : 0.0203339967444
---------------------------------------------------------------------------------------------------------
chromosome 37 : [ 0.5153421   0.01530984 -0.3010861  ...,  0.          0.          0.        ]
 Objectives (Sil) : 0.411730852348
 Objectives (PBM) : 198.800492169
Cluster size 37 :9
Predicted Label for 37: [7 4 2 5 4 2 4 4 4 7 4 7 1 7 8 2 4 1 7 2 1 2 8 2 2 5 4 8 2 8 1 2 8 2 4 5 5
 2 2 2 2 8 2 4 2 5 8 7 2 5 4 4 4 4 2 4 2 1 2 8 0 2 5 2 8 5 5 1 2 8 0 2 4 4
 4 8 2 5 8 5 1 0 2 8 1 4 0 2 8 4 1 0 7 4 2 5 1 5 5 2 8 2 2 8 8 8 1 2 4 7 2
 0 5 2 3 2 8 0 8 8 1 5 7 2 2 6 7 4 5 1 1 5 5 4 1 0 0 8 2 8 5 7 8 8 1 0 4 4
 2 7 5 1 1 8 0 8 4 0 2 4 1 5 1 0 0 5 8 4 8 0 1 2 1 5 5 8 1 4 0 4 1 2 2 3 4
 0 7 7 5 2 7 0 4 2 5 1 1 5 2 8 1 5 7 1 5 5 4 0 2 8 4 0 7 4 4 1 8 5 7 5 8 2
 2 2 2 0 4 2 1 8 1 8 2 5 4 2 4 2 5 2 4 4 4 4 2 1 8 5 4 2 8 5 1 1 7 2 1 2 2
 0 4 8 2 8 2 4 8 7 2 5 2 7 5 5 8 8 8 7 8 0 4 8 5 1 0 2 5 0 8 4 4 0 5 8 2 2
 4 1 5 2 5 5 8 1 1 5 4 1 4 4 5 5 5 2 2 2 2 5 4 5 5 5 8 2 7 2 8 7 0 5 4 7 8
 8 1 2 2 0 2 8 4 5 2 1 2 7 8 2 2 8 4 2 0 4 4 4 5 4 5 8 8 2 1 8 7 4 4 5 2 4
 8 3 5 5 5 2 3 5 5 4 0 5 4 8 1 5 4 4 2 8 2 1 4 5 5 7 2 2 4 4 2 0 1]
 Dunn Index 37 : 0.0501927228929
---------------------------------------------------------------------------------------------------------
chromosome 38 : [ 0.48551408  0.01438623 -0.28352332 ...,  0.          0.          0.        ]
 Objectives (Sil) : 0.37554469424
 Objectives (PBM) : 25.6869975066
Cluster size 38 :20
Predicted Label for 38: [16 18 19 19 17 19 18 18 18 16 18 16  1 16 15 19 17  1 14 19  0 19 15 19 19
 19 17 15 17 15  1 17 18 19 17  1  1 17 17 17 19 18 17 17 17 19 15 16 19 19
 17 18 18 17 19 17 17  1 19 18  0 17  1 19 15  1  1  1 19 18  0 19 17 17 17
 15 19  1 15  1  1  0 17 15  1 18  0 19 18 17  1  0 16 17 19  1  1  1  1 17
 15 19 19 16 15 18  0 17 18  3 19  0 19 17  0 19 18  0 18 18  1 19 16 19 19
  4 10 17  1  1  1  1  1 17  1  0  0 18 19 15 19 16 15 15  1  0 17 17 19 16
  1  1  1 15  0 15 17  0 19 17  1  1  1  0  0 19 15 17 18  0  1 19  1 19  1
 18  0 18  0 17  1 19 19  0 18  0  7  2  1 19 14  0 18 19  1  1  1  1 19 18
  0 19 13  1 19  1 18  0 17 15 18  0 16 18 18  1 18  1 11 19 18 19 19 17 19
  0 17 17  0 18  1 15 17  1 17 17 18 17  1 19 18 18 18 17 19  1 18 19 17 17
 16 19  1  0 16 17  1 19 17  0 17 15 19 15 17 17 18  9 17  1 19  8 19  1 18
 18 15  6 16  0 18 18 19  1  0 19  1  0 15 17 17  0  1 15 17 19 17  1  1 19
 19  1 18  1  0 19 18  1 17 18 19  1 19 19 17 19 19 19 18  1 19 19 18 17 16
 19 15 12  0  1 18 14 16 18  1 19 19  0 17 18 17  1 19  1 17 16 18 19 19 15
 17 17  0 18 17 17  1 17  1 15 18 19  1 15 14 18 17  1 19 18 15  0  1 19  1
 19  0  1  1 18  0  1 17 15  1  1 17 18 19 18 19  1 17  1  1 13 17 17 18 17
 17  0  1]
 Dunn Index 38 : 0.0263451173847
---------------------------------------------------------------------------------------------------------
chromosome 39 : [ 0.51322991  0.01530984 -0.29951621 ...,  0.          0.          0.        ]
 Objectives (Sil) : 0.349849882811
 Objectives (PBM) : 57.5118199792
Cluster size 39 :17
Predicted Label for 39: [ 2 16  8  9 16  9 16 16 16  2 16  2  4  2  6  8 16  4  2  8 10  8  6  8  8
  9 16  6  8  6  5  8  6  8  8  4  4  8  8  8  8  6  8 16  8  9  6  2  8  9
 16 16 16 16  8  8  8  4  9  6 15  8  9  8  6  4  4  4  8  6  1  9 16  8 16
  6  8  4  6  4  5 10  8  6  4 16  1  9  6 16  5 14  2 16  8  9  5  4  9  8
  6  9  9  6  6  6 10  8 16  2  8  1  9  8  7  8  6 10  6  6  5  9  2  9  8
  0  2  8  4  5  5  4  4 16  5 11 14  6  8  6  9  2  6  6  5 10 16 16  9  2
  4  4  5  6 10  6 16  1  9  8  5  9  5  1 10  9  6 16  6 10  5  8  4  9  4
  6 10 16  1 16  5  8  9  7 16 13  2  2  4  8  2 10 16  8  4  5  5  4  9  6
 10  9  2  5  9  9 16 13  8  6 16  1  2 16 16  5  6  4  2  9  6  8  8  8  8
 13 16  8 10 16  5  6  8  4 16  8 16  8  4  8 16 16 16 16  8  5  6  9 16  8
  6  9  5 10  2  8  5  8  8  1 16  6  8  6  8 16  6  2  8  9  8  2  9  4  6
  6  6  2  6 13 16  6  9  4  1  9  4 10  6  8 16 10  4  6  8  9 16  4  4  8
  9  4  6  4 10  9 16  4 16 16  9  9  9  9  8  8  8  9 16  9  9  9  6  8  2
  8  6  2 10  9 16  2  6  6  4  9  8 12  8  6 16  9  8  5  8  2  6  8  9  6
 16  8 10 16 16 16  4 16  4  6  6  9  5  6  2 16 16  4  9 16  6  3  4  9  4
  8  3  4  4 16  1  4 16  6  5  9 16 16  8  6  9  5 16  4  9  2  8  8 16 16
  8  1  5]
 Dunn Index 39 : 0.0384471527307
---------------------------------------------------------------------------------------------------------
chromosome 40 : [ 0.46543368  0.01530984 -0.27164577 ...,  0.          0.          0.        ]
 Objectives (Sil) : 0.367499495837
 Objectives (PBM) : 58.4734129837
Cluster size 40 :18
Predicted Label for 40: [ 4  0  5 17  3  5  0  0  0  4  0  4 15  4  4  5  3 15  1  5 16  5  4  5  5
 17  3  4  5  4 16  3  0  5  3 15 15  3  5  3  5  0  3  3  3 17  0  4  5 17
  3  0  0  3  5  3  5 15  5  0 11  5 17  5  4 15 17 15  5  0 14  5  3  3  3
  4  5 15  4 15 16 14  3  0 15  0 14  5  0  3 16 13  4  3  5 17 16 17 17  3
  4 17  5  4  4  0 16  3  0  1  5 13 17  5  6  5  0 14  0  0 16 17  4  5  5
  2  1  3 17 16 15 15 15  3 16 10 14  0  5  4 17  4  4  4 16 14  3  3  5  4
 17 15 16  4 14  4  3 14  5  3 15 17 16 14 14 17  4  3  0 14 16  5 15 17 17
  0 16  0 14  3 16  5  5  7  0 13  1  1 15  5  1 14  0  5 15 16 16 15  5  0
 16 17  1 16 17 17  0 13  3  4  0 14  4  0  3 15  0 15  1 17  0  5  5  5  5
 13  3  5 16  0 16  0  3 17  3  3  0  5 15  5  0  0  3  3  5 15  0 17  3  3
  4 17 16 16  4  5 16  5  5 14  3  4  5  4  5  3  0  1  3 17  5  1 17 15  0
  0  4  1  4 13  0  0 17 15 13  5 17 14  0  3  3 14 15  4  3  5  3 15 17  5
 17 15  0 15 16 17  0 15  3  0 17 17 17  5  5  5  5 17  0 17 17 17  0  5  4
  5  4  1 14 17  0  1  4  0 15  5  5 12  3  0  3 17  5 16  3  4  0  5  5  4
  3  5 14  0  3  3 15  3 15  4  0  5 16  4  1  0  3 15  5  0  4  9 15 17 15
  5  8 15 15  0 13 17  3  0 16 17  3  0  5  0  5 16  3 17 17  1  5  3  0  3
  3 14 15]
 Dunn Index 40 : 0.0531301189569
---------------------------------------------------------------------------------------------------------
chromosome 41 : [  8.98125970e-317   1.72690461e-003   8.98123598e-317 ...,
   0.00000000e+000   0.00000000e+000   0.00000000e+000]
 Objectives (Sil) : 0.446433878181
 Objectives (PBM) : 112.834492703
Cluster size 41 :9
Predicted Label for 41: [4 5 6 7 5 6 5 5 5 4 5 4 7 4 4 6 6 7 3 6 8 6 4 6 6 6 5 4 6 4 7 6 5 6 6 7 7
 6 6 6 6 5 6 6 6 7 5 4 6 6 6 5 5 5 6 6 6 7 6 5 8 6 7 6 4 7 7 7 6 5 8 6 5 6
 6 4 6 7 4 7 7 8 6 5 7 5 8 6 5 5 7 8 4 6 6 7 7 7 7 6 4 6 6 4 4 5 8 6 5 2 6
 8 7 6 8 6 5 8 5 5 7 7 4 6 6 0 3 6 7 7 7 7 7 5 7 8 8 5 6 4 6 4 4 4 7 8 5 6
 6 4 7 7 7 4 8 4 5 8 6 6 7 7 7 8 8 7 4 6 5 8 7 6 7 7 7 5 8 5 8 5 7 6 6 8 5
 8 3 1 7 6 3 8 5 6 7 7 7 7 6 5 8 7 3 7 7 7 5 8 6 4 5 8 4 5 5 7 5 7 3 7 5 6
 6 6 6 8 5 6 8 5 7 4 6 7 6 6 5 6 7 6 5 5 5 5 6 7 5 7 6 6 4 6 7 8 4 6 7 6 6
 8 5 4 6 4 6 5 5 3 6 7 6 3 7 7 5 5 4 3 4 8 5 5 6 7 8 6 7 8 4 6 6 8 7 4 6 6
 5 7 7 6 7 7 5 7 8 7 5 7 5 5 7 7 6 6 6 6 6 7 5 7 7 7 5 6 4 6 4 3 8 7 5 3 4
 5 7 6 6 8 6 5 5 7 6 7 6 4 5 6 6 4 5 6 8 5 6 6 7 5 7 4 5 6 7 4 3 5 6 7 6 5
 4 8 7 7 7 6 8 7 7 5 8 7 5 4 7 7 6 5 6 5 6 7 5 7 7 3 6 6 5 5 6 8 7]
 Dunn Index 41 : 0.0252280832512
---------------------------------------------------------------------------------------------------------
chromosome 42 : [ 0.49203041  0.01091992 -0.28751026 ...,  0.          0.          0.        ]
 Objectives (Sil) : 0.35729906907
 Objectives (PBM) : 20.5092358019
Cluster size 42 :18
Predicted Label for 42: [17 13 12 15 16 12 13 13 13 17 13 17 11 17 17 12 16 11 17 12  9 12 17 12 12
 15 16 17 12 17  9 16 13 12 16 11 11 16 12 16 12 13 16 16 16 15 13 17 12 15
 16 13 13 16 12 16 12 11 12 13  5 12 15 12 17 11 15 11 12 13 14 12 16 16 16
 17 12 11 17 11  9 10 16 13 11 13 10 12 13 16  9 14 17 16 12 15  9 15 15 16
 17 15 12 17 17 13  9 16 13  6 12  8 15 12  0 12 13 10 13 13  9 15 17 12 12
  6  6 16 15  9 11 11 11 16  9  4 14 13 12 17 15 17 13 17  9 10 16 16 12 17
 15 11  9 17 10 17 16 10 12 16 11 15  9 10 10 15 17 16 13 10  9 12 11 15 15
 13  9 13 10 16  9 12 12  1 13  8  6  6 11 12 17 10 13 12 11  9  9 11 12 13
  9 15  6  9 15 15 13  8 16 17 13 10 17 13 16 11 13 11  6 15 13 12 12 12 12
  8 16 12  9 13  9 13 16 15 16 16 13 12 11 12 13 13 16 16 12 11 13 15 16 16
 17 15  9  9 17 12  9 12 12 10 16 17 12 13 12 16 13  6 16 15 12  6 15 11 13
 13 17  6 17  8 13 13 15 11  8 12 15 10 13 16 16 10 11 17 16 12 16 11 15 12
 15 11 13 11  9 15 13 11 16 13 15 15 15 12 12 12 12 15 13 15 15 15 13 12 17
 12 17  6 10 15 13  6 17 13 11 12 12  7 16 13 16 15 12  9 16 17 13 12 12 17
 16 12 10 13 16 16 11 16 11 17 13 12  9 17  6 13 16 11 12 16 13  3 11 15 11
 12  2 11 11 13  8 15 16 13  9 15 16 13 12 13 12  9 16 15 15  6 12 16 13 16
 16 10 11]
 Dunn Index 42 : 0.0102137253893
---------------------------------------------------------------------------------------------------------
chromosome 43 : [ 0.32106009  0.00431175 -0.18791287 ...,  0.          0.          0.        ]
 Objectives (Sil) : 0.463670831551
 Objectives (PBM) : 115.086786033
Cluster size 43 :7
Predicted Label for 43: [5 6 1 4 1 1 6 6 6 5 6 5 4 5 6 1 1 4 5 1 3 1 5 1 1 1 6 6 1 6 4 1 6 1 1 4 4
 1 1 1 1 6 1 1 1 4 6 5 1 1 1 6 6 6 1 1 1 4 1 6 3 1 4 1 6 4 4 4 1 6 3 1 1 1
 1 6 1 4 5 4 4 3 1 6 4 6 3 1 6 6 4 3 5 1 1 4 4 4 4 1 6 1 1 5 6 6 3 1 6 5 1
 3 4 1 3 1 6 3 6 6 4 4 5 1 1 0 5 1 4 4 4 4 4 6 4 3 3 6 1 6 1 5 6 5 4 3 6 1
 1 5 4 4 4 6 3 6 1 3 1 1 4 4 4 3 3 4 6 1 6 3 4 1 4 4 4 6 3 6 3 1 4 1 1 3 6
 3 5 5 4 1 5 3 6 1 4 4 4 4 1 6 3 4 5 4 4 4 6 3 1 6 6 3 5 6 6 4 6 4 5 4 6 1
 1 1 1 3 1 1 3 6 4 6 1 4 1 1 6 1 4 1 6 6 6 6 1 4 6 4 1 1 5 1 4 3 5 1 4 1 1
 3 6 6 1 6 1 1 6 5 1 4 1 5 4 4 6 6 6 5 5 3 6 6 1 4 3 1 4 3 6 1 1 3 4 6 1 1
 6 4 4 1 4 4 6 4 3 4 6 4 6 6 4 4 1 1 1 1 1 4 6 4 4 4 6 1 5 1 6 5 3 4 6 5 5
 6 4 1 1 3 1 6 1 4 1 4 1 5 6 1 1 6 1 1 3 6 1 1 4 1 4 6 6 1 4 6 5 6 1 4 1 6
 6 3 4 4 4 1 3 4 4 6 3 4 1 6 4 4 1 6 1 6 1 4 1 4 4 5 1 1 6 1 1 3 4]
 Dunn Index 43 : 0.0255258429944
---------------------------------------------------------------------------------------------------------
chromosome 44 : [ 0.43608646  0.00952276 -0.25452173 ...,  0.          0.          0.        ]
 Objectives (Sil) : 0.395538266994
 Objectives (PBM) : 51.8013079063
Cluster size 44 :10
Predicted Label for 44: [5 3 8 2 7 8 3 3 3 5 3 5 1 5 5 8 7 1 5 8 4 8 5 8 8 8 7 5 8 5 1 7 3 8 7 2 2
 7 8 7 8 3 7 7 7 2 3 5 8 8 7 3 3 7 8 7 8 1 8 3 9 8 2 8 5 2 2 1 8 3 4 8 7 7
 7 5 8 2 5 2 1 4 7 3 1 3 4 8 3 7 1 9 5 7 8 2 1 2 2 7 5 8 8 5 5 3 4 7 3 0 8
 9 2 8 6 8 3 4 3 3 1 2 5 8 8 0 0 7 2 1 1 2 2 7 1 9 4 3 8 5 8 5 3 5 1 4 7 7
 8 5 2 1 1 5 4 5 7 4 8 7 1 2 1 4 4 2 5 7 3 4 1 8 1 2 2 3 4 3 4 7 1 8 8 6 3
 9 0 0 2 8 5 4 3 8 2 1 1 2 8 3 4 2 0 1 2 2 3 9 7 5 3 4 5 3 7 1 3 2 0 2 3 8
 8 8 8 9 7 8 4 3 1 3 7 2 7 7 3 8 2 8 3 3 7 7 8 1 3 2 7 7 5 8 1 4 5 8 1 8 8
 4 7 5 8 3 8 7 3 0 7 2 8 0 2 2 3 3 5 0 5 9 3 3 8 1 9 8 2 4 3 7 7 4 2 5 7 8
 7 1 2 8 2 2 3 1 4 2 3 1 7 3 2 2 8 8 7 8 8 2 3 2 2 2 3 8 5 8 5 0 4 2 3 0 5
 3 1 8 8 9 7 3 7 2 8 1 7 5 3 8 8 5 7 8 4 3 7 7 2 7 2 5 3 8 1 5 0 3 7 2 8 7
 3 6 2 2 2 8 6 2 2 3 9 2 7 3 1 2 7 3 8 3 8 1 7 2 2 0 8 7 3 7 7 4 1]
 Dunn Index 44 : 0.0115385142038
---------------------------------------------------------------------------------------------------------
chromosome 45 : [ 0.5153421   0.01530984 -0.3010861  ...,  0.          0.          0.        ]
 Objectives (Sil) : 0.52489892307
 Objectives (PBM) : 15.4416062191
Cluster size 45 :2
Predicted Label for 45: [0 0 1 1 0 1 0 0 0 0 0 0 1 0 0 1 0 1 0 1 1 1 0 1 1 1 0 0 1 0 1 1 0 1 0 1 1
 1 1 0 1 0 1 0 1 1 0 0 1 1 0 0 0 0 1 0 1 1 1 0 1 1 1 1 0 1 1 1 1 0 1 1 0 0
 0 0 1 1 0 1 1 1 1 0 1 0 1 1 0 0 1 1 0 0 1 1 1 1 1 0 0 1 1 0 0 0 1 0 0 0 1
 1 1 1 1 1 0 1 0 0 1 1 0 1 1 0 0 0 1 1 1 1 1 0 1 1 1 0 1 0 1 0 0 0 1 1 0 0
 1 0 1 1 1 0 1 0 0 1 1 0 1 1 1 1 1 1 0 0 0 1 1 1 1 1 1 0 1 0 1 0 1 1 1 1 0
 1 0 0 1 1 0 1 0 1 1 1 1 1 1 0 1 1 0 1 1 1 0 1 1 0 0 1 0 0 0 1 0 1 0 1 0 1
 1 1 1 1 0 1 1 0 1 0 0 1 0 1 0 1 1 1 0 0 0 0 1 1 0 1 0 1 0 1 1 1 0 1 1 1 1
 1 0 0 1 0 1 0 0 0 0 1 1 0 1 1 0 0 0 0 0 1 0 0 1 1 1 1 1 1 0 0 0 1 1 0 0 1
 0 1 1 1 1 1 0 1 1 1 0 1 0 0 1 1 1 1 1 1 1 1 0 1 1 1 0 1 0 1 0 0 1 1 0 0 0
 0 1 1 1 1 0 0 0 1 1 1 1 0 0 1 1 0 0 1 1 0 0 0 1 0 1 0 0 1 1 0 0 0 0 1 1 0
 0 1 1 1 1 1 1 1 1 0 1 1 0 0 1 1 0 0 1 0 1 1 0 1 1 0 1 1 0 0 1 1 1]
 Dunn Index 45 : 0.00586054374229
---------------------------------------------------------------------------------------------------------
chromosome 46 : [ 0.47327586  0.00672795 -0.27641136 ...,  0.          0.          0.        ]
 Objectives (Sil) : 0.406071450768
 Objectives (PBM) : 137.163690156
Cluster size 46 :10
Predicted Label for 46: [6 8 7 5 8 7 8 8 8 6 8 6 4 6 9 7 8 4 6 7 4 7 9 7 7 5 8 9 7 9 4 7 9 7 8 5 5
 7 7 7 7 9 7 8 7 5 9 6 7 5 8 8 8 8 7 8 7 4 7 9 3 7 5 7 9 5 5 4 7 9 3 7 8 8
 8 9 7 5 9 5 4 3 7 9 4 8 3 7 9 8 4 3 6 8 7 5 4 5 5 7 9 7 7 9 9 9 4 7 8 6 7
 3 5 7 0 7 9 3 9 9 4 5 6 7 7 1 6 8 5 4 4 5 5 8 4 3 3 9 7 9 5 6 9 9 4 3 8 8
 7 6 5 4 4 9 3 9 8 3 7 8 4 5 4 3 3 5 9 8 9 3 4 7 4 5 5 9 4 8 3 8 4 7 7 2 8
 3 6 6 5 7 6 3 8 7 5 4 4 5 7 9 4 5 6 4 5 5 8 3 7 9 8 3 6 8 8 4 9 5 6 5 9 7
 7 7 7 3 8 7 4 9 4 9 7 5 8 7 8 7 5 7 8 8 8 8 7 4 9 5 8 7 9 5 4 4 6 7 4 7 7
 3 8 9 7 9 7 8 9 6 7 5 7 6 5 5 9 9 9 6 9 3 8 9 5 4 3 7 5 3 9 8 8 3 5 9 7 7
 8 4 5 7 5 5 9 4 4 5 8 4 8 8 5 5 5 7 7 7 7 5 8 5 5 5 9 7 6 7 9 6 3 5 8 6 9
 9 4 7 7 3 7 9 8 5 7 4 7 6 9 7 7 9 8 7 3 8 8 8 5 8 5 9 9 7 4 9 6 8 8 5 7 8
 9 2 5 5 5 7 2 5 5 8 3 5 8 9 4 5 8 8 7 9 7 4 8 5 5 6 7 7 8 8 7 3 4]
 Dunn Index 46 : 0.0501927228929
---------------------------------------------------------------------------------------------------------
chromosome 47 : [ 0.4479107   0.00478863 -0.26141561 ...,  0.          0.          0.        ]
 Objectives (Sil) : 0.412259645963
 Objectives (PBM) : 47.1329087212
Cluster size 47 :13
Predicted Label for 47: [ 9 10 12 12 10 12 10 11 11  9 11  9  1  9 11 12 10  1  7 12  0 12  9 12 12
 12 10  9 12  9  1 12 11 12 10  1  1 12 12 10 12 11 12 10 12  1 11  9 12 12
 10 10 10 10 12 10 12  1 12 11  0 12  1 12  9  1  1  1 12 11  0 12 10 10 10
  9 12  1  9  1  1  0 12 11  1 10  0 12 11 10  1  0  9 10 12  1  1  1  1 10
  9 12 12  9 11 11  0 10 10  4 12  0 12 12  0 12 11  0 11 11  1 12  9 12 12
  2  6 10  1  1  1  1  1 10  1  0  0 11 12  9 12  9 11  9  1  0 10 10 12  9
  1  1  1  9  0 11 10  0 12 10  1  1  1  0  0  1  9 10 11  0  1 12  1  1  1
 11  0 10  0 10  1 12 12  0 10  0  6  3  1 12  7  0 11 12  1  1  1  1 12 11
  0  1  7  1  1  1 10  0 12  9 11  0  7 11 10  1 11  1  8 12 11 12 12 12 12
  0 10 12  0 11  1 11 10  1 10 10 11 12  1 12 10 10 10 10 12  1 11 12 10 12
  9 12  1  0  9 12  1 12 12  0 10  9 12 11 12 10 11  8 10  1 12  6 12  1 11
 11  9  5  9  0 10 11 12  1  0 12  1  0 11 10 10  0  1  9 10 12 10  1  1 12
 12  1 11  1  0  1 11  1 10 10  1  1 12 12 12 12 12  1 11  1 12  1 11 12  9
 12 11  7  0  1 10  7  9 11  1 12 12  0 10 11 10  1 12  1 12  9 11 12 12  9
 10 12  0 10 10 10  1 10  1  9 11 12  1 11  7 10 10  1 12 10 11  0  1 12  1
 12  0  1  1 10  0  1 10 11  1  1 10 10 12 11 12  1 10  1  1  7 12 12 11 10
 12  0  1]
 Dunn Index 47 : 0.0190858149963
---------------------------------------------------------------------------------------------------------
chromosome 48 : [ 0.5153421   0.01410261 -0.3010861  ...,  0.          0.          0.        ]
 Objectives (Sil) : 0.455376010448
 Objectives (PBM) : 55.8801671896
Cluster size 48 :6
Predicted Label for 48: [1 1 4 3 4 3 1 1 1 1 1 2 3 2 1 4 4 3 2 4 5 4 1 4 4 3 4 1 4 1 5 4 1 4 4 3 3
 4 4 4 4 1 4 4 4 3 1 1 4 3 4 1 1 4 4 4 4 3 4 1 0 4 3 4 1 3 3 3 4 1 5 4 4 4
 4 1 4 3 1 3 3 5 4 1 3 1 5 3 1 4 5 5 1 4 4 3 5 3 3 4 1 3 4 1 1 1 5 4 1 2 4
 5 3 4 0 4 1 5 1 1 5 3 2 4 4 2 2 4 3 5 3 3 3 4 5 0 5 1 4 1 3 1 1 1 5 5 4 4
 4 1 3 3 5 1 5 1 4 5 4 4 3 3 5 5 5 3 1 4 1 5 5 4 3 3 3 1 5 1 5 4 3 4 4 0 1
 5 2 2 3 4 2 5 1 4 3 5 5 3 4 1 5 3 2 3 3 3 1 5 4 1 1 5 2 1 4 3 1 3 2 3 1 4
 4 4 4 5 4 4 5 1 3 1 4 3 4 4 1 4 3 4 1 1 4 4 4 3 1 3 4 4 1 3 5 5 2 4 5 4 4
 5 4 1 4 1 4 4 1 2 4 3 4 2 3 3 1 1 1 2 1 5 1 1 3 3 5 4 3 5 1 4 4 5 3 1 4 3
 4 3 3 4 3 3 1 3 5 3 1 3 4 1 3 3 3 4 4 4 4 3 1 3 3 3 1 4 2 4 1 2 5 3 1 2 1
 1 3 4 4 0 4 1 4 3 4 5 4 2 1 4 4 1 4 4 5 1 4 4 3 4 3 1 1 4 5 1 2 1 4 3 4 1
 1 0 3 3 3 4 0 3 3 1 5 3 4 1 5 3 4 1 4 1 4 3 4 3 3 2 4 4 1 4 4 5 3]
 Dunn Index 48 : 0.0114544445203
---------------------------------------------------------------------------------------------------------
chromosome 49 : [ 0.5153421   0.01363896 -0.3010861  ...,  0.          0.          0.        ]
 Objectives (Sil) : 0.349208922001
 Objectives (PBM) : 60.1186621504
Cluster size 49 :18
Predicted Label for 49: [ 1  2  8  8  2  8  2  2  4  1  4  1  5  1  4 16  2 13 17 16 13  8  1 16  8
  8  2  1 16  1 13 16  4 16 16  5  5 16 16 16 16  4 16  2 16  5  4  1 16  8
  2  2  2  2  8 16 16 13  8  4  0 16  5 16  1  5  5  5 16  4 12  8  2 16  2
  1 16  5  1  5 13 12 16  4  5  2 12  8  4  2 13 12  1  2  8  5 13  5  5 16
  1  8  8  1  4  4 13 16  2 10 16 12  8 16 15 16  4 12  4  4 13  8  1  8 16
  6 14 16  5 13 13  5  5  2 13  0 12  4  8  1  8  1  4  1 13 12  2  2  8  1
  5  5 13  1 12  4  2 12  8 16 13  5 13 12 12  5  1  2  4 12 13 16  5  5  5
  4 13  2 12  2 13  8  8  3  2  0 14  7  5 16 17 12  4 16  5 13 13  5  8  4
 13  5 17 13  5  5  2  0 16  1  4 12 17  2  2 13  4  5 11  8  4  8 16 16 16
  0  2 16 13  4 13  4 16  5  2 16  4 16  5  8  2  2  2  2 16 13  4  8  2 16
  1  8 13 13  1 16 13 16 16 12  2  1 16  4 16  2  4 11 16  5 16 14  8  5  4
  4  1 11  1  0  2  4  8  5 12  8  5 12  4 16  2 12  5  1 16  8  2  5  5  8
  8  5  4  5 13  5  4  5  2  2  8  5  8  8 16 16  8  8  4  5  8  8  4 16  1
  8  4 17 12  5  2 17  1  4 13  8  8  0 16  4  2  5  8 13 16  1  4  8  8  1
  2 16 12  2  2  2  5  2  5  1  4  8 13  4 17  2  2  5  8  2  4  3  5  8  5
  8  3  5  5  2 12  5  2  4 13  5  2  2 16  4  8 13  2  5  5 17 16 16  2  2
 16 12 13]
 Dunn Index 49 : 0.0878961653109
---------------------------------------------------------------------------------------------------------

-------------------------------------------------------------------------------------------------------------

-------------------------------------------------------------------------------------------------------------

 Maximum dunn_index for 5th chromosome : 0.61217405425

 Maximum silhouette score : 0.806300957133

 Maximum pbm index : 198.800492169
Final label corresponding to max Dunn for 5 chromosome : [0 0 0 0 0 0 0 0 0 0 0 0 0 0 0 0 0 0 0 0 0 0 0 0 0 0 0 0 0 0 0 0 0 0 0 0 0
 0 0 0 0 0 0 0 0 0 0 0 0 0 0 0 0 0 0 0 0 0 0 0 0 0 0 0 0 0 0 0 0 0 0 0 0 0
 0 0 0 0 0 0 0 0 0 0 0 0 0 0 0 0 0 0 0 0 0 0 0 0 0 0 0 0 0 0 0 0 0 0 0 0 0
 0 0 0 0 0 0 0 0 0 0 0 0 0 0 1 0 0 0 0 0 0 0 0 0 0 0 0 0 0 0 0 0 0 0 0 0 0
 0 0 0 0 0 0 0 0 0 0 0 0 0 0 0 0 0 0 0 0 0 0 0 0 0 0 0 0 0 0 0 0 0 0 0 0 0
 0 0 0 0 0 0 0 0 0 0 0 0 0 0 0 0 0 0 0 0 0 0 0 0 0 0 0 0 0 0 0 0 0 0 0 0 0
 0 0 0 0 0 0 0 0 0 0 0 0 0 0 0 0 0 0 0 0 0 0 0 0 0 0 0 0 0 0 0 0 0 0 0 0 0
 0 0 0 0 0 0 0 0 0 0 0 0 0 0 0 0 0 0 0 0 0 0 0 0 0 0 0 0 0 0 0 0 0 0 0 0 0
 0 0 0 0 0 0 0 0 0 0 0 0 0 0 0 0 0 0 0 0 0 0 0 0 0 0 0 0 0 0 0 0 0 0 0 0 0
 0 0 0 0 0 0 0 0 0 0 0 0 0 0 0 0 0 0 0 0 0 0 0 0 0 0 0 0 0 0 0 0 0 0 0 0 0
 0 0 0 0 0 0 0 0 0 0 0 0 0 0 0 0 0 0 0 0 0 0 0 0 0 0 0 0 0 0 0 0 0]

 No of clusters detected automatically : 2
 For chromosome : 5