Initial Clusters : [13, 14, 8, 13, 13, 2, 17, 2, 12, 11, 20, 11, 12, 7, 7, 4, 20, 18, 17, 3, 12, 13, 19, 19, 14, 12, 19, 3, 11, 5, 20, 7, 10, 3, 2, 6, 14, 12, 13, 16, 9, 15, 9, 4, 7, 14, 15, 4, 5, 12]
Initial PBM : [3221.487551006699, 3522.104449602264, 4214.243191313597, 2966.628980316258, 2860.5581410132195, 4214.043192564114, 3450.725048698917, 4105.63249477012, 4456.775261062886, 3802.0297904745476, 6293.158885363933, 4266.469639088989, 5398.907693680067, 5466.118818564263, 6351.606828903897, 9802.548264776495, 3202.48144254368, 2665.5041798689626, 3015.7409231039237, 10618.616223619636, 1811.5589990513863, 2579.0870189464267, 2167.6211930402756, 2407.9004752799583, 5640.229785563163, 4987.869645406286, 1599.7990350620248, 9812.124643442645, 5007.366461156859, 7030.209040468639, 2093.098242824178, 5760.354615124727, 4937.599030843465, 11113.2286222855, 17589.870432147796, 9590.159422680877, 3987.434108513472, 3794.5130554505877, 3671.118896002908, 3334.345116329236, 4561.5332512611185, 3085.656614468277, 6642.015548975837, 11471.65461642512, 4598.492565123619, 2319.9973130540793, 2173.4265541292043, 12595.62069557528, 11844.547252968629, 2840.667709108989]
Initial Sil score : [0.099927459575388844, 0.10948240251023783, 0.11133675077376534, 0.10943886793043184, 0.10469295157432928, 0.21903819364399077, 0.098375265123510303, 0.25676156136773876, 0.1026354439929654, 0.12019542705533123, 0.10707560271591582, 0.08245946222914162, 0.11340934480196012, 0.1006280379357062, 0.14657690707191112, 0.12294692110763407, 0.09633196214713953, 0.096388616716538214, 0.11719193841785311, 0.19520362443982522, 0.078038545827887051, 0.10547301801097658, 0.087573835483134604, 0.11821648339804527, 0.11009396855097056, 0.10843794399753082, 0.084612429201704045, 0.32674926346043531, 0.11059405162855031, 0.16905148513223264, 0.08688166490019554, 0.1368305806305353, 0.096777487787958846, 0.2800210640748807, 0.38839993757697844, 0.15888572556636257, 0.11942042542891086, 0.0984898699349048, 0.07942420657484893, 0.12156143883556535, 0.13125964309219856, 0.10403909920049079, 0.11580758757643034, 0.19863740847080782, 0.12945630885044326, 0.068983130203817827, 0.091777818926884122, 0.20629093213326596, 0.16908984283601997, 0.094017967120925319]
Initial Dunn : [0.079300408764451005, 0.10457446767767038, 0.067011199538270158, 0.084778907630256806, 0.065864028928214635, 0.050508453183689898, 0.077091320066871347, 0.051745017702866797, 0.084650860019819849, 0.089586171829058273, 0.10387167201690074, 0.076004848031411165, 0.082482301441127212, 0.06854271192675325, 0.066976967901808876, 0.059736953123703661, 0.082482301441127212, 0.082244973350184297, 0.083319688013313686, 0.076271096642838945, 0.076530309092733881, 0.060286406158757029, 0.093610071760104357, 0.088425697469401543, 0.082408564343032925, 0.098237528974461349, 0.07827335734344544, 0.07441576466984498, 0.072018408741841525, 0.070042174803454899, 0.076575484555261183, 0.062217101683825521, 0.080552694137508332, 0.063113453736019065, 0.080486465983671832, 0.076500062187989742, 0.088317420754072506, 0.082504461196537413, 0.089357221465580866, 0.072198476628214561, 0.079698409703403666, 0.09328702814302188, 0.079956246447010132, 0.068646687775224188, 0.073899695862321993, 0.080941916218880833, 0.07119762907782716, 0.069291271754993652, 0.10093714895034296, 0.064789933108477984]
Max Dunn and corresponding cluster, PBM, Sil : 0.104574467678,14,3522.1044496,0.10948240251
------------------------------------------------------------------------------------------
-------------------------------------------------------------------------------------------------------------------------

-------------------------------------------------------------------------------------------------------------------------

-------------------------------------------------------------------------------------------------------------------------

-------------------------------------------------------------------------------------------------------------------------

-------------------------------------------------------------------------------------------------------------------------

-------------------------------------------------------------------------------------------------------------------------

-------------------------------------------------------------------------------------------------------------------------

-------------------------------------------------------------------------------------------------------------------------

-------------------------------------------------------------------------------------------------------------------------

-------------------------------------------------------------------------------------------------------------------------

-------------------------------------------------------------------------------------------------------------------------

-------------------------------------------------------------------------------------------------------------------------

-------------------------------------------------------------------------------------------------------------------------

-------------------------------------------------------------------------------------------------------------------------

-------------------------------------------------------------------------------------------------------------------------

-------------------------------------------------------------------------------------------------------------------------

-------------------------------------------------------------------------------------------------------------------------

-------------------------------------------------------------------------------------------------------------------------

-------------------------------------------------------------------------------------------------------------------------

-------------------------------------------------------------------------------------------------------------------------

-------------------------------------------------------------------------------------------------------------------------

-------------------------------------------------------------------------------------------------------------------------

-------------------------------------------------------------------------------------------------------------------------

-------------------------------------------------------------------------------------------------------------------------

-------------------------------------------------------------------------------------------------------------------------

-------------------------------------------------------------------------------------------------------------------------

-------------------------------------------------------------------------------------------------------------------------

-------------------------------------------------------------------------------------------------------------------------

-------------------------------------------------------------------------------------------------------------------------

-------------------------------------------------------------------------------------------------------------------------

-------------------------------------------------------------------------------------------------------------------------

-------------------------------------------------------------------------------------------------------------------------

-------------------------------------------------------------------------------------------------------------------------

-------------------------------------------------------------------------------------------------------------------------

-------------------------------------------------------------------------------------------------------------------------

-------------------------------------------------------------------------------------------------------------------------

-------------------------------------------------------------------------------------------------------------------------

-------------------------------------------------------------------------------------------------------------------------

-------------------------------------------------------------------------------------------------------------------------

-------------------------------------------------------------------------------------------------------------------------

-------------------------------------------------------------------------------------------------------------------------

-------------------------------------------------------------------------------------------------------------------------

-------------------------------------------------------------------------------------------------------------------------

-------------------------------------------------------------------------------------------------------------------------

-------------------------------------------------------------------------------------------------------------------------

-------------------------------------------------------------------------------------------------------------------------

-------------------------------------------------------------------------------------------------------------------------

-------------------------------------------------------------------------------------------------------------------------

-------------------------------------------------------------------------------------------------------------------------

-------------------------------------------------------------------------------------------------------------------------

chromosome 0 : [  4.88888889e-01   1.55555556e-01   5.20417043e-18 ...,   0.00000000e+00
   0.00000000e+00   0.00000000e+00]
 Objectives (Sil) : 0.162973784265
 Objectives (PBM) : 9103.38471274
Cluster size 0 :18
Predicted Label for 0: [10  0  8 12  9 12  8  9  7 16 17  3  9  8 16  3  8  9 16  1  3 16 12  9  9
  3  1  9 17  1  3  1  8  8 16  3  9  0 16  8 17 16 12  7  0 15  3  3  8  7
  3 14  8  1 16  1  3  1  9  1 12 12  1  0  1  1  3  1  1  6  1  3 12  1  1
  3 12  3 16  0 12 16 11  7  3 16  1 12  9  1  9  3  7  1  3  1  3 12 12 12
  9  3  6 16 12  1 12  9  0 16  2 10  1 12 11  3 16 12  7 16  1 12  8 12 10
 13 16  3 17  9 16 16 16  0 12 12 12 12 11  3  3 12  9  9 12  9 14 11  9  9
  9 16  3  1 12  8  6  1  1  0  9  1  1  2  9 10  5  9 12 12  9  0 12 16 12
  1  1 12  1  1 11 15  8  9  1 16  1  3  9 11  7  2 11  4  8  3  1  3 16  2
 16  7  1  1  3 12 16  2 10 12 17  1  9 10  8  1  6  3  6 17  7  2  1  7 16
  1 12  9  9  9 11 11  2  3  8  1 10 10 17  9  3  3 12 11  8  3 16  8 16  9
  1 12 12 11  4 11  0 12 17  1  1  0 12  2  0 10  3 17  3  9 16  1 15  0  0
  7 11  9  8  1  3 12 16  9 10  0  1  9 16  3  1 16 12 10 11  3  0 16  1 12
  3 12  1 16  3  1 16  9  1 10  3  1 11  1 12 14  8  1  1 16  1  0  1 12 17
  7 16  1 12  0 16  3 11 16  3  1  2 12  7  3  1  2  5  9  9  3  1  1 12 12
 12  1 14  3  3  7  2  3 16 10  3  1 12  9 17  3  9 16  1 16  3 12  8  1  1
  9  1  1  3  1  9 14  3  3  3  1  1 12  3  2  1  1  1  3 12 12  1 15 16 12
  1 12  1]
 Dunn Index 0 : 0.144836961265
---------------------------------------------------------------------------------------------------------
chromosome 1 : [ 0.70891121  0.19090528  0.01807566 ...,  0.          0.          0.        ]
 Objectives (Sil) : 0.142476519079
 Objectives (PBM) : 11764.5556635
Cluster size 1 :15
Predicted Label for 1: [ 6 12  1  7  4  5  1  4  9  0 13 10  5  1  6 10  1  4  6  0 10  1  7  4  4
 10  7  4 11  0  5  0  1  1  1 10  5 12  6  1 11 10  5 13 12 13  5 10  1 13
  5 13  1  0  1  0 10  0  4  7  7  7  7 10  0  0 10  0  7  1  0 10  7  0  0
 10  7 10  1 12  7  1  8  9  5  6  0  5  4  0  4  5  9  0 10  0  5  7  7  7
  5 10 13  6  7  0  7  5 12  1  2  6  0  7  4  5  1  7 13  0  0  7  1  7  6
 14 10  5 13  4  0  1 10 12  7  7  7  7  8 10 10  7  4  5  7  4  9  4  4  4
  4  0 10  0  7  1 13  0  0 10  4  0  0  3  4  6 13  4  5  7  5 12  7  6  7
  0  0  7  0  0  4  9  1  4  0  0  0 10  4  4  9 11  4 13  1 10  0  5  0 12
  0  9  0  0 10  7  1 12 11  7 13  0  5  6  1  0 13  5 13 11  9 11  0 13 10
 10  7  4  4  4  8  8  9 10  0  0  6  6  1  4 10 10  7  4  1 10 10  1  1  5
  0  7  7  4 13  4 12  7  1  0  0 12  7  3 12  6 10 13  5  4  1  0 13 10 12
  6  4  4  1  0  5  7  6  5  6 12  0  4  6 10  0  1  7  6  4 10 10  0  0  7
 10  7  0  1 10  0  0  4  0  9  5  0  4  0  5  9  1  0  0  6  5 12  0  7 13
  9  6  0  7 10  6 10  8  1  5  0 11  7  9 10  0 12 13  5  5  5  0  0  7  7
  7  0 13 10 10 13  3  5  1  6 10  1  7  4  1 10  4  1  0  6  5  7  1 10  0
  4  0  0  5  0  4  9 10  5  5  0  0  7 10 11  0  0  0  5  7  7  0  9  6  5
  0  7  0]
 Dunn Index 1 : 0.146380079082
---------------------------------------------------------------------------------------------------------
chromosome 2 : [ 0.20659297  0.16690803  0.02628205 ...,  0.          0.          0.        ]
 Objectives (Sil) : 0.166079572539
 Objectives (PBM) : 11486.6454457
Cluster size 2 :16
Predicted Label for 2: [ 0  6 14 13  1 13 11  1  2  0  7 15 15 11  0 15 14  1  0 11  0  0 13  1  1
 15 13  1  2 11 15 11 14 14  0 15  1  5  0 14 12  0 13  2  6 10 15 15 14  2
 15  9 14  0  0 11  0  0  1 13 13 13 13  6 11 11 15 11 13 10 11 15 13 11 11
 15 13 15  2 12 13 12  1  2 15  0 13 13  1 11  1 15  2 11  0 11 15 13 13 13
 15 15  8  0 13 11 13 15  6 14  4  2 11 13  1  0  0 13  7  0 11 13 14 13  5
  3  0 15  2  1  0  2  0 12 13 13 13 13  1 15 15 13  1 15 13  1  9  1  1  1
  1 11 15 11 13 14 10 11 11  6  1 13 11  4  1  2  7  1 13 13 15  6 13  0 13
 11  0 13 11  0  1  2 14  1 13  0 11 15  1  1  2 12  1  9 14 15 13  0  0  5
  0  9  0 13 15 13 11  5 12 13  7 11 15  2 10 11 10 15 10 12  2 12 11 10  0
  0 13  1  1  1  1  1  2 15 11 11  2  2 14  1 15 15 13  1 14  6  0 14  2 15
 11 13 13  1  9  1 12 13 14 11 13 12 13  5  5  0  6  7 15  1  0 11  9  6  6
  2  1  1 14 11 15 13  2 15  2 12 11  1  2  0  0  0 13  6  1 15  6  0 13 13
  0 13 11 14  0  0  0  1 11  2 15 11  1 11 15  9 14 11 11  0 13  5 11 13  7
  2  2 13 13  6  0 15  1  0 15  0 12 13  2 15 11  5  7 15 15 15 11 11 13 13
 13 11  9  0 15  7  4 15 14  0  0 11 13  1  2 15  1  0 13  2 15 13 14 13 11
  1 13 11 15 11  1  9 15 15  0 11 11 13 15 12 11 11  0 15 13 13 11  2  0 15
 13 13 11]
 Dunn Index 2 : 0.154372715374
---------------------------------------------------------------------------------------------------------
chromosome 3 : [  3.75000000e-01   1.25000000e-01   1.73472348e-18 ...,   0.00000000e+00
   0.00000000e+00   0.00000000e+00]
 Objectives (Sil) : 0.148451273218
 Objectives (PBM) : 8401.79634673
Cluster size 3 :19
Predicted Label for 3: [ 6  4 11  9  7 10  2  7  0  3 12  6  7  2  3  6 11  5  3  8  6  2  9  7  5
 10  8  7 12  3 10  8  3 11  3  7  7  4  3  2  1  3  7 12  4 12 10  6 11 12
 10 18 11 10  3  2  6 10  5  9  9  9 10  6  8  8  6  8  8 11  8 10  9  8  2
 10  9 10  3  1  9  2  5  0  7  3 10  9  7  8  7 10  0  8  6  8 10 10  9  9
  7  6 12  2  9  8  9  7  4  2 14  0  8 10  5 10  3  9 15  3  8  9 11  9  0
 13  3 10 12  9  2  2  3  4  9  9  9  9  5  6 10  9  7  7  9  7 18  5  5  7
  7  3 10  8  9 11 11  8  8  2  7 10  8  1  9  0 15  5  9  9  7  4  9  3  9
  2 10  9  8 10  5  0 11  5  8  3  8  6  5  7  0  1  5 16 11  6 10  6  3  1
  3 18 10  2 10  9  2  1  1  9 12  8  7  0 11  8 12 10 12  1  0  1  8 12  3
  2  9  7  7  7  5  5  0  6  8  8  0  0 12  5 10 10  9  5 11  4  3 12  2  7
  8  9  9  5 16  5  1  9  2  8  8  1  9  1  4  6 10 12 10  5  3  8 17  4  4
  0  5  7 11  8  7  9  0  7  0  1  8  5  0 10  3  3 10  6  5 10  4  3  8  9
  6  9  8 12 10  2  3  5  8  0 10  2  5  2  7 18 11  8  8  3 10  4  8  9 12
  0  0  8  9  2  3  7  5  3  7 10  1  9  0 10  8  1 15  7  7  7  8  8  9  9
  9  8 18  6 10 12  1 10 12  6  6  2  9  7 12  7  7  2  8  0 10  9 11 10  8
  7  8  8 10  8  5 18 10 10 10  8  8  9  6  1  3  8  8 10  9  9  8 12  6 10
 10  9  2]
 Dunn Index 3 : 0.141813574208
---------------------------------------------------------------------------------------------------------
chromosome 4 : [ 0.52941176  0.11764706  0.         ...,  0.          0.          0.        ]
 Objectives (Sil) : 0.154063390859
 Objectives (PBM) : 8522.43734726
Cluster size 4 :14
Predicted Label for 4: [ 9  2 11  3  3  4 11  3  9  4  6  0  0  8  8  1  7  3  8 11  4  8  4  0  3
  1 11  0  5  8  4 11  8  7  8  0  0  2  8  8  5  8  3 10  2  6  4  4  7  6
  4 10  7  4  8 11  4  4  3  1  3  4  1  1  4 11  4  8 11  7 11  1  3 11  8
  1  3  1  8  2  1  8  3  9  0  8  1  4  0 11  0  4  9 11  4 11  4  1  3  3
  0  1  7  8 11 11  3  0  2  8 12  9  4  1  3  4  8  1 10  8 11  3  7 11  9
 13  8  4  6  3  8  8  8  2  3  1  1  1 13  1  1  3  0  3  3  0 10  0  3  3
  3  8  1 11  3  7  7 11 11  1  3  1 11 12  3  9 10  3  3  3  3  2  3  8  3
 11  4  3 11  4  3  9  7  3  1  8  4  4  3  0  9  5  3 10  7  1  4  4  8  2
  8 10  4  1  1 11  8  2  9  1  6 11  0  9  7 11  7  4  7  5  9  5 11  6  4
  1  1  0  3  3  3  0 12  0 11 11  9  9  5  3  1  1  1  3 11  1  4  7  8  0
  4  3  1  3 10  3  2  3  5 11  1  2 11 12  2  9  1  6  4  3  8  4  6  1  2
  9  3  3  7 11  0  4  8  3  9  2 11  3  9  4  8  8  1  9  0  1  1  8 11  4
  4  1 11  7  4  1  8  3 11  9  4 11  0  1  3 10 11 11 11  8  4  2  4 11  6
  9  9 11  3  1  8  0  0  8  0  4  5 11  5  1 11  2 10  0  3  0 11 11  3  3
 11 11  6  1  4 10 12  1  8  9  4  8 11  3  6  0  0  8  1  9  4  3  7  1 11
  3  4 11  4  4  3 12  1  4  4 11 11  4  1  5  8 11  4  4  4  1 11  6  8  3
  1  3 11]
 Dunn Index 4 : 0.127719776159
---------------------------------------------------------------------------------------------------------
chromosome 5 : [ 0.56673528  0.15053659  0.04698985 ...,  0.          0.          0.        ]
 Objectives (Sil) : 0.352740756904
 Objectives (PBM) : 14435.8312645
Cluster size 5 :2
Predicted Label for 5: [0 0 0 1 1 1 0 1 0 1 0 1 1 0 0 1 0 1 0 1 1 0 1 1 1 1 1 1 0 1 1 1 0 0 0 1 1
 0 0 0 0 1 1 0 0 0 1 1 0 0 1 0 0 1 0 0 1 1 1 1 1 1 1 1 1 1 1 1 1 0 0 1 1 1
 0 1 1 1 0 0 1 0 1 0 1 0 1 1 1 1 1 1 0 1 1 1 1 1 1 1 1 1 0 0 1 1 1 1 1 0 0
 0 1 1 1 1 0 1 0 0 1 1 0 1 0 1 0 1 0 1 0 0 1 0 1 1 1 1 1 1 1 1 1 1 1 1 0 1
 1 1 1 0 1 1 1 0 0 1 1 1 1 1 1 0 1 0 0 1 1 1 1 0 1 0 1 0 1 1 1 1 1 0 0 1 1
 0 1 1 1 1 0 0 1 0 0 1 1 1 0 0 0 0 1 1 1 1 0 0 0 1 0 1 1 0 0 1 0 1 0 0 0 0
 1 0 1 1 1 1 1 1 1 1 0 1 1 1 0 0 0 1 1 1 1 1 0 1 1 0 0 1 1 1 1 1 0 1 0 1 0
 1 1 0 1 0 0 0 1 0 1 1 0 1 0 1 0 0 1 1 0 1 1 1 0 1 0 0 0 1 0 1 1 0 1 0 1 1
 1 0 1 1 1 1 1 0 1 1 0 1 0 0 1 1 1 1 1 0 0 0 1 0 1 0 1 1 0 0 0 1 1 1 0 1 1
 0 1 1 0 1 0 1 1 0 0 1 1 1 1 1 1 1 1 1 0 1 1 0 0 1 0 0 1 0 1 1 0 1 1 0 1 0
 1 1 0 1 1 1 1 1 1 1 1 0 1 1 1 1 1 1 1 0 1 1 1 1 1 1 1 0 0 1 1 1 0]
 Dunn Index 5 : 0.0716594361789
---------------------------------------------------------------------------------------------------------
chromosome 6 : [  4.50000000e-01   1.50000000e-01  -1.73472348e-18 ...,   0.00000000e+00
   0.00000000e+00   0.00000000e+00]
 Objectives (Sil) : 0.140994821994
 Objectives (PBM) : 7861.50744219
Cluster size 6 :19
Predicted Label for 6: [ 9 18  1  7  0  7  1  0  4  9  5  2  0  1  9  2  1  3  9  8  2  9  7  0  3
  2  8  0  5  9 11  8  1  1  9  0  0 13  9  1 15  9  7  5 18  5 11 11  1  5
 11  6  1 11  9  1 11 11  3  8  7  8  8  2  8  8  2  9  8  5  1  2  7  1  9
  2  7  2  9 15  2 15 16  4  0  9  8 11  0  8  0 11  4  8 11  8 11  7  7  7
  0  2  5  9  7  8  7  0 18  1 12  4  8  2  3 11  9  7  6  9  8  7  1  7 10
 17  9 11  5  3  9  4  9 15  7  7  7  7 16  2  2  7  0  0  7  0  6  3  3  3
  3  9  2  1  7  1  5  8  8  2  0  8  8 12  3  4  6  3  7  7  0 18  7  9  7
  1 11  7  8 11  3  4  1  3  8  9  8  2  3  0  4 15  3  6  1  2 11 11  9 10
  9  6 11  8  2  7  9 10  4  7  5  8  0  4  5  8  5 11 14 15  4 15  8  5  9
  2  8  0  0  0 16 16  4  2  1  8  4  4  5  3  2  2  7  3  1  2  9  5 15  0
  8  7  7  3  6  3 15  7 15  8  8 15  7 10 13  4  2  5 11  3  9  8  6  2 18
  4  3  3  1  1  0  7  4  0  4 15  1  3  4 11  9  9  7 18  3  2  2  9  8  8
 11  7  8  5 11  8  9  3  1  4 11  8  3  8 11  6  1  1  1  9 11 18 11  7  5
  4  4  8  7  2  9  0 16  9  0 11 12  7  4  2  8 13  6  0  0  0  8  1  7  7
  7  8  6  2 11  5 12  0  1  4  2  1  7  0  5  0  0  9  8  4 11  7  1  8  8
  3  8  8 11  8  3 12  2  0 11  1  8  7  2 12  9  8 11 11  7  8  8  5  9  0
  8  7  8]
 Dunn Index 6 : 0.159833054446
---------------------------------------------------------------------------------------------------------
chromosome 7 : [ 0.53939198  0.          0.02529168 ...,  0.          0.          0.        ]
 Objectives (Sil) : 0.253866653379
 Objectives (PBM) : 12803.8891403
Cluster size 7 :4
Predicted Label for 7: [2 2 3 1 1 1 3 1 0 3 0 1 1 3 2 3 0 1 3 3 3 3 1 1 1 1 3 1 0 3 1 3 3 0 3 1 1
 2 3 3 2 3 1 0 2 0 1 3 0 0 3 0 3 3 0 3 3 3 1 3 1 3 3 3 3 3 1 3 3 0 3 1 1 3
 3 3 1 1 0 2 1 3 1 0 1 3 3 3 1 3 1 1 0 3 3 3 1 1 1 1 1 1 0 3 3 3 1 1 2 3 2
 2 3 1 1 3 3 1 0 3 3 1 0 3 2 1 3 1 0 1 3 0 3 2 1 1 1 1 1 1 1 1 1 1 1 1 0 1
 1 1 1 3 3 3 1 0 0 3 3 3 1 3 3 2 1 2 0 1 1 1 1 2 1 3 1 3 3 1 3 3 1 0 3 1 3
 3 3 3 1 1 0 2 1 0 0 3 3 3 3 2 3 0 3 3 3 3 3 2 2 3 0 3 1 2 0 3 0 1 0 2 0 2
 3 0 3 3 3 1 1 1 1 1 2 1 3 3 2 2 0 1 1 1 1 1 3 1 3 0 2 1 3 1 1 1 0 1 2 1 0
 3 3 2 3 2 2 2 3 0 1 1 3 3 0 3 2 0 1 1 0 3 1 1 2 1 2 2 3 1 0 3 3 3 1 2 1 1
 3 3 3 3 3 1 3 0 3 3 3 1 3 2 3 3 1 3 1 0 3 3 3 3 3 2 3 3 0 0 0 3 1 3 3 1 1
 3 1 3 2 3 2 1 3 2 0 1 1 1 3 3 1 1 3 3 0 3 1 0 2 1 0 2 3 3 3 1 0 1 1 3 3 2
 1 1 0 3 3 1 3 3 1 3 1 2 1 1 3 3 3 3 1 2 3 3 3 3 3 3 3 0 2 1 3 1 3]
 Dunn Index 7 : 0.0811186055507
---------------------------------------------------------------------------------------------------------
chromosome 8 : [  1.69613226e-01   8.31380966e-02  -3.46944695e-18 ...,   0.00000000e+00
   0.00000000e+00   0.00000000e+00]
 Objectives (Sil) : 0.16643912292
 Objectives (PBM) : 12960.7512716
Cluster size 8 :15
Predicted Label for 8: [ 8  6 14  2  1  2 14  1 12  8 12  2  2 10  8  2 13  1  8 14  8 10  2  1  1
  2 14  1 12 14  2 14 10 13 10  1  1  6  8 10  7  8  2 12  6  4  2  8 13 12
  2  4 13  8 10 14  8  8  1 14  2  2  2  8 14 14  2 14 14 13 14  2  2 14 10
  2  2  2 10  6  2 10  1 12  2  8 14  2  1 14  1  2 12 14  8 14  2  2  2  2
  1  2 13  8 14 14  2  1  6 10  0  7 14  2  1  2 10  2 12  8 14  2 13 14  7
  9  8  2 12  1  8 10  8  6  2  2  2  2  1  2  2  2  1  2  2  1 11  1  1  1
  1 14  2 14  2 13 13 14 14  6  1 14 14  0  2  8  5  1  2  2  2  6  2  8  2
 14 14  2 14 14  1  4 13  1 14  8 14  2  1  1 12  7  1  3 13  2  2  8  8  6
  8 11 14 14  2 14 10  7  7  2 12 14  1  7 13 14 13  2 13  7 12  7 14 12  8
  8  2  1  1  1  1  1  7  2 14 14  7  7 12  1  2  2  2  1 13  2  8 12 10  2
 14  2  2  1  3  1  6  2 10 14 14  6 14  7  6  8  2 12  2  1 10 14  4  6  6
 10  1  1 13 14  2  2 10  2  7  6 14  1 10  8  8  8  2  8  1  2  6  8 14  2
  8  2 14 10  8 14  8  1 14  7  2 14  1 14  2 11 14 14 14  8  2  6 14  2 12
 12  8 14  2  6  8  1  1 10  2  8  7 14  7  2 14  6  5  1  2  1 14 14  2  2
 14 14  4  8  2 12  0  2 10  8  8 10 14  1 10  2  1 10 14 10  2  2 13  2 14
  1 14 14  2 14  1 11  2  2  8 14 14  2  2  7 14 14  8  2  2  2 14 12  8  2
  2  2 14]
 Dunn Index 8 : 0.142487276689
---------------------------------------------------------------------------------------------------------
chromosome 9 : [ 0.49859669  0.17943871  0.00872093 ...,  0.          0.          0.        ]
 Objectives (Sil) : 0.181058685914
 Objectives (PBM) : 19872.0838205
Cluster size 9 :8
Predicted Label for 9: [4 3 1 2 7 2 1 7 0 1 0 7 7 1 4 2 1 7 4 1 4 4 2 7 7 2 1 7 0 1 2 1 1 1 4 7 7
 3 4 1 5 4 2 0 3 0 2 2 0 0 2 0 1 2 4 1 4 1 7 2 2 2 2 4 1 1 2 1 1 0 1 2 2 1
 1 2 2 2 4 3 2 4 7 0 2 4 2 2 7 1 7 2 0 1 4 1 2 2 2 2 7 2 0 4 2 1 2 7 3 4 5
 4 1 2 7 2 4 2 0 1 1 2 0 2 3 6 4 2 0 7 4 4 4 3 2 2 2 2 7 2 2 2 7 2 2 7 0 7
 7 7 7 1 2 1 2 1 0 1 1 2 7 2 1 5 7 4 0 7 2 2 7 3 2 4 2 1 2 2 1 2 7 0 1 7 2
 1 1 2 7 7 0 3 7 0 0 2 2 4 4 3 4 0 2 2 2 2 1 3 5 2 0 1 7 4 0 1 0 2 0 3 0 3
 1 0 4 4 2 7 7 7 7 7 5 2 1 1 4 5 0 7 2 2 2 7 1 7 4 0 4 7 1 2 2 7 0 7 3 2 4
 1 2 3 2 5 3 4 2 0 2 7 4 1 0 2 3 4 7 7 0 1 7 2 4 7 4 3 1 7 4 2 1 4 2 4 7 2
 3 4 1 2 4 2 1 0 2 1 4 7 1 5 2 1 7 2 2 0 1 1 1 4 2 3 1 2 0 0 4 1 2 4 4 7 7
 4 2 2 5 2 5 2 1 3 0 7 7 7 1 1 2 2 2 1 0 4 2 0 5 2 0 4 4 1 2 7 0 7 7 4 2 4
 2 2 0 2 1 7 2 1 2 1 7 5 2 2 2 1 1 2 2 5 1 1 1 2 2 2 1 0 4 2 2 2 1]
 Dunn Index 9 : 0.122091372491
---------------------------------------------------------------------------------------------------------
chromosome 10 : [ 0.46666667  0.26666667  0.         ...,  3.11764706  3.11764706
  3.11764706]
 Objectives (Sil) : 0.155090808125
 Objectives (PBM) : 9535.64537737
Cluster size 10 :16
Predicted Label for 10: [ 5  6  9  3  3  2 14  3 10 13 11  1  1  4  4 13  9  3 13 14 13  4  2  8  8
  1  2  1 15 14  1 14  4  9  4  1  1  6  4  4 12 13  3 10  6 10  1 13  9 10
 13  0  9 13  4  4 13 13  8  2  3  2  2 13 14 14  1 14  2  9 14  1  2 14  4
 13  3  1  4  6  2  4  8 15  1  4 13  2  1 14  1  1 15 14 13 14  1  2  2  3
  1  1 11  4  2 14  3  1  6  4 12  5 14  2  8 13  4  2  0  4 14  3  9  2  5
  7 13  1 10  3  4  4 13  6  3  2  2  2  8  1  1  3  1  1  2  1 15  8  3  3
  3 14 13 14  2  9  9  2 14 13  3  2 14 12  3  5  0  3  3  3  1  6  3 13  3
  4 13  2 14 13  8 10  9  3  2  4 14 13  3  8 15 12  8  0  9  1 13 13  4  6
  4 15 13  2 13  2  4  5  5  2 11 14  1  5 10 14 11  1 10  4 15 12 14 10 13
 13  2  1  3  3  8  8  5  1 14 14  5  5 10  3  1  1  2  8  9  1 13 10  4  1
 14  2  2  8  0  8  6  2  4 14  2  6  2  5  6  5 13 11  1  3  4 14  0  6  6
 10  8  3  9 14  1  2 10  1  5  6 14  3  4 13 13  4  2  5  8  1  6 13  2  2
 13  2  2 10 13 13 13  3 14  5 13 14  8 13  3  0  9 14 14 13 13  6 14  2 11
 10 10  2  3 13 13  1  8  4  1 13 12  2 15  1 14  6  0  1  1  1 14 14  3  2
  2 14  0 13  1 10 12  1  4  5 13  4  2  3 10  1  1  4  2  4  1  3  9 13 14
  3  2 14  1 14  3 15  1  1 13 14 14  2  1 12 14 14 13 13  2  2 14 10 13  1
  2  2  4]
 Dunn Index 10 : 0.122671382276
---------------------------------------------------------------------------------------------------------
chromosome 11 : [  4.06779661e-01   1.35593220e-01   8.67361738e-18 ...,   0.00000000e+00
   0.00000000e+00   0.00000000e+00]
 Objectives (Sil) : 0.165261245518
 Objectives (PBM) : 27338.457036
Cluster size 11 :8
Predicted Label for 11: [4 4 6 2 7 2 6 7 0 1 5 2 2 6 4 2 6 7 1 1 1 6 2 7 7 2 1 7 6 1 2 1 6 6 1 7 7
 4 1 6 6 1 2 5 4 5 2 2 6 5 2 5 6 1 6 6 1 1 7 2 2 2 2 4 1 1 2 1 1 6 1 2 2 1
 1 2 2 2 6 4 2 6 7 0 2 6 1 2 7 1 7 2 0 1 1 1 2 2 2 2 7 2 5 1 2 1 2 7 4 6 0
 0 1 2 7 1 6 2 5 1 1 2 6 2 4 3 1 2 5 7 1 6 1 4 2 2 2 2 7 2 2 2 7 2 2 7 0 7
 7 7 7 1 2 1 2 6 5 1 1 4 7 2 1 0 2 0 5 7 2 2 2 4 2 1 2 6 1 2 1 1 7 0 6 7 1
 1 1 2 7 7 0 4 7 5 6 2 2 1 1 4 1 0 1 1 2 2 1 4 0 2 5 1 7 0 6 1 5 2 5 4 0 4
 1 5 1 1 2 7 7 7 7 7 0 2 1 1 0 0 6 7 2 2 2 7 6 2 1 6 6 2 1 2 2 7 5 7 4 2 6
 1 1 4 2 4 4 4 2 5 2 7 6 1 5 2 4 0 7 7 6 1 2 2 6 2 0 4 1 7 6 1 1 1 2 4 7 2
 4 1 1 2 1 2 1 6 1 1 1 7 1 0 2 1 7 1 2 5 6 1 1 1 1 4 1 2 5 0 0 1 2 4 1 7 7
 6 2 1 0 2 0 2 1 4 5 7 2 7 1 1 2 2 2 1 5 1 2 5 0 2 6 4 1 6 2 7 6 2 7 6 1 4
 2 2 6 1 1 7 1 1 2 1 7 0 2 2 1 1 1 2 2 0 1 1 1 2 2 2 1 0 4 2 2 2 6]
 Dunn Index 11 : 0.0913050398543
---------------------------------------------------------------------------------------------------------
chromosome 12 : [  5.37168916e-01   1.05134933e-01  -3.46944695e-18 ...,   0.00000000e+00
   0.00000000e+00   0.00000000e+00]
 Objectives (Sil) : 0.162678733269
 Objectives (PBM) : 15102.8995896
Cluster size 12 :13
Predicted Label for 12: [ 3 10  2  6  6  6  2  6  3  5  4 12 12  2  3 12  2  8  3  5 12  3  6  8  8
 12  5  8  4  5 12  5  2  2  3 12  8 10  3  2 11  3  6  0 10  4 12 12  2  4
 12  0  2  5  3  2 12  5  8  5  6  5  5 12  5  5 12  5  5  4  2 12  6  2  5
 12  6 12  3 11  6 11  8  0 12  3  5  5  8  5  8 12  0  5 12  5 12  6  6  6
  8 12  4  3  5  5  6  8 10  2  7  3  5  6  8  5  3  6  0  3  5  6  2  6  1
  9  3 12  4  6  3  3  3 11  6  6  6  6  8 12 12  6  8  6  6  8  0  8  8  6
  6  5 12  2  6  2  4  5  5 12  6  5  5  1  6  3  0  8  6  6  6 10  6  3  6
  2  5  6  5  5  8  0  2  8  5  3  5 12  8  8  0 11  8  0  2 12  5 12  3 10
  3  0  5  5 12  6  2  1  1  6  4  5 12  1  4  5  4 12  4 11  0 11  5  4  3
  5  5  8  8  6  8  8  1 12  2  5  1  1  4  8 12 12  6  8  2 12  3  4  3  6
  5  6  6  8  0  8 11  6 11  5  5 11  6  1 10  3 12  4 12  8  3  5  0 12 10
  3  8  6  2  2 12  6  3  6  3 11  2  8  3 12  5  3  6  3  8 12 12  3  5  5
 12  6  5  4 12  5  3  8  2  1 12  5  8  5  6  0  2  2  2  3  5 10  5  6  4
  3  3  5  6 12  3 12  8  3 12  5  1  6  1 12  5 10  0 12  6 12  5  2  6  6
  6  5  0 12 12  0  1 12  2  3 12  2  6  6  4 12  8  3  5  3 12  6  2  5  5
  8  5  5 12  5  8  1 12 12 12  2  5  6 12  1  5  5  5 12  6  5  5  4  3  6
  5  6  2]
 Dunn Index 12 : 0.123523197519
---------------------------------------------------------------------------------------------------------
chromosome 13 : [ 0.6344086   0.13978495  0.01075269 ...,  0.          0.          0.        ]
 Objectives (Sil) : 0.165755551672
 Objectives (PBM) : 20420.6415045
Cluster size 13 :11
Predicted Label for 13: [ 3  8  4 10 10 10  4  6  2  5  0  1  1  4  3  1  4  6  3  5  1  3 10  6  6
  1  5  6  0  5  1  5  4  4  3  1  6  8  3  4  0  3 10  2  8  2  1  1  4  2
  1  2  4  5  3  4  3  5  6  5 10  5  5  1  5  5  1  5  5  4  5  1 10  4  5
  1 10  1  3  8 10  4  6  2  1  3  5 10  6  5  6 10  2  5  1  5  1 10 10 10
  6  1  2  3  5  5 10  6  1  4  7  3  5 10  6  5  3 10  2  3  5 10  4 10  8
  9  3 10  0 10  3  3  3  8 10 10 10 10  6  1  1 10  6 10 10  6  2  6  6 10
 10  5  1  4 10  4  4  5  5  1 10  5  5  7 10  3  2  6 10 10 10  8 10  3 10
  4  5 10  5  5  6  2  4  6  5  3  5  1  6  6  2  0  6  2  4  1  5  1  3  8
  3  2  5  5  1 10  3  8  8 10  2  5  1  8  4  5  2  1  2  0  2  8  5  2  3
  5  5  6  6 10  6  6  8  1  4  5  8  8  0  6  1  1 10  6  4  1  3  4  3 10
  5 10 10  6  2  6  8 10  0  5  5  8 10  8  8  3  1  0  1  6  3  5  2  1  8
  3  6 10  4  4  1 10  3 10  3  8  4  6  3  1  5  3 10  8  6  1  1  3  5  5
  1 10  5  4  1  5  3  6  4  8  1  5  6  5 10  2  4  4  4  3  5  8  5 10  0
  2  3  5 10  1  3  1  6  3  1  5  0 10  0  1  5  8  2  1 10  1  5  4 10 10
 10  5  2  1  1  2  7  1  4  3  1  4 10 10  0  1  6  3  5  3  1 10  4  5  5
  6  5  5  1  5  6  2  1 10  5  4  5 10  1  0  5  5  5  5 10  5  5  2  3 10
  5 10  5]
 Dunn Index 13 : 0.096501731809
---------------------------------------------------------------------------------------------------------
chromosome 14 : [  2.32118351e-01   6.38350981e-02  -3.46944695e-18 ...,   0.00000000e+00
   0.00000000e+00   0.00000000e+00]
 Objectives (Sil) : 0.180873402326
 Objectives (PBM) : 27108.4601981
Cluster size 14 :9
Predicted Label for 14: [2 5 8 1 1 0 8 1 2 8 3 1 1 8 2 0 8 1 2 0 0 8 0 1 1 0 0 1 3 8 0 8 8 8 8 1 1
 7 2 8 4 8 0 3 5 3 0 0 8 3 0 3 8 0 2 8 0 0 1 0 0 0 0 5 0 8 0 8 0 3 8 0 0 8
 8 0 1 0 2 7 0 8 1 2 0 2 0 0 1 8 1 0 2 8 0 8 0 0 0 0 1 0 3 5 0 8 0 1 5 8 4
 2 0 0 1 0 8 0 3 8 8 1 8 0 7 6 8 0 3 1 5 2 8 5 1 0 0 0 1 0 0 0 1 0 0 1 3 1
 1 1 1 8 0 8 0 8 3 0 0 5 1 0 8 4 1 2 3 1 0 0 1 5 1 8 0 8 0 0 8 0 1 2 8 1 0
 8 8 0 1 1 2 4 1 3 8 0 0 0 8 7 8 3 0 0 0 0 8 7 4 0 3 0 1 2 8 8 3 0 3 4 2 4
 8 3 0 5 0 1 1 1 1 1 4 5 8 8 2 2 3 1 0 0 0 1 8 5 2 3 2 1 8 0 0 1 3 1 5 0 8
 8 0 5 0 7 7 2 5 3 0 1 8 0 3 5 5 2 1 1 8 8 1 0 2 1 2 5 8 1 2 0 8 8 0 5 1 0
 5 8 0 0 0 0 0 2 0 0 8 1 8 2 0 8 1 0 0 3 8 8 8 2 0 7 0 0 3 2 2 0 0 5 8 1 1
 8 1 0 4 0 4 0 0 7 3 1 1 1 8 8 0 0 0 8 3 5 0 3 4 0 8 2 5 8 0 1 2 1 1 8 0 2
 0 0 3 0 8 1 0 8 0 8 1 4 0 0 0 8 8 0 0 4 8 8 0 0 0 0 8 2 2 0 0 0 8]
 Dunn Index 14 : 0.131038186547
---------------------------------------------------------------------------------------------------------
chromosome 15 : [  6.05805046e-01   1.03925083e-01  -3.46944695e-18 ...,   0.00000000e+00
   0.00000000e+00   0.00000000e+00]
 Objectives (Sil) : 0.161813096987
 Objectives (PBM) : 8555.2920391
Cluster size 15 :7
Predicted Label for 15: [3 1 4 5 6 5 4 6 2 3 0 5 5 4 2 5 4 6 3 4 3 3 5 6 6 5 4 6 2 3 5 4 3 4 3 5 6
 1 2 2 1 3 5 0 1 0 5 3 0 0 5 0 4 3 2 4 3 3 6 4 5 5 5 3 3 4 5 3 4 0 4 5 5 4
 3 5 6 5 2 1 5 2 6 2 5 2 5 5 6 4 6 5 2 4 3 4 5 5 5 5 6 5 0 3 4 4 5 6 5 2 1
 2 3 5 6 3 2 5 0 3 4 6 0 4 1 6 3 5 0 6 3 2 3 1 6 5 5 5 6 5 5 5 6 5 5 6 0 6
 6 6 6 3 5 4 4 4 0 4 4 5 6 5 4 1 6 2 0 6 5 5 5 1 6 3 5 4 3 4 4 3 6 2 4 6 4
 3 3 5 6 6 2 1 6 0 0 5 5 3 3 1 3 0 3 4 5 4 3 1 1 5 0 4 5 2 0 4 0 5 0 1 2 1
 4 0 3 3 5 6 6 6 6 6 1 5 4 4 2 2 0 6 5 5 5 6 4 5 3 0 2 5 3 5 5 6 0 6 1 5 2
 4 4 1 4 1 1 2 5 0 5 6 2 4 0 5 1 2 6 6 0 4 5 5 2 5 2 1 4 6 2 3 3 3 5 2 6 5
 5 3 4 5 3 5 4 2 3 3 3 6 4 2 3 4 6 4 5 0 4 4 4 3 3 1 3 4 0 2 2 4 5 3 3 5 6
 3 5 3 1 4 2 5 4 1 0 5 5 5 4 4 5 5 4 4 0 3 5 0 1 5 2 2 3 4 4 5 2 5 6 3 4 2
 5 5 0 5 4 6 4 4 5 3 6 1 5 5 3 4 3 5 5 1 3 4 3 5 5 5 4 2 2 5 5 5 4]
 Dunn Index 15 : 0.0726631697786
---------------------------------------------------------------------------------------------------------
chromosome 16 : [ 0.51851852  0.14814815  0.03703704 ...,  3.06666667  3.          3.        ]
 Objectives (Sil) : 0.130160462595
 Objectives (PBM) : 7803.41116309
Cluster size 16 :16
Predicted Label for 16: [ 2  6  4  3 14  3  4 11  9  2  7 12 14  4  2  5  7 11  2  4 12  9  3 14 13
  5  0 14  9  4 12  4  4  7  2  1 14  6  2  9  9  2  3 10  6 10 12 12  7 10
 12 10  7 12  2  4 12 12 13  0 11  0  5  5  4  0 12  4  0  7  4  5  3  4  4
  5 11  5  9  6  5  9 15 10 14  2  5  3  1  4 14  3 10  4 12  4 12  5  0  3
 14 12  7  2  0  4 11 14  1  9  6  9  4  5 13  3  9  3 10  2  4 11  7  0  6
  8  2  3 10 11  2  9  2  6 11  0  3  0 15 12  5  3  1  3  3 14 10 13 11 11
 11  4  5  4  0  7  7  0  4  5 14  5  4  6 11  2 10 11  3 11 14  6 11  2  3
  4 12  0  4  5 13 10  4 11  0  2  4 12 11  1 10  6 13 10  7  5  5 12  2  6
  2 10 12  5  5  0  4  6  6  0  7  4 14  9  7  4  7 12  7  9 10  6  4  7  2
  5  0 14 11 11 13 13 10  1  4  4  9  9  9 11  5 12  3 13  4  1  2  7  9 14
  4  0  0 13 10 13  6  0  9  4  0  9  0  6  6  2  5  7 12 13  2  4 10  5  6
  9 13 11  7  4 14  3  9 14  9  6  4 11  9 12  4  2  3  2 13  5  5  2  0  0
 12  0  0  7 12  5  2 11  4 10 12  4 13  5  3 10  4  4  4  2  3  6  4  0  7
 10  2  0 11  5  2  1 13  2 14 12  6  0 10  1  4  6 10 14 14  1  4  4  3  3
  0  4 10 12 12 10  6  3  9  2 12  9  0 14  9  1 14  9  5  9 12  3  7  5  4
 13  0  4 12  4 11 10  1  3 12  4  4  0 12  6  4  4 12 12  3  0  4 10  2  3
  5  3  4]
 Dunn Index 16 : 0.108514341535
---------------------------------------------------------------------------------------------------------
chromosome 17 : [ 0.63474421  0.10430394  0.03390284 ...,  0.          0.          0.        ]
 Objectives (Sil) : 0.176849707656
 Objectives (PBM) : 8750.59679894
Cluster size 17 :18
Predicted Label for 17: [11 12 17  1 14  1 17 14  7  0 10 14 14 17  9  0 17 15  0  1  0  9  1 14 15
 14  1 14 10  0 14 17 17 17  9 14 14  2  9  9 10  0 14  7 12  7 14  0 17  7
  0  6 17  0  9 17  0  0 15  1  1  1  1 12  0  1 14  0  1  7 17 14  1 17  0
  0  1 14  9 12  1  9 15  7 14  9  0  1 14  0 14 14  7  0  0 17 14  1  1  1
 14 14 13  0  1 17  1 14 12  9  2 11  0  1 15  0  9  1  7  0 17  1 17  1 11
  3  0 14 10 15  0  9  0 12  1  1  1  1 15 14 14  1 14 14  1 14  8 15 15 15
 15  0  0 17  1 17 13  1  0 12 14  1 17  2 15 11  5 15  1  1 14 12  1  0  1
 17  0  1 17  0 15  6 17 15  1  0  0 14 15 15  8 10 15  4 17 14  0  0  0  2
  0  8  0  1  0  1  9  2 11  1 10  0 14 11  9  1 13 14 16 10  7 12 17  7  0
  0  1 14 14 14 15 15 11 14 17  0 11 11 10 15 14 14  1 15 17 14  0  9  9 14
  0  1  1 15  4 15 12  1 10 17  1 12  1  2 12 11 14 10 14 15  9  0  6 12 12
  9 15 15 17 17 14  1  9 14 11 12 17 15  9  0  0  9  1 11 15 14 12  0  1  1
  0  1  1  9  0  0  0 15 17 11  0  0 15  0 14  8 17 17 17  0  0 12  0  1 10
  7 11  1  1 12  0 14 15  9 14  0 10  1 10 14  1  2  5 14 14 14  0 17  1  1
  1 17  6  0 14  7  2 14  9 11  0 17  1 14  9 14 14  9  1  9 14  1 17  0 17
 15  1 17 14  0 15  6 14 14  0 17  0  1 14 10  0 17  0  0  1  1  0  7 11 14
  1  1 17]
 Dunn Index 17 : 0.142315179887
---------------------------------------------------------------------------------------------------------
chromosome 18 : [ 0.44408546  0.225       0.04166667 ...,  0.          0.          0.        ]
 Objectives (Sil) : 0.184944445478
 Objectives (PBM) : 15308.6728064
Cluster size 18 :13
Predicted Label for 18: [12  4 10  0  1  0 10  1  6 10 11  9  9 10 12  9  7  1 12 10  9  8  0  1  1
  9  0  1  8 10  9 10 10  7 12  9  1  4 12  8  8 12  0 11  4 11  9  9  7 11
  9 11  7  9 12 10 12 10  1  0  0  0  0  9 10 10  9 10  0  7 10  9  0 10 10
  9  0  9 12  4  0  8  1  6  9 12 10  0  1 10  1  9  6 10 12 10  9  0  0  0
  1  9  7 12  0 10  0  1  4  8  2  6 10  0  1  9 12  0 11 12 10  0  7  0  4
  5 12  9 11  1 12 12 12  4  0  0  0  0  1  9  9  0  1  0  0  1  6  1  1  1
  1 10  9 10  0  7  7 10 10  9  1  0 10  3  1  6 11  1  0  0  1  4  0 12  0
 10 10  0 10 10  1  6  7  1 10 10 10  9  1  1  6  8  1 11  7  9  9 12 12  4
 12  6 10 10  9  0 10  4  6  0 11 10  1  6  7 10  7  9  7  8  6  8 10 11 12
  9  0  1  1  1  1  1  6  9 10 10  6  6  8  1  9  9  0  1  7  9 12  7  8  1
 10  0  0  1 11  1  8  0  8 10  0  8  0  4  4 12  9 11  9  1 12 10 11  9  4
  6  1  1  7 10  9  0  8  1  6  8 10  1 12  9 10 12  0 12  1  9  9 12  0  0
  9  0  0  7  9 10 12  1 10  6  9 10  1 10  0 11 10 10 10 12 10  4 10  0 11
  6 12  0  0  9 12  9  1 12  9 10  3  0  6  9 10  4 11  1  1  9 10 10  0  0
  0 10 11  9  9 11  3  9  7 12  9  8  0  1  8  9  1  8  0  8  9  0  7  9 10
  1  0 10  9 10  1  6  9  9  9 10 10  0  9  3 10 10 10  9  0  0 10 11 12  0
  0  0  8]
 Dunn Index 18 : 0.13391410403
---------------------------------------------------------------------------------------------------------
chromosome 19 : [  5.06130268e-01   9.00383142e-02  -3.46944695e-18 ...,   0.00000000e+00
   0.00000000e+00   0.00000000e+00]
 Objectives (Sil) : 0.240992698493
 Objectives (PBM) : 18016.0278219
Cluster size 19 :3
Predicted Label for 19: [2 2 2 1 1 1 2 1 0 2 0 1 1 2 2 2 2 1 2 2 2 2 1 1 1 1 2 1 0 2 1 2 2 2 2 1 1
 0 2 2 0 2 1 0 2 0 1 2 2 0 2 0 2 2 0 2 2 2 1 2 1 2 2 2 2 2 1 2 2 0 2 1 1 2
 2 2 1 1 0 0 1 2 1 0 1 2 2 2 1 2 1 1 0 2 2 2 1 1 1 1 1 2 0 2 2 2 1 1 2 2 0
 0 2 1 1 2 2 1 0 2 2 1 0 1 0 1 2 1 0 1 2 0 2 2 1 1 1 1 1 1 1 1 1 1 1 1 0 1
 1 1 1 2 2 2 1 2 0 2 2 2 1 2 2 0 1 0 0 1 1 1 1 2 1 2 1 2 2 1 2 2 1 0 2 1 2
 2 2 2 1 1 0 0 1 0 0 2 2 2 2 0 2 0 2 2 2 1 2 0 0 2 0 2 1 0 0 2 0 1 0 0 0 0
 2 0 2 2 2 1 1 1 1 1 0 1 2 2 0 0 0 1 1 1 1 1 2 1 2 0 0 1 2 1 1 1 0 1 0 1 0
 2 2 0 2 0 2 2 2 0 1 1 2 2 0 2 2 0 1 1 0 2 1 1 0 1 0 0 2 1 0 2 2 2 1 2 1 1
 2 2 2 2 2 1 2 0 2 2 2 1 2 0 2 2 1 2 1 0 2 2 2 2 2 2 2 1 0 0 0 2 1 2 2 1 1
 2 1 2 0 2 0 1 2 0 0 1 1 1 2 2 1 1 2 2 0 2 1 0 0 1 0 2 2 2 1 1 0 1 1 2 2 0
 1 1 0 2 2 1 2 2 1 2 1 0 1 1 2 2 2 1 1 0 2 2 2 2 1 2 2 0 2 1 2 1 2]
 Dunn Index 19 : 0.0746219011661
---------------------------------------------------------------------------------------------------------
chromosome 20 : [  4.05399902e-01   0.00000000e+00  -3.46944695e-18 ...,   0.00000000e+00
   0.00000000e+00   0.00000000e+00]
 Objectives (Sil) : 0.170318519844
 Objectives (PBM) : 8023.29067631
Cluster size 20 :7
Predicted Label for 20: [1 5 4 2 2 2 6 2 3 4 3 1 2 4 4 1 4 2 4 6 1 4 2 0 2 1 6 2 3 6 1 6 4 4 4 1 2
 5 4 4 5 4 2 3 5 3 1 1 3 3 1 3 4 1 4 4 1 6 0 6 2 6 6 1 6 6 1 4 6 3 4 1 2 6
 4 1 2 1 4 5 1 4 0 3 1 4 6 6 0 6 2 2 3 6 1 6 1 1 2 2 2 1 3 4 6 6 2 2 1 4 5
 4 6 2 0 1 4 2 3 4 6 2 3 6 5 0 4 2 3 2 4 4 4 5 2 6 2 2 0 1 1 2 2 2 2 2 3 0
 2 2 2 4 1 6 6 4 3 6 6 1 2 6 6 5 2 4 3 2 2 2 2 5 2 4 2 4 6 6 6 6 0 3 4 2 6
 4 6 1 2 0 3 5 0 3 4 1 6 1 4 5 4 3 6 6 1 6 4 5 5 6 3 6 2 5 4 6 3 1 3 5 3 5
 6 3 1 1 6 2 2 2 0 0 5 1 6 6 5 5 3 2 1 1 2 0 6 1 1 3 4 2 6 2 6 0 3 0 5 2 4
 6 6 5 6 5 5 1 1 3 1 2 4 6 3 1 5 4 0 2 3 6 1 2 4 2 4 5 4 2 4 1 4 4 2 5 0 1
 1 4 6 6 1 2 6 4 1 6 4 2 6 5 1 6 0 6 2 3 6 4 6 4 6 5 6 6 3 3 4 6 2 1 4 1 0
 4 2 1 5 6 5 1 6 5 3 2 2 1 6 6 2 2 6 6 3 1 1 3 5 1 4 4 1 4 6 2 4 1 2 4 6 4
 1 2 3 1 6 2 6 6 1 6 2 5 1 2 1 6 6 6 1 5 4 6 6 1 6 6 6 3 4 2 6 2 6]
 Dunn Index 20 : 0.083991399721
---------------------------------------------------------------------------------------------------------
chromosome 21 : [  4.44444444e-01   1.11111111e-01  -3.46944695e-18 ...,   0.00000000e+00
   0.00000000e+00   0.00000000e+00]
 Objectives (Sil) : 0.138295151877
 Objectives (PBM) : 11723.4863274
Cluster size 21 :16
Predicted Label for 21: [ 0  1  2  3  3  3  2  3  7  4  5  9  3  2  0 15  2 11  0  8 15  2  8  9 11
 15  8  9  2  4 15  4  2  2  4  9  3  1  0  2  1 15  3  7  1  7 15 15  2  7
 15 14  2 15  2  2 15 15 11  8  3  8  8 15  4  8 15  4  8  5  4 15  3  4  4
 15  3 15  2  1  8  2 12  7  9  0 15  8  9  4  9  3  7  4 15  4 15  8  8  3
  9 15  5  0  8  4  8  3  9  2  1  0  4  8 11 15  2  8  6  4  4  3  2  8  0
 13 15  3  7 11 15  2 15  1  3  8  8  8 10 15 15  3  9  3  8  3 14 11 11  3
  3  4 15  4  8  2  5  8  8 15  3  8  8  1  3  0  6 11  3  3  3  1  3  4  3
  2  4  8  4 15 11  7  2 11  8  4  4 15 11  9  7  1 11  6  2 15 15 15  4  1
  4  7 15  8 15  8  4  1  1  8  5  4  9  0  2  4  5 15  5  1  7  1  4  5 15
 15  8  9  3  3 10 10  7  9  4  4  0  0  2 11 15 15  8 11  2  9 15  2  2  3
  4  8  8 11  6 11  1  8  2  4  8  1  8  1  1  0 15  5 15 11  4  4 14 15  1
  7 11  3  2  4  9  8  7  3  0  1  4 11  0 15  4  4  8  0 11 15 15  4  8  8
 15  8  8  2 15 15 15 11  4  0 15  4 11 15  3 14  2  4  4  4  4  1  4  8  5
  7  0  8  8 15  4  9 10  2  3 15  1  8  7  9  8  1  6  3  3  9  4  4  3  3
  8  4 14 15 15  7  1  3  2  0 15  2  8  3  7  9  3  2  8  0  3  3  2 15  4
 11  8  4  3  4 11 14  9  3 15  4  4  8 15  1  4  4  4 15  8  8  4  7  0  3
  8  8  2]
 Dunn Index 21 : 0.109034796999
---------------------------------------------------------------------------------------------------------
chromosome 22 : [ 0.64705882  0.05882353  0.05882353 ...,  0.          0.          0.        ]
 Objectives (Sil) : 0.150847871048
 Objectives (PBM) : 13039.3970503
Cluster size 22 :14
Predicted Label for 22: [ 4 10  7  3  5  3  7  5  6 11  9  2  2  7 12  2  9  5  4 11  2 12  3  5  5
  2  3  5  9 11  4  7  7  9 12  2  5 10 12 12  1 12  3  8 10  8  2  4  9  8
  2  8  7 11 12  7  4 11  5 11  3 11 11 12 11  7  2 12  3  9  7  2  3  7 12
  2  3  2 12 10  3 12  5  6  2 12 11 11  5 11  5  2  8 11  4  7  2  3  3  3
  5  2  0 12  3  7  3  5 10 12  1  6 11  2  5 11 12  3  8 12 11  3  9  3  6
 13 12  2  9  5 12 12 12 10  3  3  3  3  5  2  2  3  5  2  3  5  8  5  5  5
  5 12  2  7  3  9  9 11 11 11  5 11  7  1  3  6  8  5  3  3  2 10  3  4  3
  7 11  3  7 11  5  8  7  5 11 12 11  2  5  5  8  1  5  8  9  2 11  4 12 10
 12  8 11 11  2  3 12 10  1  3  9 11  2  6  9 11  0  2  9 10  8 10  7  9  4
 12 11  5  5  5  5  5  1  2  7 11  6  6  9  5  2  2  3  5  7  2  4  9 12  2
 11  3  3  5  0  5 10  3  9  7 11 10  3  1 10  6  2  9  2  5 12 11  8  2 10
  6  5  5  9  7  2  3 12  2  6 10  7  5  6 11 12 12  3  6  5  2  2 12 11 11
  4  3  7  9  4 11 12  5  7  6 11 11  5 11  3  8  7  7  7  4 11 10 11  3  9
  6  6 11  3 12  4  2  5 12  2 11  1  3  1  2 11 10  8  2  5  2  7  7  3  3
  3  7  8  2  2  8  1  2  9  6  4 12  3  5  9  2  5 12 11  6  2  3  9 11  7
  5 11  7  2 11  5  1  2  2  4  7 11  3  2  1  7  7 11 11  3 11 11  8 12  3
 11  3  7]
 Dunn Index 22 : 0.122671382276
---------------------------------------------------------------------------------------------------------
chromosome 23 : [ 0.41176471  0.05882353  0.         ...,  0.          0.          0.        ]
 Objectives (Sil) : 0.146092773255
 Objectives (PBM) : 11322.2654503
Cluster size 23 :13
Predicted Label for 23: [ 1 12  8  7  7  2  9  7  1  9  3  6  7  5  5  6  8  0  5  9  6  5  2  0  0
  6  2  0  3  9  6  9  5  8  5  6  7 12  5  5  4  5  7  3 12  3  6  6  8  3
  6 10  8  9  5  5  6  9  0  2  7  2  2 12  9  2  6  9  2  8  9  6  7  9  5
  6  7  6  5 12  2  5  0  1  6  5  9  9  0  9  0  7 10  9  6  9  6  2  2  7
  0  6  8  5  2  9  2  7 12  5  4  1  9  2  0  9  5  2  3  5  9  7  8  2  1
 11  5  7  3  7  5  5  5 12  7  2  2  2  0  6  6  7  0  7  2  0 10  0  7  7
  7  9  6  9  2  8  8  2  9 12  7  2  9  4  7  1  3  0  7  7  7 12  7  5  7
  5  9  2  9  9  0 10  8  0  2  5  9  6  0  0 10  4  0  3  8  6  9  6  5  4
  5 10  9  2  6  2  5  4  4  2  3  9  6  1  8  9  3  6  8  4 10  4  9  3  6
  5  2  0  7  7  0  0 10  6  9  9  1  1  3  0  6  6  2  0  8  6  6  8  5  7
  9  2  2  0  3  0 12  2  5  9  2 12  2  4 12  1  6  3  6  0  5  9  3 12 12
  1  0  7  8  9  6  2  5  7  1 12  9  0  1  6  9  5  2  1  0  6 12  5  2  2
  6  2  2  8  6  9  5  0  9  1  6  9  0  9  7 10  8  9  9  5  9 12  9  2  3
  1  1  2  2 12  5  6  0  5  6  9  4  2 10  6  9  4  3  7  7  6  9  9  7  7
  2  9  3  6  6  3  4  6  5  1  6  5  2  7  5  6  0  5  2  1  6  7  8  2  9
  0  2  9  6  9  0 10  6  7  6  9  9  2  6  4  9  9  9  6  2  2  9  3  1  7
  2  7  5]
 Dunn Index 23 : 0.129417033164
---------------------------------------------------------------------------------------------------------
chromosome 24 : [  5.83333333e-01   2.50000000e-01   1.73472348e-18 ...,   0.00000000e+00
   0.00000000e+00   0.00000000e+00]
 Objectives (Sil) : 0.149676071386
 Objectives (PBM) : 11325.8729565
Cluster size 24 :15
Predicted Label for 24: [ 6  6  7  3  3  8  7  3  0  1 13 12  3  9  2  6  4 11  2  1  6  9  8  3 11
 12  8  3 13  2 12  7  7  9  2 12  3 10  2  9 13  2  3  5  6  5  1  1  4 13
  1  5  4  1  2  9  1  1 11  8  8  8  1  6  1  7 12  2  8  4  7 12  8  7  9
  1  8 12  2 10  8  9 11  0  3  2  1  1 12  1  3  3  0  7  1  7 12  8  8  8
  3 12  4  6  8  7  8  3  6  9 10  0  1  8 11  1  2  8  5  2  7  8  4  8 10
 14  2  3 13 11  6  9  2 10  8  8  8  8 11 12 12  3 12  3  8  3  5 11 11  3
  3  2  1  7  8  4  4  7  7  6  3  1  7 10  3  0  5 11  3  8  3  6  8  2  3
  9  1  8  7  1 11  0  7 11  1  2  1 12 11 11  0 10 11  5  4 12  1  1  2 10
  2  5  1  1  1  8  9 10 10  8 13  7  3  0  4  7  4  1  4 13  0 10  7  4  2
  6  8  3  3  3 11 11  0 12  7  7  0  0 13 11 12 12  8 11  7 12  2  4  9  3
  1  8  8 11  5 11 10  8  9  7  8 10  8 10 10  6 12 13  1 11  2  1  5  6  6
  0 11  3  4  7 12  8  0  3  0 10  7 11  0  1  1  2  8  6 11 12  6  2  8  8
  1  8  7  4  1  1  2 11  7  0  1  7 11  1  3  5  7  7  7  2  1 10  1  8 13
  0  0  8  8  6  2 12 11  2  3  1 10  8  0 12  7 10  5  3  3 12  7  7  3  8
  8  7  5  6 12  5 10  3  9  6  6  9  8  3 13 12  3  9  8  0  3  8  4  1  7
 11  1  7  3  1 11  5 12  3  1  7  7  8 12 10  2  7  1  1  8  8  7  0  6  3
  1  8  9]
 Dunn Index 24 : 0.117937373261
---------------------------------------------------------------------------------------------------------
chromosome 25 : [  5.66666667e-01   1.33333333e-01  -1.73472348e-18 ...,   0.00000000e+00
   0.00000000e+00   0.00000000e+00]
 Objectives (Sil) : 0.153979930492
 Objectives (PBM) : 8456.1102969
Cluster size 25 :19
Predicted Label for 25: [18 15  3  0  0  1  3  0  2  8  5 14 14  3 11  8  7  0 18  3  8 11  1 14 16
  8  3 14  5  3  8  3 11  7 11 14 14 12 18 11  5 11  1  2 15  2  8  8  7  2
  8  6  7  8 11  3  8  8 16  1  0  1  1 15  8  3  8  3  3  7  3 14  1  3 11
  8  0  8 11 13  1 11 16  2 14 18  8  1 14  3 14 14  2  3  8  3  8  1  1  1
 14  8  7 11  1  3  0 14 15 11  9 10  3  1 16  8 11  1  2 11  3  0  7  1 10
 17 11 14  2  0 11 11  8 13  0  1  1  1 16  8 14  1 14 14  1 14  6 16  0  0
  0 11  8  3  1  7  7  3  3 15  0  1  3  4  0 18  6  0  1  0 14 15  0 18  1
  3  8  1  3  8 16  2  7  0  3 11  3  8  0 16  2 13 16  6  7  8  8  8 11 12
 11  6  8  3  8  1 11 10 10  1  5  3 14 10  7  3  7  8  7 13  2 13  3  2  8
  8  1 14  0  0 16 16 10 14  3  3 10 10  5  0 14  8  1 16  7 15 18  7 11 14
  3  1  1 16  6 16 13  1  5  3  1 13  1 12 12 18 15  5  8  0 11  3  6 15 15
  2 16  0  7  3 14  1 11 14 10 13  3  0 11  8 11 11  1 18 16 14 15 11  3  1
  8  1  3 11  8  8 11  0  3 10  8  3 16  3  1  6  3  3  3 18  8 12  3  1  5
  2 18  3  0 15 18 14 16 11 14  8  4  1 10 14  3 12  6 14 14 14  3  3  0  1
  1  3  6  8  8  2  4 14 11 18  8 11  1 14 11 14 14 11  1 11  8  1  7  8  3
  0  1  3  8  3  0  4 14 14  8  3  3  1  8  4  3  3  8  8  1  1  3  2 18  1
  1  1  3]
 Dunn Index 25 : 0.165799959457
---------------------------------------------------------------------------------------------------------
chromosome 26 : [ 0.55555556  0.11111111  0.11111111 ...,  0.          0.          0.        ]
 Objectives (Sil) : 0.156748819009
 Objectives (PBM) : 4245.23327682
Cluster size 26 :15
Predicted Label for 26: [ 3 13 10  5  5  5 10  5  9 14  1 12 12 10  3  4  0  5  3  6  3 10  5  7  7
 12  6 12  1 14 12 10 14 10 14 12 12 13  3 10  1  3  5  9 13  9 12  3  0  1
 12 11  0  3  9 10  3  3  7  4  5  6  4  3  6  6 12 14  6  0 14 12  5 14 10
  4  5 12 10 13  4 10  7  9 12  9  4  6 12 14 12 12  9  6  3  6 12  4  5  5
 12 12  0  3  6  6  5 12 13 10  8  9 14  4  7 14 10  5 11 14  6  5  0  6  9
  7  3 12  1  5  3 10  3 13  5  4  5  5  7 12 12  5 12  5  5 12  2  7  5  5
  5 14  4 14  6  0  0  6  4  4  5  4  6  8  5  9 11  5  5  5 12 13  5  3  5
 10 14  6  6 14  7  9 10  5  4 14 14  3  5  7  9  8  7 11  0  4  4  3  3 13
 14  2  3  4  4  6 10  8  8  4  1  6 12  9  0  6  0 12  0  1  9  8  6  0  3
  4  6 12  5  5  7  7  8 12 14 14  9  9  1  5 12 12  5  7 14 12  3  0 10 12
 14  5  6  7 11  7 13  5 10  6  4 13  6  8 13  3  4  1 12  5 10  6 11  4 13
  9  7  5  0 14 12  5  9 12  9 13 14  5  9  3 14 14  4  3  7 12  4 14  6  6
  3  4  6  0  3  4  3  5 14  9  3  4  7  4  5 11 10 14 14  3  6 13 14  6  1
  9  9  6  5  4  3 12  7 14 12  3  8  6  8 12  6 13 11 12 12 12 14  6  5  5
  6 14 11  3 12 11  8 12 10  3  3 10  6  5  1 12 12 10  4  9 12  5  0  4 14
  5  6  6 12 14  5  2 12 12  3  6 14  6 12  8 14  6  3  4  6  4  6  9  3  5
  4  5 10]
 Dunn Index 26 : 0.0852656624683
---------------------------------------------------------------------------------------------------------
chromosome 27 : [  7.50000000e-01   2.60394553e-01   2.60208521e-18 ...,   0.00000000e+00
   0.00000000e+00   0.00000000e+00]
 Objectives (Sil) : 0.174562905918
 Objectives (PBM) : 11100.7463657
Cluster size 27 :6
Predicted Label for 27: [5 5 1 4 4 3 1 4 0 1 0 4 4 1 1 3 1 4 1 3 3 1 3 4 4 3 3 4 0 1 3 1 1 1 1 4 4
 5 1 1 5 1 4 0 5 0 3 3 1 0 3 0 1 3 1 1 3 3 4 3 4 3 3 3 3 3 3 1 3 0 1 3 3 1
 1 3 4 3 1 5 3 1 2 0 4 1 3 3 4 1 4 4 0 1 3 1 3 3 3 4 4 3 0 1 3 1 4 4 3 1 5
 5 3 3 4 3 1 3 0 1 3 4 1 3 5 2 1 3 0 4 1 1 1 5 4 3 3 3 2 3 3 4 4 4 3 4 0 4
 4 4 4 1 3 1 3 1 0 3 3 3 4 3 1 5 4 5 0 4 4 4 4 5 4 1 4 1 3 3 1 3 4 0 1 4 3
 1 1 3 4 2 0 5 4 0 1 3 3 3 1 5 1 0 3 3 3 3 1 5 5 3 0 3 4 5 1 3 0 3 0 5 0 5
 1 0 1 3 3 4 4 4 2 2 5 3 1 1 5 5 0 4 3 3 3 4 1 4 1 0 1 4 1 3 3 2 0 4 5 3 1
 1 3 5 3 5 5 5 3 0 3 4 1 3 0 3 5 0 2 4 1 1 4 3 5 4 5 5 1 4 1 3 1 1 3 5 2 3
 3 1 3 3 3 3 3 1 3 3 1 4 1 5 3 1 2 3 4 0 1 1 1 1 3 5 3 3 0 0 1 3 4 3 1 4 2
 1 4 3 5 3 5 3 3 5 0 4 4 4 1 1 4 3 3 1 0 3 3 0 5 3 1 5 3 1 3 4 0 4 4 1 3 5
 3 4 0 3 1 4 3 1 3 1 4 0 3 4 3 1 1 3 3 5 1 1 3 3 3 3 3 0 5 4 3 3 1]
 Dunn Index 27 : 0.0949813789642
---------------------------------------------------------------------------------------------------------
chromosome 28 : [  3.17840675e-01   8.40956368e-02  -3.46944695e-18 ...,   0.00000000e+00
   0.00000000e+00   0.00000000e+00]
 Objectives (Sil) : 0.185830175578
 Objectives (PBM) : 53322.9542468
Cluster size 28 :6
Predicted Label for 28: [5 5 4 1 0 1 4 0 3 4 3 5 0 4 5 5 4 0 5 1 5 4 1 0 0 5 1 0 3 4 1 4 4 4 4 5 0
 5 4 4 3 5 1 3 5 3 1 5 4 3 1 3 4 1 4 4 5 1 0 1 1 1 1 5 1 1 5 4 1 4 4 1 1 4
 4 5 1 1 4 5 1 4 0 3 0 4 1 1 0 4 0 1 3 1 5 4 1 1 1 1 0 5 3 5 1 4 1 0 5 4 3
 3 1 1 0 1 4 1 3 4 1 1 4 1 5 2 5 1 3 0 5 4 5 5 1 1 1 1 0 1 5 1 0 1 1 0 3 0
 0 0 0 4 5 4 1 4 4 1 1 5 0 1 4 3 0 3 3 0 1 1 0 5 1 4 1 4 1 1 1 1 0 3 4 0 1
 4 4 5 0 0 3 3 0 3 4 5 1 1 4 5 4 3 1 1 5 1 4 3 3 1 3 1 0 3 4 1 3 1 4 3 3 3
 4 3 5 5 1 0 0 0 0 0 3 5 4 4 3 3 3 0 1 5 1 0 4 5 5 4 4 0 4 1 1 0 3 0 5 1 4
 4 1 5 1 3 5 5 5 3 1 0 4 1 3 5 5 3 0 0 4 4 0 1 3 0 3 5 4 0 4 5 4 4 1 5 0 1
 5 4 1 1 5 1 1 4 1 1 5 0 4 3 1 4 0 1 1 3 4 4 4 4 1 5 1 1 3 3 3 1 1 5 4 0 0
 4 0 1 3 1 3 5 1 5 3 0 0 0 4 4 1 1 1 4 3 5 1 3 3 1 4 5 5 4 1 0 3 5 0 4 1 3
 1 1 4 1 4 0 1 4 1 4 0 3 1 1 1 4 4 1 5 3 4 4 1 1 1 1 4 3 5 1 1 1 4]
 Dunn Index 28 : 0.0830595668991
---------------------------------------------------------------------------------------------------------
chromosome 29 : [ 0.49639964  0.29166667  0.00986617 ...,  0.          0.          0.        ]
 Objectives (Sil) : 0.191456398376
 Objectives (PBM) : 21478.0028457
Cluster size 29 :11
Predicted Label for 29: [ 2  1  0 10  3 10  0  3  2  0  8  5  5  0  2  5  7  3  2  0  5  0 10  3  3
  5 10  3  7  0  5  0  0  7  0  5  3  1  2  0  4  0 10  8  1  9  5  5  7  8
  5  8  7  0  2  0  5  0  3 10 10 10 10  5  0 10  5  0 10  7  0  5 10  0  0
  5 10  5  2  1 10  0  3  2  5  2  0 10  3  0  3  5  2  0  5  0  5 10 10 10
  3  5  7  0 10  0 10  3  1  0  4  2  0 10  3  5  0 10  8  0  0 10  7 10  2
  6  0  5  7  3  0  2  0  1 10 10 10 10  3  5  5 10  3  5 10  3  8  3  3  3
  3  0  5  0 10  7  7 10  0  1  3 10  0  4  3  2  8  3 10 10  5  1 10  0 10
  0  0 10  0  0  3  2  7  3 10  0  0  5  3  3  2  4  3  8  7  5 10  5  0  1
  0  8  0 10  5 10  0  1  4 10  7  0  5  2  7  0  7  5  9  1  2  1  0  7  5
  0 10  3  3  3  3  3  4  5  0  0  2  2  7  3  5  5 10  3  0  5  5  7  2  5
  0 10 10  3  8  3  1 10  7  0 10  1 10  4  1  2  5  8  5  3  0  0  8  5  1
  2  3  3  7  0  5 10  2  3  2  1  0  3  2  5  0  0 10  2  3  5  1  0 10 10
  5 10 10  7  5  0  0  3  0  2  5  0  3  0 10  8  0  0  0  0 10  1  0 10  7
  2  2 10 10  1  0  5  3  0  5  0  4 10  4  5  0  1  8  5  3  5  0  0 10 10
 10  0  8  5  5  8  4  5  7  2  5  0 10  3  7  5  3  0 10  2  5 10  7  5  0
  3 10  0  5  0  3  4  5  5  5  0  0 10  5  4  0  0  0  5 10 10  0  2  2 10
 10 10  0]
 Dunn Index 29 : 0.12777304553
---------------------------------------------------------------------------------------------------------
chromosome 30 : [ 0.54347826  0.10869565  0.02173913 ...,  3.1         3.1         3.1       ]
 Objectives (Sil) : 0.147663278877
 Objectives (PBM) : 7626.58325808
Cluster size 30 :19
Predicted Label for 30: [11 16  2 17 17 17 12 15  0 13 14  3 17 12 11  1  2 15 11 13  3 12 17 10 15
  3 18  7 12 13  3 13  2  2 11 10 17 16 11 12 12 11 17  0 16  0  3  3  2  0
  3 14  2 13 11 12 11 13 15  1 18 18  1  1 13 18  3 13 18  2 13  3 17 13 12
  1 17  3 12 16  1 12  9  0  3 11  1 17 10 13 10 17  0 13 11 13  3  1 18 17
  7  3  4 11 18 13 18  7 16 12  6  0 13  1 15 13 12 18 14 11 13 17  2 18 16
  5 11 17  0 15 11 12 11 16 17 18 18 18  9  3  3 17 10 17 18  7 14 15 15 17
 17 13  1 13 18  2  4 18  1  1 17  1 13  6 17  0 14 15 17 18 17 16 18 11 17
 12 13 18 13 13 15  0  2 15  1 13 13  3 15 10  0 16 15 14  2  1  1 11 11 16
 11 14 13  1  1 18 12 16  6  1 14 13 10  0  2 13  4  3  8 12  0 16 13 14 11
  1 18 10 10 17  9  9  6  3 13 13  0  0 12 15  3  3 18 15  2 10 11  2 12 17
 13 18 18 15 14 15 16 18 12 13  1 16 18  6 16 11  1 14  3 15 11 13 14  1 16
  0 15 17  2 13  3 17  0 17  0 16 13 15  0  3 13 11 17 11  7  3  1 11 18 18
 11 18 18  2  3  1 11 15 13  0  3  1 15  1 17 14  2 13 13 11 13 16 13 18 14
  0  0 18 18  1 11 10  9 11  3 13  6 18  0  3  1 16 14  7 17 10 13 13 17 17
 18 13 14  3  3 14  6  3  2 11 11 12 18 17 12  3  7 12  1  0  3 17  2  1 13
 15 13 13  3 13 15  6  3 17  3 13 13 18  3  6 13 13 13  3 18  1 13  0 11 17
  1 18 12]
 Dunn Index 30 : 0.141949580352
---------------------------------------------------------------------------------------------------------
chromosome 31 : [ 0.37026639  0.          0.00257001 ...,  0.          0.          0.        ]
 Objectives (Sil) : 0.14651474163
 Objectives (PBM) : 9112.83347473
Cluster size 31 :18
Predicted Label for 31: [ 9 17  4  7  0  7  4  0  6  2  6 12 12  4  2 10  8  0  2  4 10  1  7 12  0
 10  4 12  1  2 12  4  2  8  2 12 12 17  9  1  1  2  7  6 17  6 10 10  8  6
 10  3  8 10  2  4 10 10  0  4  7  7 10 10 10  4 12  2  4  8  2 12  7  4  4
 10  7 10  2 17  7  1 11  6 12  2 10  7 12  2 12 12  6  4 10  4 12  7  7  7
 12 10  8  9  7  4  7 12 17  2 13  9  2  7 11 10  2  7  6  2  4  7  8  7  9
 14  2 12  6  0  2  9  2 17  7  7  7  7 11 10 12  7 12 12  7 12  5 11  0  0
  0  2 10  4  7  8  8  4  4 10  0 10  4 15  0  9  3  0  7  7 12 17  7  2  7
  4  2  7  4 10  0 16  8  0  4  2  2 10  0 11  5  1 11  3  8 10 10 10  2 17
  2  5 10  4 10  7  2 15  5  7  6  4 12  9  8  4  8 10  6  1  6  1  4  6  2
 10  7 12  0  0 11 11  5 12  4  4  9  9  1  0 12 12  7 11  8 12  2  8  1 12
  2  7  7 11  3 11  1  7  1  4  4  1  7 15 17  9 10  6 10  0  2  4  3 10 17
  6 11  0  8  4 12  7  1 12  9  1  2  0  9 10  2  2  7  9 11 12 10  2  4  7
 10  7  4  6 10 10  2  0  4  5 10  4 11 10  7  3  4  2  4  2 10 17  2  7  6
  6  9  4  7 10  2 12 11  2 12 10 15  7  5 12  4 17  3 12 12 12  4  4  7  7
  7  2  3 10 10  6 15 12  8  9 10  4  7  0  1 12 12  2  4  1 12  7  8 10  4
  0  7  4 12  2  0  5 12 12 10  4  2  7 10 15  2  4 10 10  7  7  4  6  9  7
 10  7  4]
 Dunn Index 31 : 0.153837566525
---------------------------------------------------------------------------------------------------------
chromosome 32 : [ 0.58599037  0.05218388  0.02965215 ...,  0.          0.          0.        ]
 Objectives (Sil) : 0.15373429983
 Objectives (PBM) : 17937.0270902
Cluster size 32 :13
Predicted Label for 32: [10  0 11  8  8  6 11  8 10  1 12  5  8 11 10  5 11  7 10  1  5 11  6  8  7
  5  6  8 11  1  5  1 11 11  1  5  8  0 10 11  3  5  8 12  0 12  5  5 11 12
  5 12 11  5 10  1  5  1  7  6  6  6  6  5  1  1  5  1  6 11  1  5  6  1  1
  5  6  5 11  0  6 11  7  9  8 10  1  6  8  1  8  8  9  1  5  1  5  6  6  6
  8  5 12 10  6  1  6  8  0 11  2 10  1  6  7  5 11  6 12  1  1  6 11  6 10
  4  5  8 12  7  1 10  5  0  6  6  6  6  7  5  5  6  8  8  6  8  9  7  7  8
  8  1  5  1  6 11 12  6  1  5  8  6  1  3  8 10 12  7  8  6  8  0  6 10  8
  1  1  6  1  1  7  9 11  7  6  1  1  5  7  7  9  3  7 12 11  5  5  5  1  0
  1  9  1  6  5  6  1  0  3  6 12  1  8 10 11  1 12  5 12  3  9  3  1 12  5
  5  6  8  8  8  7  7  9  5  1  1 10 10 11  7  5  5  6  7 11  5  5 11 10  8
  1  6  6  7 12  7  0  6 11  1  6  0  6  3  0 10  5 12  5  7 10  1 12  5  0
 10  7  8 11  1  5  6 10  8 10  0  1  7 10  5  1  1  6 10  7  5  5  1  6  6
  5  6  6 11  5  1  1  7  1  9  5  1  7  1  8  9 11  1  1 10  1  0  1  6 12
  9 10  6  6  5  1  8  7 11  8  5  3  6  9  5  1  0 12  8  8  8  1  1  6  6
  6  1 12  5  5 12  3  8 11 10  5 11  6  8 11  5  8 11  6 10  5  6 11  5  1
  8  6  1  5  1  7  9  5  8  5  1  1  6  5  3  1  1  1  5  6  6  1  9 10  8
  6  6  1]
 Dunn Index 32 : 0.141813574208
---------------------------------------------------------------------------------------------------------
chromosome 33 : [ 0.51631907  0.26211931  0.0507045  ...,  0.          0.          0.        ]
 Objectives (Sil) : 0.165626101872
 Objectives (PBM) : 12038.5295222
Cluster size 33 :14
Predicted Label for 33: [ 9 10  7  2 11  2  8 11  3  1  6  9 11  8  1  9  7 13  1  8  9  5  2 11 13
  9  8 11  4  8  9  8  1  7  1 11 11 10  1  5  4  1 11  6 10  6  9  9  7  6
  9  6  7  9  1  8  9  9 13  8  2  2  8  5  8  8  9  8  8  7  8 11  2  8  5
  9  2  9  1 10  2  5 13  3 11  1  8  2 11  8 11 11  3  8  9  8  9  2  2  2
 11  9  7  5  2  8  2 11 10  5  0  3  8  2 13  9  1  2  6  1  8  2  7  2  3
 12  1 11  6 13  5  3  1 10  2  2  2  2 13  9  9  2 11 11  2 11  6 13 13 13
 13  1  9  8  2  7  7  8  8  5 11  8  8  0  2  3  6 13  2  2 11 10  2  1  2
  8  8  2  8  8 13  3  7 13  8  1  8  9 13 13  3  4 13  6  7  9  8  9  1 10
  1  6  8  8  9  2  1  4  4  2  6  8 11  3  7  8  6  9  6  4  3  4  8  6  1
  5  2 11 11 11 13 13  4  9  8  8  3  3  4 13  9  9  2 13  7 11  1  7  5 11
  8  2  2 13  6 13  5  2  5  8  8  5  2  0 10  3  9  6  9 13  1  8  6  5 10
  3 13 11  7  8 11  2  3 11  3  5  8 13  3  9  8  1  2  5 13 11  5  1  8  2
  9  2  8  1  9  8  1 13  8  3  9  8 13  8 11  6  7  8  8  1  8 10  8  2  6
  3  3  8  2  5  1 11 13  1 11  9  4  2  4 11  8 10  6 11 11 11  8  8  2  2
  2  8  6  9  9  6  0 11  1  3  9  5  2 11  1 11 11  5  8  3  9  2  7  8  8
 13  8  8  9  8 13  4 11 11  9  8  8  2  9  4  1  8  8  9  2  2  8  3  5 11
  8  2  5]
 Dunn Index 33 : 0.125289319833
---------------------------------------------------------------------------------------------------------
chromosome 34 : [  3.45919905e-01   1.32211538e-01  -3.46944695e-18 ...,   0.00000000e+00
   0.00000000e+00   0.00000000e+00]
 Objectives (Sil) : 0.241375046721
 Objectives (PBM) : 39971.71419
Cluster size 34 :3
Predicted Label for 34: [1 1 1 0 0 0 1 0 2 1 2 0 0 1 1 1 1 0 1 1 1 1 0 0 0 0 1 0 2 1 0 1 1 1 1 0 0
 2 1 1 2 1 0 2 1 2 0 1 1 2 1 2 1 1 2 1 1 1 0 1 0 1 1 1 1 1 0 1 1 2 1 0 0 1
 1 1 0 0 2 2 0 2 0 2 0 1 1 1 0 1 0 0 2 1 1 1 0 0 0 0 0 1 2 1 1 1 0 0 0 1 2
 2 1 0 0 1 1 0 2 1 1 0 2 1 2 0 1 0 2 0 1 2 1 2 0 0 0 0 0 0 0 0 0 0 0 0 2 0
 0 0 0 1 1 1 0 1 2 1 1 1 0 1 1 2 0 2 2 0 0 0 0 1 0 1 0 1 1 0 1 1 0 2 1 0 1
 1 1 1 0 0 2 2 0 2 2 1 1 1 1 2 1 2 1 1 1 1 1 2 2 1 2 1 0 2 2 1 2 0 2 2 2 2
 1 2 1 1 1 0 0 0 0 0 2 0 1 1 2 2 2 0 0 0 0 0 1 0 1 2 2 0 1 0 0 0 2 0 2 0 2
 1 1 2 1 2 2 1 1 2 0 0 1 1 2 1 1 2 0 0 2 1 0 0 2 0 2 2 1 0 2 1 1 1 0 1 0 0
 1 1 1 1 1 0 1 2 1 1 1 0 1 2 1 1 0 1 0 2 1 1 1 1 1 1 1 1 2 2 2 1 0 1 1 0 0
 1 0 1 2 1 2 0 1 2 2 0 0 0 1 1 0 0 1 1 2 1 0 2 2 0 2 1 1 1 1 0 2 0 0 1 1 2
 0 0 2 1 1 0 1 1 0 1 0 2 0 0 1 1 1 1 0 2 1 1 1 1 1 1 1 2 1 0 1 0 1]
 Dunn Index 34 : 0.0811186055507
---------------------------------------------------------------------------------------------------------
chromosome 35 : [ 0.49074074  0.14814815  0.03703704 ...,  0.          0.          0.        ]
 Objectives (Sil) : 0.251669019389
 Objectives (PBM) : 33025.1601267
Cluster size 35 :5
Predicted Label for 35: [2 2 1 4 4 4 1 4 0 1 0 4 4 1 2 1 0 4 1 1 1 1 4 4 4 4 1 4 0 1 4 1 1 0 1 4 4
 2 1 1 2 1 4 0 2 0 4 1 0 0 1 0 1 1 0 1 1 1 4 1 4 1 1 1 1 1 4 1 1 0 1 4 4 1
 1 1 4 4 0 2 4 1 4 0 4 0 1 1 4 1 4 4 0 1 1 1 4 4 4 4 4 4 0 1 1 1 4 4 2 1 2
 2 1 4 4 1 1 4 0 1 1 4 0 1 2 3 1 4 0 4 1 0 1 2 4 4 4 4 3 4 4 4 4 4 4 4 0 4
 4 4 4 1 1 1 4 0 0 1 1 1 4 1 1 2 4 2 0 4 4 4 4 2 4 1 4 1 1 4 1 1 4 0 1 4 1
 1 1 1 4 4 0 2 4 0 0 4 1 1 1 2 1 0 1 1 1 1 1 2 2 1 0 1 4 2 0 1 0 4 0 2 0 2
 1 0 1 1 1 4 4 4 4 4 2 4 1 1 2 2 0 4 4 4 4 4 1 4 1 0 2 4 1 4 4 4 0 4 2 4 0
 1 1 2 1 2 2 2 1 0 4 4 1 1 0 1 2 0 4 4 0 1 4 4 0 4 2 2 1 4 0 1 1 1 4 2 4 4
 1 1 1 1 1 4 1 0 1 1 1 4 1 2 1 1 4 1 4 0 1 1 1 1 1 2 1 1 0 0 0 1 4 1 1 4 4
 1 4 1 2 1 2 4 1 2 0 4 4 4 1 1 4 4 1 1 0 1 4 0 2 4 0 2 1 1 1 4 0 4 4 1 1 2
 4 4 0 1 1 4 1 1 4 1 4 2 4 4 1 1 1 1 4 2 1 1 1 1 1 1 1 0 2 4 1 4 1]
 Dunn Index 35 : 0.110884535163
---------------------------------------------------------------------------------------------------------
chromosome 36 : [  3.84615385e-01   3.84615385e-02  -3.46944695e-18 ...,   0.00000000e+00
   0.00000000e+00   0.00000000e+00]
 Objectives (Sil) : 0.16730833078
 Objectives (PBM) : 12832.188078
Cluster size 36 :14
Predicted Label for 36: [12  1  9 13  5 13  0  5 10 12  6  5  5  9 12 12  9 11 12  0 12  0 13  5 11
  5  0  5 10  0  5  0  9  9 12  5  5  1 12  9  2 12 13 10  1 10  5 12  9 10
 12  3  9 12 10  0 12 12 11  0 13 13  0 12  0  0  5  0  0  9  0  5 13  0  0
 12 13  5 10  1 13 10 11 10  5 10  0 13  5  0  5  5 10  0 12  0  5 13 13 13
  5  5  6 12 13  0 13  5  1 10  2 10  0 13 11 12 10 13  4 12  0 13  9 13  2
  8 12  5 10 13 12 10 12  1 13 13 13 13 11  5  5 13  5  5 13  5  7 11 11 13
 13  0 12  0 13  9  6  0  0  1  5  0  0  2 13 10  4 11 13 13  5  1 13 12 13
  0 12 13  0 12 11 10  9 11  0 12  0 12 11 11 10  2 11  7  9  5  0 12 12  1
 12  4 12  0 12 13  0  2  2 13  6  0  5 10  9  0  6  5  6  2 10  1  0 10 12
 12 13  5  5 13 11 11  2  5  9  0 10  2 10 11  5  5 13 11  9  5 12 10 10  5
  0 13 13 11  3 11  1 13  9  0  0  1 13  2  1 12  5  6  5 11 10  0  3  1  1
 10 11 11  9  0  5 13 10  5 10  1  0 11 10 12 12 12 13  1 11  5  1 12  0 13
 12 13  0 10 12 12 12 11  0  2 12  0 11  0 13  3  9  0  0 12 12  1  0 13  6
 10 10  0 13  1 12  5 11 10  5 12  2 13  2  5  0  1  4  5  5  5  0  0 13 13
 13  0  7 12  5  4  2  5 10 12 12  0 13  5 10  5  5 12  0 10  5 13  9  0  0
 11  0  0  5  0 11  2  5  5 12  0  0 13  5  2  0  0 12 12 13 13  0 10 12 13
  0 13  0]
 Dunn Index 36 : 0.127223365223
---------------------------------------------------------------------------------------------------------
chromosome 37 : [  5.69444444e-01   1.52777778e-01   1.04083409e-17 ...,   0.00000000e+00
   0.00000000e+00   0.00000000e+00]
 Objectives (Sil) : 0.156394150239
 Objectives (PBM) : 8205.17896322
Cluster size 37 :17
Predicted Label for 37: [ 6  1 16  8  8  8  3  8  4  7  0  6  8  3 11 10 16  2 11  3 10 11  9 14  2
  6  3 14  0  7  8  3 16 16  7  6  8  1 11 11  0  7  8 12  1 12  8  7 16  0
  7 12 16  7 11  3  7  7  2 10  9  9 10 10  3  3  6  7  3 16  3  6  9  3 11
 10  9  8 11  1 10 11  2  4  8 11 10  9  6  7 14  8  4  3  7  3  8 10  9  9
 14  6 15 11  9  3  9 14  6 11  5  4  7 10  2  7 11  9 12  7  3  9 16  9  1
 13  7  8  0  2 11 11  7  1  9  9  9  9  2  6  6  9  6  8  9 14  4  2  2  8
  8  7 10  3  9 16 15  3  3 10  8 10  3  5  8  4 12  2  8  9  8  1  9  7  8
  3  7  9  3  7  2  4 16  2  3  7  7 10  2 14  4  1  2 12 16 10 10  7  7  1
  7  4  7 10 10  9 11  1  4 10  0  3  6  4 16  3 15  8 15  0  4  1  3 12  7
 10  9 14  8  8  2  2  4  6  3  3  4  4  0  2  6  6  9  2 16  6  7 16 11  8
  7  9  9  2 12  2  1  9  0  3 10  1  9  1  1 11 10  0  8  2 11  3 12 10  1
 11  2  8 16  3  6  9 11  8  4  1  3  2 11 10  7 11  8 11 14  8 10  7  3  9
  7  9  3 11  7 10  7  2  3  4  7  3  2 10  8 12 16  3  3  7  7  1  7  9  0
  4 11  3  9 10  7  6  2 11  8  7  5  9  4  6  3  1 12  8  8  6  3  3  9  9
  9  3 12 10  8 12  5  8 11 11 10 11  9  8  0  6 14 11 10 11  8  9 16 10  3
 14  3  3  8  7  2  4  6  8  7  3  7  9  6  5  7  3  7  8  9 10  3  0 11  8
 10  9  3]
 Dunn Index 37 : 0.153147503351
---------------------------------------------------------------------------------------------------------
chromosome 38 : [ 0.33347056  0.11773984  0.01064637 ...,  0.          0.          0.        ]
 Objectives (Sil) : 0.166790452511
 Objectives (PBM) : 19144.4887684
Cluster size 38 :10
Predicted Label for 38: [0 7 4 6 9 6 4 9 1 5 1 8 8 4 0 7 4 9 0 5 7 0 6 9 9 8 5 9 1 5 8 5 4 4 0 8 8
 2 0 4 2 0 6 1 7 1 8 8 4 1 8 1 4 5 0 4 0 5 9 5 6 5 5 7 5 5 8 5 5 4 5 8 6 4
 5 8 6 8 0 2 6 4 9 1 8 0 5 5 9 5 9 8 1 5 8 5 8 6 6 6 8 8 1 0 6 5 6 8 7 4 2
 0 5 6 9 5 0 6 1 0 5 6 4 6 2 3 0 8 1 6 0 0 0 2 6 6 6 6 9 8 8 6 9 8 6 9 1 9
 9 9 9 5 7 4 6 4 4 5 5 7 9 5 5 2 6 0 1 9 6 6 8 7 6 0 6 4 5 6 5 5 9 1 4 9 5
 0 5 8 9 9 1 2 9 1 4 7 5 8 0 2 0 1 5 5 7 6 4 2 2 6 1 5 8 0 4 5 1 8 1 2 1 2
 5 1 0 7 5 9 9 6 9 9 2 8 4 5 2 2 1 9 8 8 6 9 4 7 0 4 0 8 5 6 6 9 1 9 2 6 4
 5 5 2 6 2 2 0 7 1 8 9 0 5 1 7 7 0 9 9 4 4 8 6 0 8 0 2 4 9 0 5 5 0 6 0 9 8
 7 0 5 5 8 6 5 4 8 5 0 9 4 2 8 5 9 5 6 1 4 4 4 0 5 7 5 6 1 1 0 5 6 7 0 8 9
 0 8 5 2 6 2 8 5 2 1 8 8 8 5 4 6 6 6 5 1 7 8 1 2 8 4 0 7 4 6 9 1 8 9 0 5 0
 8 6 4 5 5 9 5 5 8 5 9 2 8 8 8 4 5 6 8 2 5 5 5 5 6 5 5 1 0 6 5 6 4]
 Dunn Index 38 : 0.113723955771
---------------------------------------------------------------------------------------------------------
chromosome 39 : [  3.88888889e-01   1.11111111e-01  -1.73472348e-18 ...,   0.00000000e+00
   0.00000000e+00   0.00000000e+00]
 Objectives (Sil) : 0.154247418751
 Objectives (PBM) : 4349.56727864
Cluster size 39 :16
Predicted Label for 39: [ 0  3  7  2  2  1  7  2  5 15 10 14 14  8  8 14  9  2 15  1 14  8  1 13  2
 14  1  2 12 15 14  7  7  9 15 14  2  4  8  8 12 15  2  5  3  5 14 14  9  5
 14  6  9 15  5  8 15 15 13  1  2  1  1  3 15  1 14 15  1  9  7 14  2  7  8
 15  2 14  5  3  1  8 13  0 14  5 15  1 13 15 13 14  5  7 15  7 14  1  1  2
 14 14  9  8  1  7  2 14  3  8  4  0 15  1 13 15  8  1 11 15  7  2  9  1  0
 13 15 14  5  2  8  8 15  3  2  1  1  1 13 14 14  2 14  2  1  2  6 13  2  2
  2 15 14  7  1  9  9  1  1  3  2  1  7  4  2  0 11  2  2  2 14  3  2 15  2
  8 15  1  7 15 13  5  7  2  1 15 15 14  2 13  0 12 13  6  9 14 15 15 15  4
 15 11 15  1 14  1  8  4  0  1 10  7 14  0  5  7  9 14  5 12  0 12  7  5 15
  8  1  2  2  2 13 13  0 14  7  7  0  0 12  2 14 14  1 13  7 14 15  5  8 14
 15  1  1 13  6 13  3  1  8  7  1  3  1  4  4  0 14 10 14  2  8 15 10  3  3
  5 13  2  9  7 14  1  5  2  0  3  7  2  0 15 15 15  1  3 13 14  3 15  1  1
 15  1  1  5 15 15 15  2  7  0 15  8 13  1  2  6  7  7  7 15 15  3 15  1 10
  5  5  1  2  3 15 14 13  5 14 15 12  1  0 14  1  4 11 14  2 14  7  7  2  1
  1  7  6 14 14 11  4 14  5  0 15  8  1  2  5 14  2  8  1  5 14  2  9 15  7
  2  1  7 14 15  2  6 14 14 15  7 15  1 14 12 15  7 15 15  1  1  7  5  8  2
  1  1  8]
 Dunn Index 39 : 0.0859059280193
---------------------------------------------------------------------------------------------------------
chromosome 40 : [ 0.58064516  0.19354839  0.03225806 ...,  0.          0.          0.        ]
 Objectives (Sil) : 0.17912037548
 Objectives (PBM) : 16782.9067172
Cluster size 40 :12
Predicted Label for 40: [ 3  2  8  4  4  4  1  7 11  0 10  3  3  1  0  3  8  7  0  1  3  0  4  7  7
  3  1  7 10  1  3  1  8  8  0  3  7  2  0  0 10  0  4  5  2  5  3  3  8 10
  3  6  8  1  0  1  3  1  7  1  4  1  1  0  1  1  3  1  1  8  1  3  4  1  0
  3  4  3  0  2  4  0  7 11  3  0  1  4  7  1  7  3 11  1  3  1  3  4  4  4
  7  3  8  0  1  1  4  7  3  0  2 11  1  4  7  3  0  4  5  0  1  4  8  4  2
  9  0  3 10  4  0  0  0  2  4  4  4  4  7  3  3  4  7  4  4  7 11  7  7  4
  4  0  3  1  4  8  8  1  1  3  4  1  1  2  4 11  5  7  4  4  4  2  4  0  4
  1  1  4  1  1  7 11  8  7  1  0  1  3  7  7 11  2  7  6  8  3  1  3  0  2
  0 11  1  1  3  4  0  2  2  4 10  1  3 11  8  1  5  3  5 10 11  2  1  5  0
  0  1  7  7  4  7  7 11  3  1  1 11 11 10  7  3  3  4  7  8  3  0  8  0  4
  1  4  4  7  6  7  2  4 10  1  1  2  4  2  2  0  3 10  3  7  0  1  6  3  2
 11  7  4  8  1  3  4  0  4 11  2  1  7  0  3  0  0  4  0  7  3  3  0  1  1
  3  4  1  8  3  1  0  7  1 11  3  1  7  1  4  6  8  1  1  0  1  2  1  4 10
 11 11  1  4  0  0  3  7  0  3  1  2  4 11  3  1  2  5  3  4  3  1  1  4  4
  4  1  6  3  3  5  2  3  8  0  3  0  4  4 10  3  7  0  1  0  3  4  8  1  1
  7  1  1  3  1  7 11  3  3  3  1  1  4  3  2  1  1  1  3  4  1  1 10  0  4
  1  4  1]
 Dunn Index 40 : 0.0927635298152
---------------------------------------------------------------------------------------------------------
chromosome 41 : [ 0.58661888  0.18936679  0.05316607 ...,  0.          0.          0.        ]
 Objectives (Sil) : 0.180735771158
 Objectives (PBM) : 7790.27667653
Cluster size 41 :8
Predicted Label for 41: [3 7 0 2 2 2 5 2 6 5 6 4 4 5 3 4 0 1 3 5 4 3 2 1 1 4 5 1 6 5 4 5 0 0 3 4 2
 7 3 3 7 3 2 6 7 6 4 4 0 6 4 6 0 5 3 5 4 5 1 5 2 5 5 3 5 5 4 5 5 0 5 4 2 5
 5 4 2 4 3 7 2 3 1 6 4 3 5 2 1 5 1 4 6 5 4 5 4 2 2 2 1 4 0 3 2 5 2 1 4 3 7
 3 5 2 1 4 3 2 6 3 5 2 0 2 7 1 3 4 6 2 3 3 3 7 2 2 2 2 1 4 4 2 1 2 2 1 6 1
 1 2 2 5 4 5 2 0 0 5 5 4 2 5 5 7 2 3 6 1 2 2 4 7 2 3 2 5 5 2 5 5 1 6 0 1 5
 3 5 4 1 1 6 7 1 6 0 4 5 4 3 7 3 6 5 5 4 2 3 7 7 2 6 5 4 3 0 5 0 4 0 7 6 7
 5 6 3 5 2 1 2 2 1 1 6 4 5 5 3 7 6 1 4 4 2 1 0 4 3 0 3 4 5 2 2 1 6 1 7 2 0
 5 5 7 2 7 7 3 4 6 4 1 3 5 6 4 7 3 1 2 0 5 4 2 3 2 3 7 5 1 3 4 5 3 2 3 1 4
 4 3 5 2 4 2 5 0 4 5 3 1 5 6 4 5 1 5 2 6 0 5 5 3 5 7 5 2 6 6 3 5 2 3 3 4 1
 3 4 5 7 2 6 4 5 7 6 4 2 4 5 5 2 2 2 5 6 4 4 6 7 4 0 3 4 5 2 2 6 4 1 3 5 3
 4 2 0 5 5 1 5 5 4 5 1 6 4 4 4 5 5 2 4 7 5 5 5 4 2 2 5 6 3 2 5 2 5]
 Dunn Index 41 : 0.0868692453993
---------------------------------------------------------------------------------------------------------
chromosome 42 : [  5.17241379e-01   3.44827586e-02  -1.73472348e-18 ...,   0.00000000e+00
   0.00000000e+00   0.00000000e+00]
 Objectives (Sil) : 0.170996254345
 Objectives (PBM) : 12860.3072571
Cluster size 42 :13
Predicted Label for 42: [ 4  0  5  2  7  2  5  7  3  4  1  7  7  5  4  6  1  8  4  5  6  4  2  7  8
  6  5  7  1  5  6  5  5  1  4  7  7  0  4  4  1  4  2  3  0  3  6  6  1  3
  6 11  1  6  4  5  6  6  8  2  2  2  6  6  5  5  6  5  5  1  5  6  2  5  4
  6  2  6  4  0  2  4  8  3  7  4  6  2  7  5  7  7  3  5  6  5  6  2  2  2
  7  6  1  4  2  5  2  7  0  4 10  3  5  2  8  6  4  2 12  4  5  2  1  2  0
  9  4  6  1  8  4  4  4  0  2  2  2  2  8  6  6  2  7  7  2  7  3  8  8  8
  8  5  6  5  2  1  1  5  5  6  7  6  5 10  2  3 12  8  2  2  7  0  2  4  2
  5  6  2  5  6  8  3  5  8  5  4  5  6  8  7  3  0  8 11  1  6  6  6  4  0
  4  3  6  6  6  2  4  0  3  2  1  5  7  3  1  5  1  6  1  0  3  0  5  1  4
  6  2  7  7  2  8  8  3  7  5  5  3  3  1  8  6  6  2  8  5  7  4  1  4  7
  5  2  2  8 11  8  0  2  1  5  5  0  2  0  0  4  6  1  6  8  4  5 11  6  0
  3  8  8  1  5  7  2  4  7  3  0  5  8  4  6  4  4  2  4  8  7  6  4  5  2
  6  2  5  1  6  6  4  8  5  3  6  5  8  6  2 11  5  5  5  4  6  0  5  2  1
  3  4  5  2  6  4  7  8  4  7  6 10  2  3  7  5  0 12  7  7  7  5  5  2  2
  2  5 11  6  6 12 10  7  1  4  6  5  2  7  1  7  7  4  5  4  6  2  1  6  5
  8  2  5  6  5  8  3  7  7  6  5  5  2  6 10  5  5  6  6  2  2  5  3  4  2
  6  2  5]
 Dunn Index 42 : 0.129080738876
---------------------------------------------------------------------------------------------------------
chromosome 43 : [ 0.5737906   0.10416667  0.04166667 ...,  0.          0.          0.        ]
 Objectives (Sil) : 0.181458341525
 Objectives (PBM) : 23191.0936196
Cluster size 43 :9
Predicted Label for 43: [3 4 7 2 1 2 0 1 6 0 6 5 5 0 3 5 7 1 3 0 5 3 2 1 1 5 0 1 7 0 5 0 7 7 3 5 1
 4 3 7 4 3 2 6 4 6 5 5 7 6 5 6 7 0 3 0 5 0 1 0 2 2 0 3 0 0 5 0 0 7 0 5 2 0
 0 5 2 5 3 4 2 3 1 6 5 3 0 2 1 0 1 5 6 0 5 0 5 2 2 2 1 5 7 3 2 0 2 1 5 3 4
 3 0 2 1 5 3 2 6 0 0 2 7 2 4 8 3 5 6 1 3 3 3 4 2 2 2 2 1 5 5 2 1 2 2 1 6 1
 1 1 1 0 5 0 2 7 7 0 0 5 1 0 0 4 2 3 6 1 2 2 5 4 2 3 2 0 0 2 0 0 1 6 7 1 0
 0 0 5 1 1 6 4 1 6 7 5 0 5 3 4 3 6 0 0 5 2 0 4 4 2 7 0 5 3 7 0 7 5 7 4 6 4
 0 6 3 0 2 1 1 1 1 1 4 5 0 0 3 4 7 1 5 5 2 1 7 5 3 7 3 5 0 2 2 1 6 1 4 2 7
 0 0 4 2 4 4 3 5 6 5 1 3 0 6 5 4 3 1 1 7 0 5 2 3 1 3 4 0 1 3 5 0 3 2 3 1 5
 5 3 0 2 5 2 0 7 5 0 3 1 0 4 5 0 1 0 2 6 0 0 0 3 0 4 0 2 7 6 3 0 2 3 3 5 1
 3 5 0 4 2 6 5 0 4 6 5 1 5 0 0 2 2 2 0 6 5 5 6 4 5 7 3 5 0 2 1 7 5 1 3 0 3
 5 2 7 0 0 1 0 0 5 0 1 6 5 5 5 0 0 2 5 4 0 0 0 5 2 2 0 6 3 2 0 2 0]
 Dunn Index 43 : 0.119441635738
---------------------------------------------------------------------------------------------------------
chromosome 44 : [  2.28567170e-01   0.00000000e+00  -3.46944695e-18 ...,   0.00000000e+00
   0.00000000e+00   0.00000000e+00]
 Objectives (Sil) : 0.17639923385
 Objectives (PBM) : 7072.79621402
Cluster size 44 :8
Predicted Label for 44: [4 2 1 6 7 6 1 7 3 4 3 0 0 1 4 0 1 7 4 6 4 2 6 7 7 0 6 7 2 4 0 1 1 1 4 0 7
 5 4 1 2 4 6 3 2 3 0 4 1 3 0 3 1 4 4 1 4 4 7 6 6 6 6 4 4 6 0 1 6 3 1 0 6 1
 1 0 6 0 1 2 6 2 7 3 0 4 6 6 7 4 7 0 3 6 4 1 0 6 6 6 7 0 3 4 6 1 6 7 0 1 5
 5 4 0 7 4 1 6 3 4 1 6 1 6 5 7 4 0 3 7 4 1 4 2 6 6 6 6 7 0 0 6 0 0 6 7 3 7
 7 7 7 4 0 1 6 1 3 6 6 0 7 6 1 5 7 5 3 7 6 6 0 2 6 4 6 1 4 6 1 4 7 3 1 7 6
 4 4 0 7 7 3 2 7 3 1 0 6 4 4 5 4 3 4 6 0 6 1 5 5 6 3 6 0 5 1 6 3 0 3 2 3 2
 1 3 4 4 6 7 7 7 7 7 5 0 1 1 5 5 2 7 0 0 6 7 1 0 4 3 2 0 4 6 6 7 3 7 2 6 2
 1 6 2 6 5 5 4 0 3 0 7 1 6 3 0 5 3 7 7 1 1 0 6 2 0 5 2 1 7 1 4 4 4 6 5 7 0
 0 4 6 6 4 6 6 1 4 4 4 7 1 5 4 1 7 4 6 3 1 1 1 4 4 5 4 6 3 3 4 6 6 4 4 0 7
 1 0 4 5 6 5 0 6 5 3 0 0 0 1 1 6 6 6 1 3 4 0 3 5 0 1 4 4 1 6 7 2 0 7 1 6 2
 0 6 1 4 1 7 6 1 0 4 7 5 0 0 4 1 4 6 0 5 1 1 4 6 6 6 1 3 4 6 6 6 1]
 Dunn Index 44 : 0.0750626521212
---------------------------------------------------------------------------------------------------------
chromosome 45 : [  9.46694599e-317   9.46693413e-317   9.46692227e-317 ...,
   0.00000000e+000   0.00000000e+000   0.00000000e+000]
 Objectives (Sil) : 0.169354336259
 Objectives (PBM) : 2442.29257501
Cluster size 45 :20
Predicted Label for 45: [14 13  7 18  0 18  7  0 12 19 16 14 14  7 19 17 15  0 19  7 14 17 18  0  0
 14 18  0 16  7 14  7  7 15 19 14  0 13 19 17 10 19 18  5 13 11 14 14 15 16
 14  6 15 14 19 17 14  7  0 18 18 18 18 17  7  7 14  7 18 15  7 14 18  7 17
 14 18 14 19 13 18 17  0 12 14 19 18 18  0  7  0 14 12  7 14  7 14 18 18 18
  0 14 15 17 18  7 18 14 13 17  3 12  7 18  0 14 19 18  5 19  7 18 15 18 13
  0 19 14 16  0 17 12 19 13 18 18 18 18  0 14 14 18  0 14 18  0  9  0  0  0
  0 19 14  7 18 15 15  7 17 17  0 18  7  3 18 12  1  0 18 18 14 13 18 19 18
 17  7 18  7  7  0 11  7  0 18 19  7 14  0  0 12 10  0  4 15 14 18 14 19 13
 19  9  7 17 14 18 17 13 12 18 16  7 14 12 15  7 15 14 15 10 12 10  7  5 19
 17 18  0  0  0  0  0 12 14  7  7 12 12 16  0 14 14 18  0  7 14 19 16 17 14
  7 18 18  0  2  0 10 18 16  7 17 13 18 13 13 12 17 16 14  0 19  7 11 17 13
 12  0  0 15  7 14 18 19 14 12 13  7  0 12 14 17 19 18 13  0 14 17 19 18 18
 14 18  7  5 14 17 19  0  7 12 14 17  0 17 18  9  7  7  7 19 18 13  7 18 16
 12 19 18 18 17 19 14  0 19 14 14 10 18 12 14  7 13  1 14 14 14  7  7 18 18
 18  7  8 14 14  5  3 14 19 12 14 17 18  0 16 14  0 17 18 12 14 18 15 17  7
  0 18  7 14  7  0  6 14 14 14  7  7 18 14 10  7  7  7 14 18 18  7 16 17 18
 18 18 17]
 Dunn Index 45 : 0.0761544673657
---------------------------------------------------------------------------------------------------------
chromosome 46 : [ 0.625       0.16666667  0.04166667 ...,  0.          0.          0.        ]
 Objectives (Sil) : 0.176593226585
 Objectives (PBM) : 20919.6124657
Cluster size 46 :12
Predicted Label for 46: [11 10  1  7  8  7  1  8  0 11  4  6  6  1  0 11  4  8 11  1 11  1  7  8  8
  6  7  8  4  1  6  1  1  4 11  6  6 10  0  1  3 11  7  0 10  0  6 11  4  4
 11  9  1 11  0  1 11 11  8  7  7  7  7 11 11  1  6  1  7  4  1  6  7  1  1
 11  7  6  0 10  7  1  8  0  6  0 11  7  8  1  8  6  0  1 11  1  6  7  7  7
  6  6  4 11  7  1  7  6 10  1  2  0  1  7  8 11  0  7  9  1  1  7  4  7 10
  5 11  6  4  8 11  0 11 10  7  7  7  7  8  6  6  7  8  6  7  8  9  8  8  8
  8  1 11  1  7  4  4  7  1 11  8  7  1  3  8  0  9  8  7  7  6 10  7 11  7
  1 11  7  1 11  8  0  1  8  7  1  1 11  8  8  0  3  8  9  4  6 11 11 11 10
 11  9 11  7 11  7  1  3  3  7  4  1  6  0  4  1  4  6  4  3  0  3  1  4 11
 11  7  8  8  8  8  8  3  6  1  1  0  0  4  8  6  6  7  8  1  6 11  4  0  6
  1  7  7  8  9  8 10  7  4  1  7 10  7  3 10  0 11  4  6  8  1  1  9  6 10
  0  8  8  4  1  6  7  0  6  0 10  1  8  0 11 11  1  7 10  8  6 10 11  7  7
 11  7  7  4 11 11 11  8  1  0 11  1  8 11  6  9  1  1  1 11 11 10  1  7  4
  0  0  7  7 11 11  6  8  1  6 11  3  7  3  6  1 10  9  6  6  6  1  1  7  7
  7  1  9 11  6  9  3  6  4  0 11  1  7  8  4  6  8  1  7  0  6  7  4 11  1
  8  7  1  6  1  8  3  6  6 11  1  1  7  6  3  1  1 11 11  7  7  1  0 11  6
  7  7  1]
 Dunn Index 46 : 0.142487276689
---------------------------------------------------------------------------------------------------------
chromosome 47 : [  9.46694599e-317   0.00000000e+000  -2.60208521e-018 ...,
   0.00000000e+000   0.00000000e+000   0.00000000e+000]
 Objectives (Sil) : 0.366574124723
 Objectives (PBM) : 15192.8739509
Cluster size 47 :2
Predicted Label for 47: [0 1 1 0 0 0 1 0 1 0 1 0 0 1 1 0 1 0 1 0 0 1 0 0 0 0 0 0 1 0 0 0 1 1 1 0 0
 1 1 1 1 0 0 1 0 1 0 0 1 1 0 1 1 0 1 1 0 0 0 0 0 0 0 0 0 0 0 0 0 1 0 0 0 0
 1 0 0 0 1 1 0 1 0 1 0 1 0 0 0 0 0 0 1 0 0 0 0 0 0 0 0 0 1 1 0 0 0 0 0 1 1
 1 0 0 0 0 1 0 1 0 0 0 1 0 1 0 0 0 1 0 1 1 0 1 0 0 0 0 0 0 0 0 0 0 0 0 1 0
 0 0 0 0 0 0 0 1 1 0 0 0 0 0 0 1 0 1 1 0 0 0 0 0 0 0 0 1 0 0 0 0 0 1 1 0 0
 0 0 0 0 0 1 1 0 1 1 0 0 0 1 1 0 1 0 0 0 0 1 1 1 0 1 0 0 1 1 0 1 0 1 1 1 1
 0 1 0 0 0 0 0 0 0 0 1 0 0 0 1 1 1 0 0 0 0 0 1 0 0 1 1 0 0 0 0 0 1 0 1 0 1
 0 0 1 0 1 1 1 0 1 0 0 1 0 1 0 0 1 0 0 1 0 0 0 1 0 1 1 1 0 1 0 0 1 0 1 0 0
 0 0 0 0 0 0 0 1 0 0 0 0 0 1 0 0 0 0 0 1 1 0 0 1 0 1 0 0 1 1 1 0 0 0 0 0 0
 1 0 0 1 0 1 0 0 1 1 0 0 0 0 0 0 0 0 0 1 0 0 1 1 0 1 1 0 1 0 0 1 0 0 1 0 1
 0 0 1 0 0 0 0 0 0 0 0 1 0 0 0 0 0 0 0 1 0 0 0 0 0 0 0 1 1 0 0 0 1]
 Dunn Index 47 : 0.0716594361789
---------------------------------------------------------------------------------------------------------
chromosome 48 : [  9.46694599e-317   0.00000000e+000  -2.60208521e-018 ...,
   0.00000000e+000   0.00000000e+000   0.00000000e+000]
 Objectives (Sil) : 0.352740756904
 Objectives (PBM) : 6415.92500643
Cluster size 48 :2
Predicted Label for 48: [1 1 1 0 0 0 1 0 1 0 1 0 0 1 1 0 1 0 1 0 0 1 0 0 0 0 0 0 1 0 0 0 1 1 1 0 0
 1 1 1 1 0 0 1 1 1 0 0 1 1 0 1 1 0 1 1 0 0 0 0 0 0 0 0 0 0 0 0 0 1 1 0 0 0
 1 0 0 0 1 1 0 1 0 1 0 1 0 0 0 0 0 0 1 0 0 0 0 0 0 0 0 0 1 1 0 0 0 0 0 1 1
 1 0 0 0 0 1 0 1 1 0 0 1 0 1 0 1 0 1 0 1 1 0 1 0 0 0 0 0 0 0 0 0 0 0 0 1 0
 0 0 0 1 0 0 0 1 1 0 0 0 0 0 0 1 0 1 1 0 0 0 0 1 0 1 0 1 0 0 0 0 0 1 1 0 0
 1 0 0 0 0 1 1 0 1 1 0 0 0 1 1 1 1 0 0 0 0 1 1 1 0 1 0 0 1 1 0 1 0 1 1 1 1
 0 1 0 0 0 0 0 0 0 0 1 0 0 0 1 1 1 0 0 0 0 0 1 0 0 1 1 0 0 0 0 0 1 0 1 0 1
 0 0 1 0 1 1 1 0 1 0 0 1 0 1 0 1 1 0 0 1 0 0 0 1 0 1 1 1 0 1 0 0 1 0 1 0 0
 0 1 0 0 0 0 0 1 0 0 1 0 1 1 0 0 0 0 0 1 1 1 0 1 0 1 0 0 1 1 1 0 0 0 1 0 0
 1 0 0 1 0 1 0 0 1 1 0 0 0 0 0 0 0 0 0 1 0 0 1 1 0 1 1 0 1 0 0 1 0 0 1 0 1
 0 0 1 0 0 0 0 0 0 0 0 1 0 0 0 0 0 0 0 1 0 0 0 0 0 0 0 1 1 0 0 0 1]
 Dunn Index 48 : 0.0716594361789
---------------------------------------------------------------------------------------------------------
chromosome 49 : [ 0.2999624   0.1856855   0.04480057 ...,  0.          0.          0.        ]
 Objectives (Sil) : 0.175019924831
 Objectives (PBM) : 13326.1343267
Cluster size 49 :12
Predicted Label for 49: [10  9  5  2  0  2  5  0  6 10  7  0  0  5 10  2  8  0 10  5 10 10  2  0  0
  2  5  0  7  5  2  5  5  8 10  0  0  9 10  5  7 10  2  4  9 11  2  2  8  7
  2  1  8  2 10  5 10 10  0  2  2  2  2 10  5  5  2  5  5  8  5  2  2  5 10
  2  0  2 10  9  2  7  0  6  2 10  2  2  0  5  0  2  6  5 10  5  2  2  2  2
  0  2  8 10  2  5  2  0  9 10  9  6  5  2  0  2 10  2  4 10  5  0  8  2  9
  3 10  2  7  0 10 10 10  9  0  2  2  2  0  2  2  2  0  2  2  0  6  0  0  0
  0  5  2  5  2  8  8  5  5  2  0  2  5  9  0  6  4  0  2  2  0  9  0 10  2
  5  2  2  5  2  0 11  5  0  2 10  5  2  0  0  6  9  0  1  8  2  2 10 10  9
 10  6  2  2  2  2 10  9  6  2  7  5  0  6  8  5  8  2  8  7  6  9  5  4 10
 10  2  0  0  0  0  0  6  2  5  5  6  6  7  0  2  2  2  0  5  2 10  8 10  0
  5  2  2  0  1  0  9  2  7  5  2  9  2  9  9 10  2  7  2  0 10  5 11  2  9
  6  0  0  8  5  0  2 10  0  6  9  5  0 10  2 10 10  2 10  0  2  2 10  5  2
 10  2  5  8  2  2 10  0  5  6  2  5  0  2  2  1  5  5  5 10  2  9  5  2  7
  6 10  5  2 10 10  0  0 10  2  2  9  2  6  2  5  9  4  0  0  0  5  5  2  2
  5  5  1 10  2  4  9  2  8 10 10  5  2  0  7  2  0 10  2 10  2  2  8  2  5
  0  2  5  2  5  0  6  2  2  2  5  5  2  2  9  5  5 10  2  2  2  5 11 10  2
  2  2  5]
 Dunn Index 49 : 0.0969762275753
---------------------------------------------------------------------------------------------------------

-------------------------------------------------------------------------------------------------------------

-------------------------------------------------------------------------------------------------------------

 Maximum dunn_index for 25th chromosome : 0.165799959457

 Maximum silhouette score : 0.366574124723

 Maximum pbm index : 53322.9542468
Final label corresponding to max Dunn for 25 chromosome : [18 15  3  0  0  1  3  0  2  8  5 14 14  3 11  8  7  0 18  3  8 11  1 14 16
  8  3 14  5  3  8  3 11  7 11 14 14 12 18 11  5 11  1  2 15  2  8  8  7  2
  8  6  7  8 11  3  8  8 16  1  0  1  1 15  8  3  8  3  3  7  3 14  1  3 11
  8  0  8 11 13  1 11 16  2 14 18  8  1 14  3 14 14  2  3  8  3  8  1  1  1
 14  8  7 11  1  3  0 14 15 11  9 10  3  1 16  8 11  1  2 11  3  0  7  1 10
 17 11 14  2  0 11 11  8 13  0  1  1  1 16  8 14  1 14 14  1 14  6 16  0  0
  0 11  8  3  1  7  7  3  3 15  0  1  3  4  0 18  6  0  1  0 14 15  0 18  1
  3  8  1  3  8 16  2  7  0  3 11  3  8  0 16  2 13 16  6  7  8  8  8 11 12
 11  6  8  3  8  1 11 10 10  1  5  3 14 10  7  3  7  8  7 13  2 13  3  2  8
  8  1 14  0  0 16 16 10 14  3  3 10 10  5  0 14  8  1 16  7 15 18  7 11 14
  3  1  1 16  6 16 13  1  5  3  1 13  1 12 12 18 15  5  8  0 11  3  6 15 15
  2 16  0  7  3 14  1 11 14 10 13  3  0 11  8 11 11  1 18 16 14 15 11  3  1
  8  1  3 11  8  8 11  0  3 10  8  3 16  3  1  6  3  3  3 18  8 12  3  1  5
  2 18  3  0 15 18 14 16 11 14  8  4  1 10 14  3 12  6 14 14 14  3  3  0  1
  1  3  6  8  8  2  4 14 11 18  8 11  1 14 11 14 14 11  1 11  8  1  7  8  3
  0  1  3  8  3  0  4 14 14  8  3  3  1  8  4  3  3  8  8  1  1  3  2 18  1
  1  1  3]

 No of clusters detected automatically : 19
 For chromosome : 25