Generation no  :  0
Clusters : [42, 15, 21, 33, 37, 14, 7, 39, 31, 51, 4, 18, 29, 27, 9, 12, 2, 3, 14, 25, 33, 25, 49, 23, 41]
Predicted labels : [array([21, 24, 39, ..., 24, 24, 24], dtype=int32), array([ 1,  8, 12, ...,  8,  8,  8], dtype=int32), array([ 1, 20, 19, ..., 20, 20, 20], dtype=int32), array([20, 24,  1, ..., 24, 24, 24], dtype=int32), array([35, 26, 34, ..., 26, 29, 26], dtype=int32), array([4, 8, 8, ..., 8, 8, 8], dtype=int32), array([1, 4, 4, ..., 4, 4, 4], dtype=int32), array([25, 19,  8, ..., 19, 19, 19], dtype=int32), array([ 4, 11, 30, ..., 11, 11, 11], dtype=int32), array([18, 15, 12, ..., 15, 13, 15], dtype=int32), array([0, 0, 0, ..., 0, 0, 0], dtype=int32), array([16,  0,  0, ...,  0,  0,  0], dtype=int32), array([7, 2, 0, ..., 2, 2, 2], dtype=int32), array([ 8, 13,  3, ..., 13, 13, 13], dtype=int32), array([0, 4, 4, ..., 4, 4, 4], dtype=int32), array([8, 6, 6, ..., 6, 6, 6], dtype=int32), array([0, 0, 0, ..., 0, 0, 0], dtype=int32), array([1, 1, 1, ..., 1, 1, 1], dtype=int32), array([10, 12,  1, ..., 12, 12, 12], dtype=int32), array([12, 15, 18, ..., 15, 15, 15], dtype=int32), array([26, 28, 20, ..., 28, 28, 28], dtype=int32), array([8, 9, 7, ..., 9, 9, 9], dtype=int32), array([13, 32, 44, ..., 44, 32, 44], dtype=int32), array([ 7, 18, 10, ..., 18, 18, 18], dtype=int32), array([25, 35, 13, ..., 35, 35, 35], dtype=int32)]
PBM index : [851.4423965972302, 5961.676573030329, 3490.225248594556, 1358.1072291881712, 1020.7447179081317, 6683.486907470621, 36071.099272118394, 955.6004196783024, 1601.2569402957224, 570.8137000306766, 74932.27731391949, 4195.592599001939, 1545.7314546314672, 2079.7409271914644, 13080.062321396385, 9107.17624623189, 286720.05798271846, 132657.60085649393, 5930.604355796491, 2218.214834653226, 1333.1054846889094, 2293.024323489695, 636.5532924346877, 2697.6159453639366, 835.8153810607763]
Sil score : [0.007841283093778592, 0.07714442895285742, 0.0671712339014417, -0.015632547490300585, 0.0072501532641991665, 0.17074987498336808, 0.2692324856948484, 0.023197138128568044, 0.013028401376988788, -0.019857448273703487, 0.6510402061716879, 0.28648911584343384, 0.048429322581767686, 0.05625652989440202, 0.16461571938722352, 0.23434852399245973, 0.9761175408872461, 0.6580990870050644, 0.021080229833270615, 0.01782364866145056, 0.026363214278050915, 0.04807086803301615, -0.05612464436946111, 0.024699876250173444, -0.15572516009453094]
Generation no  :  1
Clusters : [42, 15, 21, 33, 37, 14, 6, 40, 32, 51, 4, 17, 29, 27, 10, 12, 2, 3, 15, 25, 33, 26, 48, 23, 41]
Predicted labels : [array([41, 24, 39, ..., 24, 24, 24], dtype=int32), array([ 1,  0, 12, ...,  0,  0,  0], dtype=int32), array([ 4, 19,  2, ..., 19, 19, 19], dtype=int32), array([ 7, 24, 10, ..., 24, 24, 24], dtype=int32), array([21, 29, 34, ..., 29, 29, 29], dtype=int32), array([2, 8, 8, ..., 8, 8, 8], dtype=int32), array([2, 1, 1, ..., 1, 1, 1], dtype=int32), array([34, 19,  4, ..., 19, 19, 19], dtype=int32), array([ 1, 18,  6, ..., 18, 18, 18], dtype=int32), array([12, 15,  7, ..., 15, 15,  7], dtype=int32), array([2, 2, 2, ..., 2, 2, 2], dtype=int32), array([16,  0,  0, ...,  0,  0,  0], dtype=int32), array([ 2,  7, 23, ...,  7,  7,  7], dtype=int32), array([25, 13, 18, ..., 13, 11, 13], dtype=int32), array([2, 0, 0, ..., 0, 0, 0], dtype=int32), array([9, 6, 6, ..., 6, 6, 6], dtype=int32), array([0, 0, 0, ..., 0, 0, 0], dtype=int32), array([0, 0, 0, ..., 0, 0, 0], dtype=int32), array([10,  1,  1, ...,  1,  1,  1], dtype=int32), array([18, 15, 17, ..., 15, 15, 15], dtype=int32), array([26, 28, 20, ..., 28, 28, 28], dtype=int32), array([ 7, 25, 25, ..., 25, 25, 25], dtype=int32), array([41, 21, 13, ..., 11, 21, 11], dtype=int32), array([15,  7, 10, ...,  7,  7,  7], dtype=int32), array([25, 23, 15, ..., 23, 23, 23], dtype=int32)]
PBM index : [839.285903803292, 6013.772212157775, 3109.8547933313516, 1351.627608019297, 1073.8649172677888, 6732.4404635008705, 25762.4593575197, 958.013422181729, 1563.3445762639085, 569.3684603270013, 74778.01611955406, 4276.030554729697, 1716.7748037460638, 1932.6941650383899, 16057.149987426714, 9047.298648703842, 286720.05798271846, 127902.45641288561, 6829.497300693986, 2202.677737582619, 1339.4952600194515, 2271.642742381406, 632.3025402961655, 2585.1226122242856, 871.7014028334189]
Sil score : [0.03132578504131205, 0.05384795775594741, 0.014933141168560659, -0.014272339704712986, 0.03208430695592426, 0.15569869223651533, 0.5187155003956524, -0.13475907057755676, 0.03535886418823736, -0.03785021453694233, 0.6544203777951718, 0.13337785170234154, 0.06248023103264833, 0.04311848687860773, 0.1689768951129869, 0.26127726460489187, 0.9761175408872461, 0.7033357210457134, -0.07909421995218886, 0.04736649328446622, 0.025434377442961387, 0.22109477230498276, -0.07844960542226279, -0.02791164098367949, 0.021493420245621463]
Generation no  :  2
Clusters : [41, 16, 22, 32, 36, 13, 6, 39, 32, 50, 3, 18, 29, 26, 10, 12, 3, 4, 16, 25, 32, 26, 48, 24, 41]
Predicted labels : [array([29, 39, 21, ..., 39, 39, 39], dtype=int32), array([ 1,  8, 12, ...,  8,  8,  8], dtype=int32), array([ 2, 18,  3, ..., 18, 18, 18], dtype=int32), array([24,  1,  3, ...,  1,  1,  1], dtype=int32), array([29, 10,  2, ...,  2, 19, 10], dtype=int32), array([4, 8, 8, ..., 8, 8, 8], dtype=int32), array([1, 1, 1, ..., 1, 1, 1], dtype=int32), array([34,  4, 14, ...,  4,  4,  4], dtype=int32), array([16, 26, 13, ..., 26, 26, 26], dtype=int32), array([18, 15, 25, ...,  7,  9, 15], dtype=int32), array([2, 2, 2, ..., 2, 2, 2], dtype=int32), array([16,  0,  0, ...,  0,  0,  0], dtype=int32), array([18, 15,  7, ...,  7, 15,  7], dtype=int32), array([25, 18, 11, ..., 18, 18, 18], dtype=int32), array([2, 9, 9, ..., 9, 9, 9], dtype=int32), array([8, 6, 6, ..., 6, 6, 6], dtype=int32), array([0, 0, 0, ..., 0, 0, 0], dtype=int32), array([3, 3, 3, ..., 3, 3, 3], dtype=int32), array([10, 15,  1, ..., 15, 15, 15], dtype=int32), array([14, 17, 15, ..., 17, 17, 17], dtype=int32), array([26, 28, 20, ..., 28, 28, 28], dtype=int32), array([ 8, 25, 25, ..., 25, 25, 25], dtype=int32), array([ 9, 21, 44, ..., 20, 21, 11], dtype=int32), array([17,  7, 10, ...,  7,  7,  7], dtype=int32), array([ 6, 39, 26, ..., 39, 19, 39], dtype=int32)]
PBM index : [842.4077608696249, 6072.126431113812, 3237.556560782939, 1303.0528344066386, 1064.663833318876, 6728.169223081992, 34652.63512555975, 911.526295360201, 1435.4441389520946, 577.9560843338595, 72765.98802237977, 4749.876184931451, 1677.8558275032358, 1924.5059769113604, 12737.395665035792, 9014.453940085612, 299254.1566562818, 133369.61372360573, 6158.714198775554, 2233.140860274689, 1334.2273414507033, 2071.9684836373503, 662.0763420000104, 2582.35731752218, 882.3579682739634]
Sil score : [0.049388173195868364, 0.052815715344840926, 0.035624745678638214, -0.015666788878810893, -0.030354377314554634, 0.15050082100547024, 0.5219661226602775, 0.021110566120083184, 0.06991628725130346, -0.03388921995190182, 0.8055668648547256, 0.15987385411391944, -0.07898511210810466, 0.040872438857318276, 0.16766149105768466, 0.2516027772102902, 0.6430164609903628, 0.642902531138635, 0.06887219578568124, -0.004502054874156204, 0.061338036044041755, 0.24881136715506783, -0.08410730700707802, -0.03529868743050277, 0.012507872585467336]
Generation no  :  3
Clusters : [41, 15, 23, 32, 37, 13, 6, 39, 33, 50, 3, 18, 29, 27, 10, 12, 3, 5, 15, 25, 32, 25, 48, 24, 40]
Predicted labels : [array([16, 24, 39, ..., 24, 24, 24], dtype=int32), array([12,  0,  0, ...,  0,  0,  0], dtype=int32), array([ 4, 18, 11, ..., 18, 18, 18], dtype=int32), array([15,  7, 12, ...,  7,  7,  7], dtype=int32), array([29, 19, 34, ..., 19, 19, 19], dtype=int32), array([10,  8,  8, ...,  8,  8,  8], dtype=int32), array([2, 4, 4, ..., 4, 4, 4], dtype=int32), array([ 8, 19,  4, ..., 19, 19, 19], dtype=int32), array([11, 18, 16, ..., 18, 18, 18], dtype=int32), array([12, 15,  7, ...,  7, 15,  7], dtype=int32), array([2, 2, 2, ..., 2, 2, 2], dtype=int32), array([16,  0,  0, ...,  0,  0,  0], dtype=int32), array([15, 12, 24, ...,  3, 12,  3], dtype=int32), array([ 9, 18, 18, ..., 18, 18, 18], dtype=int32), array([0, 9, 9, ..., 9, 9, 9], dtype=int32), array([8, 6, 6, ..., 6, 6, 6], dtype=int32), array([0, 0, 0, ..., 0, 0, 0], dtype=int32), array([2, 4, 4, ..., 4, 4, 4], dtype=int32), array([ 9, 14, 14, ..., 14,  1, 14], dtype=int32), array([18, 15, 15, ..., 15, 15, 15], dtype=int32), array([ 3, 28, 20, ..., 28, 28, 20], dtype=int32), array([ 8, 16, 16, ..., 16, 16, 16], dtype=int32), array([41, 21, 44, ..., 21, 47, 21], dtype=int32), array([10, 23, 20, ..., 23, 23, 23], dtype=int32), array([25, 35, 32, ..., 35, 35, 35], dtype=int32)]
PBM index : [883.7046724000764, 5284.756377053896, 2914.1073792398906, 1421.1806078385052, 1130.7992928319172, 7780.1097045836505, 35501.86321210353, 953.0743026405008, 1450.9812607796257, 595.2052615197244, 133298.49036112445, 4189.366752672956, 1675.3727648893637, 2073.064993534349, 12909.566967587596, 9027.67832539833, 132657.60085649393, 77309.34163907278, 5147.801743386035, 2187.7276490969903, 1436.1711254520612, 2112.175149948317, 657.7949131685563, 2466.103200008372, 873.1411298484344]
Sil score : [0.026546703090490818, 0.16446960637132707, 0.011222176034849022, -0.014632178880840955, 0.03750144804003227, 0.147905815557498, 0.5180848369192687, 0.05253488844333454, 0.02627228528034189, -0.051374238621316785, 0.6232575128117137, 0.3333082930362588, -0.0811951510948623, -0.2432398927325854, 0.34084395076164326, 0.2652788675814902, 0.6580990870050644, 0.4968484198751858, 0.197193478479617, 0.12737531254283338, -0.02570524459754184, 0.12357746464337054, 0.005267192388847885, 0.03437679508342732, 0.020882738203510512]
Generation no  :  4
Clusters : [41, 15, 23, 33, 36, 13, 6, 39, 32, 50, 4, 18, 29, 27, 10, 11, 3, 5, 15, 25, 33, 25, 49, 23, 40]
Predicted labels : [array([16, 24, 39, ..., 24, 23, 24], dtype=int32), array([ 2, 12, 12, ..., 12, 12, 12], dtype=int32), array([ 3,  5, 20, ...,  5,  5,  5], dtype=int32), array([ 9, 24,  3, ..., 24, 19, 24], dtype=int32), array([29,  4, 19, ...,  4,  4,  4], dtype=int32), array([2, 8, 8, ..., 8, 8, 8], dtype=int32), array([2, 4, 4, ..., 4, 4, 4], dtype=int32), array([34, 19, 31, ..., 19, 19, 19], dtype=int32), array([ 8, 26, 11, ...,  3, 18,  3], dtype=int32), array([18, 15,  7, ..., 15, 15, 15], dtype=int32), array([0, 0, 0, ..., 0, 0, 0], dtype=int32), array([1, 0, 0, ..., 0, 0, 0], dtype=int32), array([1, 7, 4, ..., 7, 7, 7], dtype=int32), array([ 8, 26, 25, ..., 26, 26, 26], dtype=int32), array([0, 9, 9, ..., 9, 9, 9], dtype=int32), array([8, 6, 6, ..., 6, 6, 6], dtype=int32), array([0, 0, 0, ..., 0, 0, 0], dtype=int32), array([4, 4, 4, ..., 4, 4, 4], dtype=int32), array([10, 14, 14, ..., 14, 14, 14], dtype=int32), array([ 7, 15, 18, ..., 15, 12, 15], dtype=int32), array([26, 32,  5, ..., 32, 32, 32], dtype=int32), array([8, 9, 9, ..., 9, 9, 9], dtype=int32), array([41, 21, 44, ..., 44, 21, 44], dtype=int32), array([ 7, 18, 10, ..., 18, 18, 18], dtype=int32), array([32, 35, 13, ..., 35, 35, 35], dtype=int32)]
PBM index : [889.8064490772354, 6033.966987343921, 2689.526338328191, 1388.970956284065, 1059.1031942822729, 7769.261994540492, 35345.658569809086, 954.9102075997839, 1360.6708089442204, 596.3241571119148, 134512.76416665514, 4190.0324795990855, 1753.5825029573675, 1949.9577470666768, 13158.735590067767, 8997.733190178506, 133326.86794443146, 48907.776665152196, 6134.039658652719, 2228.124194362739, 1430.317860110305, 2272.2174869155297, 660.2267888515628, 2394.6323834728696, 914.2547908692158]
Sil score : [-0.01865035819039171, 0.15903653731831144, -0.0016902579308603323, -0.014813409330347894, -0.00462127212040324, 0.20109032307750366, 0.4475033785156969, 0.027046693302857406, -0.09785680229099067, -0.02123544312829985, 0.6163024996638831, 0.21350532388283835, 0.07646561455773389, 0.0700922411351417, 0.2861727335785786, 0.3442213184658685, 0.6238573833006351, 0.5336935143104784, 0.1142586385378558, 0.012944332513212153, -0.001673341121390044, 0.11372801629796023, -0.03190002471343609, 0.010094035766371464, -0.15321497540842272]
Generation no  :  5
Clusters : [40, 15, 24, 33, 36, 12, 6, 38, 32, 49, 4, 18, 29, 26, 11, 11, 3, 4, 15, 25, 34, 24, 49, 23, 40]
Predicted labels : [array([ 8, 35, 11, ..., 26, 18,  3], dtype=int32), array([12,  0,  0, ...,  0,  0,  0], dtype=int32), array([ 7,  4, 19, ..., 19,  4, 19], dtype=int32), array([ 9, 19, 24, ..., 19, 19, 19], dtype=int32), array([29, 34,  2, ..., 34, 34, 34], dtype=int32), array([4, 8, 8, ..., 8, 8, 8], dtype=int32), array([5, 1, 1, ..., 1, 1, 1], dtype=int32), array([ 8,  6, 19, ...,  6,  6,  6], dtype=int32), array([3, 4, 4, ..., 4, 7, 4], dtype=int32), array([18, 11, 15, ..., 11, 11, 15], dtype=int32), array([3, 3, 3, ..., 3, 3, 3], dtype=int32), array([16,  7,  7, ...,  7,  7,  7], dtype=int32), array([25, 10, 13, ..., 10, 10, 10], dtype=int32), array([ 8, 18, 13, ..., 18, 18, 18], dtype=int32), array([3, 9, 9, ..., 9, 9, 9], dtype=int32), array([5, 6, 6, ..., 6, 6, 6], dtype=int32), array([2, 2, 2, ..., 2, 2, 2], dtype=int32), array([3, 3, 3, ..., 3, 3, 3], dtype=int32), array([ 9, 10, 10, ..., 10, 10, 10], dtype=int32), array([12, 15, 18, ..., 15, 15, 15], dtype=int32), array([26, 13,  4, ..., 13, 17, 13], dtype=int32), array([8, 9, 9, ..., 9, 9, 9], dtype=int32), array([41, 21, 44, ..., 11, 21, 11], dtype=int32), array([12,  7, 10, ...,  7,  7,  7], dtype=int32), array([25, 35, 26, ..., 35, 35, 35], dtype=int32)]
PBM index : [913.2248931197981, 6059.44735692267, 2683.7948776664625, 1345.136777150072, 1130.8339573329738, 7636.032855559259, 35008.89133633352, 954.6468820794822, 1430.2988178477049, 603.7725836164706, 72788.47850414227, 4245.938651361935, 1662.5577378380663, 1946.9830305671032, 13602.53592063739, 10812.710462530304, 128731.31639372608, 46725.905502373615, 6039.68678461252, 2221.7419802138224, 1354.6600149464539, 2240.9446140991213, 633.1861965235097, 2603.1073394280024, 919.292189371048]
Sil score : [-0.10146229611336582, 0.22256069048103735, -0.05126150640393132, -0.020501335946938416, 0.04003137389735259, 0.16881980896289864, 0.33898699460937776, 0.032158652610839424, 0.1664215262706177, -0.04063522733953018, 0.7565332356021948, 0.2515985180312496, -0.015726291820971884, 0.008776874700712726, 0.12219230475039226, 0.25297402485032466, 0.8530425721646082, 0.7570508925615786, 0.15115052727760797, 0.02813712933766824, 0.01791832310932541, 0.15645029170947866, -0.07772972376731806, 0.02412849638115846, -0.1597534631682604]
Generation no  :  6
Clusters : [40, 15, 24, 33, 36, 12, 6, 38, 32, 48, 3, 18, 29, 26, 10, 10, 3, 4, 14, 25, 34, 25, 49, 23, 39]
Predicted labels : [array([0, 4, 4, ..., 4, 4, 4], dtype=int32), array([14,  9, 12, ...,  9,  9,  9], dtype=int32), array([ 4, 14,  8, ..., 14, 10, 14], dtype=int32), array([13,  9, 30, ...,  9,  9,  9], dtype=int32), array([29, 19, 34, ..., 19, 19, 19], dtype=int32), array([2, 8, 8, ..., 8, 8, 8], dtype=int32), array([4, 3, 3, ..., 3, 3, 3], dtype=int32), array([ 4, 19,  8, ..., 31, 33, 19], dtype=int32), array([ 3, 12, 12, ..., 12, 12, 12], dtype=int32), array([18, 15, 25, ...,  7, 15,  7], dtype=int32), array([2, 2, 2, ..., 2, 2, 2], dtype=int32), array([10,  0,  0, ...,  0,  0,  0], dtype=int32), array([16, 18,  5, ..., 18, 18, 18], dtype=int32), array([25, 18, 18, ..., 18, 18, 18], dtype=int32), array([2, 9, 9, ..., 9, 9, 9], dtype=int32), array([9, 1, 1, ..., 1, 1, 1], dtype=int32), array([2, 2, 2, ..., 2, 2, 2], dtype=int32), array([3, 3, 3, ..., 3, 3, 3], dtype=int32), array([10, 12, 12, ..., 12, 12, 12], dtype=int32), array([12, 15, 18, ..., 15, 15, 15], dtype=int32), array([26, 33, 20, ..., 33,  4, 20], dtype=int32), array([13,  9, 24, ...,  9,  9,  9], dtype=int32), array([ 9, 44, 21, ..., 44, 47, 44], dtype=int32), array([17, 18, 20, ..., 18, 18, 18], dtype=int32), array([ 9, 15, 15, ..., 15, 15, 15], dtype=int32)]
PBM index : [955.7694455638355, 5985.6428199752945, 2513.6567830915587, 1339.6981621652876, 1132.1630662420546, 9097.375894137853, 34866.21791442438, 987.42853071491, 1413.7894883214428, 604.5870369840234, 75165.78371266543, 4265.969451992556, 1746.4225654204051, 2064.6722905807524, 10575.68298986104, 10778.014819360767, 132657.60085649393, 73009.22734745874, 6050.789567677344, 2288.512919722464, 1274.6613724870897, 2454.7935001427663, 632.4574420393479, 2691.372545039652, 944.6812489886586]
Sil score : [0.13868532239775594, 0.023238050434383956, 0.01709071427770417, 0.04210287135373809, 0.02866818272617534, 0.15211115503440423, 0.3383401323904537, -0.011354916025274728, 0.3485093733872298, -0.07425069312389414, 0.603001331004101, 0.14021263079139198, 0.0639952277566202, 0.08137450880105686, 0.1693251058277582, 0.34742440416772313, 0.6580990870050644, 0.7570508925615786, 0.11678391136752643, 0.07831889452418982, -0.038933838164279345, 0.046998686622490245, 0.021980225252317225, 0.024108699463511362, 0.1745196746290499]
Generation no  :  7
Clusters : [39, 15, 25, 33, 35, 11, 5, 37, 31, 48, 4, 17, 28, 26, 10, 10, 4, 4, 15, 25, 35, 26, 49, 22, 40]
Predicted labels : [array([31, 21, 13, ..., 21, 32, 21], dtype=int32), array([ 7,  8, 13, ...,  8,  8,  8], dtype=int32), array([ 0, 13, 13, ..., 13, 13, 13], dtype=int32), array([ 9, 24,  3, ..., 24, 24, 24], dtype=int32), array([29, 19, 34, ..., 19, 19, 19], dtype=int32), array([ 1, 10, 10, ..., 10, 10, 10], dtype=int32), array([1, 0, 0, ..., 0, 0, 0], dtype=int32), array([34, 19, 19, ..., 19, 19, 19], dtype=int32), array([16, 18, 18, ..., 18, 18, 18], dtype=int32), array([18, 15, 44, ..., 15,  9, 15], dtype=int32), array([3, 3, 3, ..., 3, 3, 3], dtype=int32), array([13, 16, 16, ..., 16, 16, 16], dtype=int32), array([0, 3, 3, ..., 3, 3, 3], dtype=int32), array([25, 18,  4, ..., 18, 18, 18], dtype=int32), array([4, 9, 9, ..., 9, 9, 9], dtype=int32), array([2, 1, 1, ..., 1, 1, 1], dtype=int32), array([2, 3, 3, ..., 3, 3, 3], dtype=int32), array([3, 3, 3, ..., 3, 3, 3], dtype=int32), array([10, 14,  1, ..., 14, 14, 14], dtype=int32), array([ 4, 15, 18, ..., 15, 15, 15], dtype=int32), array([17,  4,  4, ...,  4,  4,  4], dtype=int32), array([16, 25, 25, ..., 25, 25, 25], dtype=int32), array([41, 21, 11, ..., 35, 21, 11], dtype=int32), array([ 3, 18,  4, ..., 18, 18, 18], dtype=int32), array([30, 21, 13, ..., 11, 32, 11], dtype=int32)]
PBM index : [930.1067157365391, 6119.282679605417, 2479.3226198977068, 1356.0692281208646, 1117.4746690421716, 9041.938650405373, 34718.032817669366, 1010.2022512423367, 1430.8854676666126, 648.1520360527974, 134578.76495113154, 4237.6051275349355, 1669.0080503711647, 2079.1811142352562, 13011.921973496677, 13205.486315779355, 135820.00423175187, 72788.47850414227, 7035.900622933292, 2234.5929712726547, 1249.8579108941174, 2283.2036856734135, 633.6761948308617, 2718.016343887138, 979.6324998256358]
Sil score : [-0.018815879348620994, 0.04236780575661238, 0.35508314609500313, -0.01403206483497719, 0.04376496990056204, 0.2050354517730991, 0.40357535544086626, 0.09670743379283599, 0.17888323850283738, -0.025331043227028397, 0.5981405892356505, 0.15866510225557648, 0.40087185302609607, 0.044447644257495256, 0.15998499366083976, 0.2442977142672337, 0.4987832250136585, 0.7565332356021948, 0.0303802249348395, -0.017137063571230286, 0.07543860724172087, 0.11053228071722596, -0.07895241577134055, 0.05695390141841388, -0.0844428313287123]
Generation no  :  8
Clusters : [40, 15, 26, 33, 35, 11, 5, 37, 31, 48, 3, 18, 28, 25, 11, 10, 3, 5, 15, 25, 36, 26, 49, 22, 39]
Predicted labels : [array([ 3, 13,  4, ..., 13, 13, 13], dtype=int32), array([3, 5, 6, ..., 5, 5, 5], dtype=int32), array([2, 3, 3, ..., 3, 3, 3], dtype=int32), array([15, 12, 24, ..., 12, 19, 12], dtype=int32), array([29, 19, 34, ..., 19, 18, 19], dtype=int32), array([4, 8, 8, ..., 8, 8, 8], dtype=int32), array([4, 4, 4, ..., 4, 4, 4], dtype=int32), array([25,  4, 31, ...,  4,  4,  4], dtype=int32), array([4, 5, 5, ..., 5, 5, 5], dtype=int32), array([18, 20, 44, ..., 44, 20, 20], dtype=int32), array([0, 0, 0, ..., 0, 0, 0], dtype=int32), array([16,  0,  0, ...,  0,  0,  0], dtype=int32), array([1, 4, 4, ..., 4, 4, 4], dtype=int32), array([ 8, 18, 13, ..., 18, 18, 18], dtype=int32), array([10,  9,  9, ...,  9,  9,  9], dtype=int32), array([9, 2, 2, ..., 2, 2, 2], dtype=int32), array([2, 2, 2, ..., 2, 2, 2], dtype=int32), array([3, 3, 3, ..., 3, 3, 3], dtype=int32), array([10, 14, 14, ..., 14, 14, 14], dtype=int32), array([ 4, 18,  7, ..., 18, 18, 18], dtype=int32), array([26, 33, 20, ..., 33, 35, 33], dtype=int32), array([ 7, 25, 25, ..., 25, 25, 25], dtype=int32), array([41, 21, 11, ..., 11, 21, 11], dtype=int32), array([ 7, 18, 13, ..., 13, 18, 13], dtype=int32), array([2, 3, 3, ..., 3, 3, 3], dtype=int32)]
PBM index : [1011.843941044817, 6177.978752838321, 2302.306534603285, 1334.5959070189601, 1200.4501481161074, 10819.096316109142, 48732.42337416816, 1070.0957268320694, 1497.9732392370533, 648.1180193991761, 74919.79206974627, 4663.677160300151, 1835.8191300664516, 2078.4096855309685, 12921.126429318954, 13022.866263706439, 74619.90048177782, 76144.41152213776, 6095.757346743594, 2208.5149983194156, 1205.046927553781, 2081.0298694005232, 636.586501458969, 2863.672104565761, 911.9700105465287]
Sil score : [0.04902653009890199, 0.05363930410594924, 0.3005543823278202, -0.01761187975844887, 0.03716408653382788, 0.17005014569265858, 0.566245199743145, 0.030917719444661998, 0.34854662645505924, -0.037955945742995614, 0.6311804856502286, 0.30088359983294294, 0.35541146543085794, 0.04631069146801531, 0.23134599422477087, 0.372051385948053, 0.6580990870050644, 0.566245199743145, 0.1633096760788206, 0.06627394683458368, 0.017128935558821105, 0.2297656490794516, -0.048012786638647866, -0.07359242075064645, 0.4187911247751802]
Generation no  :  9
Clusters : [40, 14, 27, 32, 34, 11, 5, 36, 31, 47, 3, 18, 27, 24, 11, 10, 4, 4, 15, 25, 35, 26, 49, 22, 39]
Predicted labels : [array([2, 3, 3, ..., 3, 3, 3], dtype=int32), array([10, 11, 13, ..., 11, 11, 11], dtype=int32), array([ 7,  1,  3, ..., 24,  1, 24], dtype=int32), array([15, 24,  3, ..., 24, 19, 24], dtype=int32), array([29, 19,  2, ..., 19, 19, 19], dtype=int32), array([4, 8, 8, ..., 8, 8, 8], dtype=int32), array([3, 4, 4, ..., 4, 4, 4], dtype=int32), array([34,  4, 19, ...,  4, 33,  4], dtype=int32), array([4, 5, 5, ..., 5, 5, 5], dtype=int32), array([ 5, 15,  7, ..., 15,  9, 15], dtype=int32), array([0, 0, 0, ..., 0, 0, 0], dtype=int32), array([16,  0,  0, ...,  0,  0,  0], dtype=int32), array([ 8, 25,  3, ...,  3, 25,  3], dtype=int32), array([ 8, 13, 18, ..., 18, 13, 13], dtype=int32), array([ 9, 10, 10, ..., 10, 10, 10], dtype=int32), array([2, 1, 1, ..., 1, 1, 1], dtype=int32), array([0, 0, 0, ..., 0, 0, 0], dtype=int32), array([3, 3, 3, ..., 3, 3, 3], dtype=int32), array([ 9, 12, 12, ..., 12, 12, 12], dtype=int32), array([21,  4, 18, ...,  4,  4,  4], dtype=int32), array([26, 33, 20, ..., 33, 33, 33], dtype=int32), array([13, 25, 25, ..., 25, 25, 25], dtype=int32), array([41, 35, 44, ..., 35, 47, 35], dtype=int32), array([1, 3, 3, ..., 3, 3, 3], dtype=int32), array([3, 9, 9, ..., 9, 9, 9], dtype=int32)]
PBM index : [943.2789537803982, 5998.468365211342, 2076.917649150036, 1298.0991996811308, 1191.027167148512, 10666.141225568052, 49865.79029097456, 1075.6087164308449, 1497.3296552842558, 641.5691409755591, 132779.91009043143, 4185.156979446288, 1831.0537276178036, 2242.9517637269328, 10901.195948922983, 13230.869383337333, 135280.29232081113, 48700.90523549203, 5856.039867975578, 2215.7938601712744, 1138.1818240610062, 2092.354609583369, 633.1801546070582, 2900.3179494690557, 998.132878145296]
Sil score : [0.2489536920675761, 0.02637727130109125, -0.0767449861520963, -0.015322064622167567, 0.04546486455034096, 0.2651517176795169, 0.40809461264159624, 0.02042366687757567, 0.3483662846489823, -0.006760562788085289, 0.6535858285240409, 0.33522696494934295, -0.06561618045001219, -0.024799854986498844, 0.32605853299566767, 0.20576744003743364, 0.5344634364584152, 0.5344634364584152, 0.23003942281607895, 0.06412024929874537, 0.02279819337107707, 0.019840059040440474, 0.014393454678972786, 0.3632835978280144, 0.14383090663034687]
Generation no  :  10
Clusters : [41, 14, 27, 32, 34, 10, 5, 35, 31, 46, 3, 19, 26, 24, 11, 10, 4, 5, 15, 25, 35, 26, 49, 22, 39]
Predicted labels : [array([40,  4,  4, ...,  4,  4,  4], dtype=int32), array([4, 5, 5, ..., 5, 5, 5], dtype=int32), array([0, 3, 3, ..., 3, 3, 3], dtype=int32), array([15, 24,  3, ..., 24, 19, 24], dtype=int32), array([21,  8, 29, ...,  8,  8,  8], dtype=int32), array([2, 8, 8, ..., 8, 8, 8], dtype=int32), array([4, 4, 4, ..., 4, 4, 4], dtype=int32), array([34, 19, 31, ..., 19, 19, 19], dtype=int32), array([4, 8, 8, ..., 8, 8, 8], dtype=int32), array([ 5, 15,  7, ..., 15,  9, 15], dtype=int32), array([2, 2, 2, ..., 2, 2, 2], dtype=int32), array([5, 0, 0, ..., 0, 0, 0], dtype=int32), array([ 0, 12,  9, ..., 12, 12, 12], dtype=int32), array([11, 18, 18, ..., 18, 18, 18], dtype=int32), array([2, 9, 9, ..., 9, 9, 9], dtype=int32), array([2, 9, 9, ..., 9, 9, 9], dtype=int32), array([0, 0, 0, ..., 0, 0, 0], dtype=int32), array([2, 4, 4, ..., 4, 4, 4], dtype=int32), array([ 9, 14, 14, ..., 14, 14, 14], dtype=int32), array([15, 18, 18, ..., 18, 18, 18], dtype=int32), array([26, 13, 20, ..., 13,  4, 13], dtype=int32), array([ 8, 25, 25, ..., 25, 25, 25], dtype=int32), array([18, 44, 21, ..., 44, 44, 44], dtype=int32), array([ 4, 19, 11, ..., 19, 19, 19], dtype=int32), array([29, 20, 25, ..., 20, 20, 20], dtype=int32)]
PBM index : [938.6749445618901, 6850.845812881445, 1942.2426502381295, 1381.7377198711401, 1247.8801340090954, 10967.845523500448, 48788.98517949318, 1134.7191061589708, 1510.8653171492829, 668.7083482565735, 132657.60085649393, 4247.327894764784, 2012.6324373359253, 2405.8319866697407, 10868.83967660152, 13131.624888650998, 74688.6994258677, 78195.00882090286, 6076.049188350161, 2245.5985825698317, 1188.725906530664, 2106.392451108966, 629.4546658394045, 2845.461741152638, 973.5565951330295]
Sil score : [0.33222807069632876, 0.37212802579797855, 0.3596502425265062, -0.013923871555900693, 0.030605759423006418, 0.1781189901287088, 0.5578369634844345, 0.02990650303730072, 0.33829619498342867, -0.00709872109508201, 0.6580990870050644, 0.23584087471173623, 0.040601996353210004, 0.14398355524959108, 0.16928149977832607, 0.3513332344686459, 0.6535858285240409, 0.38857432198644126, 0.11014179047603043, 0.09876065140892054, 0.08657735838162407, 0.015945147544309122, 0.014463458436152439, 0.001782421338444752, -0.03849278131039933]
Generation no  :  11
Clusters : [41, 13, 26, 32, 35, 10, 4, 35, 32, 45, 3, 19, 25, 23, 10, 10, 3, 4, 14, 26, 36, 27, 49, 22, 38]
Predicted labels : [array([ 3, 33, 17, ...,  5, 13, 33], dtype=int32), array([10,  9,  6, ...,  9,  9,  9], dtype=int32), array([13, 25,  3, ..., 25, 25, 25], dtype=int32), array([24,  3, 24, ..., 12, 12,  3], dtype=int32), array([18, 34, 14, ..., 34, 34, 34], dtype=int32), array([4, 8, 8, ..., 8, 8, 8], dtype=int32), array([3, 3, 3, ..., 3, 3, 3], dtype=int32), array([34, 19, 31, ..., 19, 19, 19], dtype=int32), array([31,  4,  4, ...,  4,  4,  4], dtype=int32), array([18, 15, 25, ...,  7,  9, 15], dtype=int32), array([0, 0, 0, ..., 0, 0, 0], dtype=int32), array([10, 18, 18, ..., 18, 18, 18], dtype=int32), array([3, 4, 4, ..., 4, 4, 4], dtype=int32), array([ 8, 18,  4, ..., 18, 18, 18], dtype=int32), array([8, 9, 9, ..., 9, 9, 9], dtype=int32), array([2, 9, 9, ..., 9, 9, 9], dtype=int32), array([1, 1, 1, ..., 1, 1, 1], dtype=int32), array([3, 3, 3, ..., 3, 3, 3], dtype=int32), array([ 9, 12, 10, ..., 12, 12, 12], dtype=int32), array([12, 15, 18, ..., 15, 15, 15], dtype=int32), array([26, 33, 20, ..., 33,  4, 33], dtype=int32), array([ 8, 25, 26, ..., 25, 25, 25], dtype=int32), array([41, 11, 44, ..., 21, 32, 21], dtype=int32), array([0, 3, 3, ..., 3, 3, 3], dtype=int32), array([16, 18, 18, ..., 18, 18, 18], dtype=int32)]
PBM index : [911.9295820730379, 6819.419322038461, 1954.4022519216985, 1382.2730422260947, 1230.3745611047875, 13185.049897035924, 46584.62624265106, 1191.606937600437, 1516.3749619267312, 698.7892666079524, 132753.48744337843, 3843.9628667168754, 2104.134112339007, 2382.6781791729345, 10833.203432229722, 13041.725219443648, 71932.23010933497, 47944.96359045153, 6058.353751839282, 2206.8421638701275, 1205.257970857894, 2112.242166790997, 637.8699878437805, 2951.604892168406, 980.9233336389432]
Sil score : [-0.0699883898448457, 0.0780167918064561, 0.0015190613392902488, -0.015572302008063452, 0.02563985678950345, 0.3328782312196647, 0.7565332356021948, 0.02977427918009132, 0.30085592973242953, -0.035567515763620654, 0.6555622430618337, 0.1335386132970405, 0.34891070484498615, 0.02386705777753876, 0.2249263275120817, 0.3726949416097671, 0.7114735479282631, 0.6587459217697939, 0.07546420990407413, 0.028822326111189726, 0.01185586625446536, 0.013561986997995048, -0.0827979831266082, 0.1682714287805725, 0.15728769840015167]
Generation no  :  12
Clusters : [42, 13, 27, 31, 34, 10, 4, 35, 32, 44, 3, 20, 25, 23, 11, 10, 3, 5, 14, 25, 36, 27, 49, 22, 37]
Predicted labels : [array([14, 25, 18, ..., 15, 25, 15], dtype=int32), array([6, 5, 5, ..., 5, 5, 5], dtype=int32), array([4, 5, 5, ..., 5, 5, 5], dtype=int32), array([ 9, 12, 24, ..., 12, 12, 12], dtype=int32), array([29, 19,  2, ..., 19, 19, 19], dtype=int32), array([4, 8, 8, ..., 8, 8, 8], dtype=int32), array([3, 3, 3, ..., 3, 3, 3], dtype=int32), array([26, 19, 34, ..., 19, 19, 19], dtype=int32), array([3, 4, 4, ..., 4, 4, 4], dtype=int32), array([ 7,  9, 14, ...,  9,  9,  9], dtype=int32), array([2, 2, 2, ..., 2, 2, 2], dtype=int32), array([19, 18,  0, ..., 18, 18, 18], dtype=int32), array([16, 18, 18, ..., 18, 18, 18], dtype=int32), array([13, 18, 11, ..., 18, 18, 18], dtype=int32), array([10,  9,  9, ...,  9,  9,  9], dtype=int32), array([1, 2, 2, ..., 2, 2, 2], dtype=int32), array([1, 1, 1, ..., 1, 1, 1], dtype=int32), array([4, 4, 4, ..., 4, 4, 4], dtype=int32), array([ 2, 10, 10, ..., 10, 10, 10], dtype=int32), array([12, 15,  7, ..., 15, 15, 15], dtype=int32), array([26, 33,  4, ..., 33, 33,  4], dtype=int32), array([ 8, 25, 25, ..., 25, 25, 25], dtype=int32), array([20, 35, 44, ..., 35, 35, 35], dtype=int32), array([4, 5, 5, ..., 5, 5, 5], dtype=int32), array([16, 25, 21, ..., 25, 25, 25], dtype=int32)]
PBM index : [919.9739144866772, 8075.854462784321, 2128.4383359078543, 1427.8507914678933, 1192.2626742678408, 13252.799699126068, 75057.3379291743, 1192.8871638388935, 1412.9994233201962, 724.3774406139424, 132657.60085649393, 3879.820923557128, 2298.388259067629, 2577.3353489267083, 13233.443250349772, 13211.737259316304, 132753.48744337843, 76442.97374597695, 6985.731429906608, 2037.9377825266004, 1157.0326609441397, 1953.7045731162555, 638.7653090098877, 2866.8047780088073, 1035.7187330155555]
Sil score : [-0.08949650854476647, 0.14614110333556748, 0.21792798193085136, -0.01594227709380555, 0.02212975957393248, 0.3340538158297518, 0.6066996652149556, 0.057199774018325315, 0.3541261613145326, 0.028715085772047327, 0.6580990870050644, 0.0522317311557112, 0.17416508897729546, 0.07354426851950749, 0.24149593492890165, 0.29711199153875273, 0.6555622430618337, 0.5310453700185979, 0.15910339503381843, 0.03190936564932015, -0.03893147567892321, 0.017012564012412815, 0.011679372960344865, 0.3660304215424401, 0.09243573223002696]
Generation no  :  13
Clusters : [42, 13, 27, 31, 33, 9, 5, 36, 32, 44, 3, 20, 25, 22, 11, 10, 3, 5, 15, 25, 35, 27, 49, 22, 37]
Predicted labels : [array([6, 3, 3, ..., 3, 3, 3], dtype=int32), array([7, 4, 8, ..., 4, 4, 4], dtype=int32), array([0, 3, 3, ..., 3, 3, 3], dtype=int32), array([15, 12, 24, ..., 12, 12, 12], dtype=int32), array([29, 19, 19, ..., 19, 19, 19], dtype=int32), array([2, 8, 8, ..., 8, 8, 8], dtype=int32), array([4, 4, 4, ..., 4, 4, 4], dtype=int32), array([34,  4, 19, ...,  4,  4,  4], dtype=int32), array([3, 4, 4, ..., 4, 4, 4], dtype=int32), array([32, 25,  7, ..., 25,  9, 25], dtype=int32), array([2, 2, 2, ..., 2, 2, 2], dtype=int32), array([ 1, 18, 18, ..., 18, 18, 18], dtype=int32), array([14,  4, 19, ...,  4,  4, 19], dtype=int32), array([11, 18, 18, ..., 18, 18, 18], dtype=int32), array([8, 9, 9, ..., 9, 9, 9], dtype=int32), array([9, 2, 2, ..., 2, 2, 2], dtype=int32), array([0, 0, 0, ..., 0, 0, 0], dtype=int32), array([1, 1, 1, ..., 1, 1, 1], dtype=int32), array([10, 12, 12, ..., 12, 12, 12], dtype=int32), array([ 9, 15, 18, ..., 15, 22, 15], dtype=int32), array([26, 33, 20, ..., 33, 33, 33], dtype=int32), array([13, 25, 25, ..., 25, 25, 25], dtype=int32), array([41, 21, 11, ..., 35, 32, 21], dtype=int32), array([3, 7, 7, ..., 7, 5, 7], dtype=int32), array([19, 25, 18, ..., 25, 22, 25], dtype=int32)]
PBM index : [853.5310489802756, 7888.739723261998, 1963.1850038869713, 1505.7551960197595, 1238.182721439673, 13212.786981724792, 76339.92408166223, 1202.943494602984, 1411.3587990332826, 769.346344496059, 129093.66731954875, 3456.257708627569, 2285.2552149339313, 2618.4974646550636, 10968.407498574616, 13026.552632095896, 132657.60085649393, 48423.69842716894, 6938.2736106363445, 2309.6327281552417, 1132.650583656853, 1957.2010113224867, 633.2805478191013, 2916.2837936293818, 1070.373959463674]
Sil score : [0.34261452769961237, 0.04295983921020589, 0.3526996325388937, -0.015383640586624787, 0.14761649257527798, 0.3349116794806809, 0.5304420834774686, 0.01026453546256866, 0.3605075118506968, 0.07139731196997987, 0.825865396207661, 0.23278252630746266, -0.029546421100163638, 0.1536302304936288, 0.34330895881818135, 0.36943336958118794, 0.6580990870050644, 0.5979191926715646, 0.13952418471434297, 0.012176037687457066, 0.023410008946203938, 0.018444992909990354, -0.028072020477053143, 0.1741466900297481, 0.003916432888298171]
Generation no  :  14
Clusters : [43, 13, 28, 31, 32, 10, 6, 36, 33, 43, 3, 20, 26, 21, 11, 10, 4, 5, 14, 25, 35, 27, 49, 22, 37]
Predicted labels : [array([ 3, 33, 26, ..., 17,  4, 17], dtype=int32), array([8, 9, 9, ..., 9, 9, 9], dtype=int32), array([ 8, 26, 18, ..., 18, 26, 18], dtype=int32), array([ 9,  1,  3, ...,  1, 19,  1], dtype=int32), array([29, 19, 10, ..., 19, 19, 19], dtype=int32), array([4, 9, 9, ..., 9, 9, 9], dtype=int32), array([3, 5, 5, ..., 5, 5, 5], dtype=int32), array([34,  4, 19, ...,  4,  4,  4], dtype=int32), array([32,  7,  7, ...,  7,  7,  7], dtype=int32), array([12, 15,  7, ..., 15,  9, 15], dtype=int32), array([2, 2, 2, ..., 2, 2, 2], dtype=int32), array([16, 18, 18, ..., 18, 18, 18], dtype=int32), array([ 8,  4, 19, ...,  4,  4,  4], dtype=int32), array([ 8, 18, 13, ..., 18, 18, 18], dtype=int32), array([2, 9, 9, ..., 9, 9, 9], dtype=int32), array([1, 9, 9, ..., 9, 9, 9], dtype=int32), array([3, 3, 3, ..., 3, 3, 3], dtype=int32), array([1, 1, 1, ..., 1, 1, 1], dtype=int32), array([12, 10, 10, ..., 10, 10, 10], dtype=int32), array([ 4, 15, 18, ..., 15, 15, 15], dtype=int32), array([26, 33,  5, ..., 28, 28, 33], dtype=int32), array([ 9, 25, 25, ..., 25, 25, 25], dtype=int32), array([41, 21, 44, ..., 20, 21, 11], dtype=int32), array([18, 15,  7, ...,  7, 15,  7], dtype=int32), array([23, 26, 25, ..., 26, 26, 26], dtype=int32)]
PBM index : [872.8477398210753, 7996.195127477686, 1973.2577561881765, 1465.7869697292758, 1318.9442455583114, 16354.915264139645, 50072.23262887038, 1133.8916454669588, 1450.3561011427175, 758.0462689088565, 129481.1689456833, 3481.145916797252, 2318.369023898949, 2894.9186258287896, 10870.9969055016, 13166.520168975643, 135280.81987241888, 48708.82794285197, 5850.985123046169, 2257.8304642088096, 1205.5690720579657, 1960.4740252703766, 637.9560246906331, 2867.267492899661, 1103.284613916247]
Sil score : [-0.10323082175877062, 0.20654032488507063, -0.07968521462882466, -0.014946784740946637, 0.06918802934974046, 0.2899755537077008, 0.4496940870238185, 0.0061570242247449706, 0.12365146877958334, -0.0025847655229516964, 0.7962396406152908, 0.1575034110910255, 0.002532466696968239, 0.009642537632723247, 0.16913659951632673, 0.3646289003825239, 0.5595951157990546, 0.5328076981059111, 0.20707868780022967, -0.015435751381429932, -0.027777744166897506, 0.01659704853423134, -0.08294687321040319, -0.049091367945044435, 0.029237047344038068]
Generation no  :  15
Clusters : [43, 13, 27, 30, 33, 11, 6, 36, 33, 43, 3, 20, 25, 21, 10, 10, 5, 5, 15, 25, 36, 27, 49, 22, 37]
Predicted labels : [array([ 9, 10, 10, ..., 10, 10, 10], dtype=int32), array([10,  5,  4, ...,  5,  5,  5], dtype=int32), array([ 7, 26, 18, ..., 18, 26, 18], dtype=int32), array([25,  7,  9, ...,  7,  7,  7], dtype=int32), array([ 2, 26, 29, ..., 26, 26, 26], dtype=int32), array([3, 4, 4, ..., 4, 4, 4], dtype=int32), array([0, 1, 1, ..., 1, 1, 1], dtype=int32), array([34, 19, 19, ..., 19, 19, 19], dtype=int32), array([5, 5, 5, ..., 5, 5, 5], dtype=int32), array([12, 15, 25, ...,  7, 15,  7], dtype=int32), array([1, 1, 1, ..., 1, 1, 1], dtype=int32), array([16, 18, 18, ..., 18, 18, 18], dtype=int32), array([4, 6, 6, ..., 6, 6, 6], dtype=int32), array([13, 18, 11, ..., 18, 18, 18], dtype=int32), array([3, 9, 9, ..., 9, 9, 9], dtype=int32), array([2, 9, 9, ..., 9, 9, 9], dtype=int32), array([1, 4, 4, ..., 4, 4, 4], dtype=int32), array([2, 2, 2, ..., 2, 2, 2], dtype=int32), array([ 9, 12, 10, ..., 12, 12, 12], dtype=int32), array([ 7, 18, 18, ..., 18, 18, 18], dtype=int32), array([26, 33,  5, ...,  5,  4,  5], dtype=int32), array([ 8, 25, 13, ..., 25, 25, 25], dtype=int32), array([11, 21, 44, ..., 21, 21, 21], dtype=int32), array([3, 4, 4, ..., 4, 4, 4], dtype=int32), array([16, 18, 18, ..., 18, 18, 18], dtype=int32)]
PBM index : [828.1454112449785, 8051.0349938047875, 1810.8485866624371, 1512.9010989098413, 1415.497637928465, 13295.340267208885, 34821.9876748394, 1124.1938980981924, 1272.7271642335118, 795.4044488193505, 132657.60085649393, 3422.110566049278, 2106.891424879545, 3132.2946437964592, 10881.848485431437, 13099.747682184428, 77904.9246110139, 48004.98655600195, 6759.485375652421, 2188.5914202202507, 1213.7740851711212, 1984.328253800175, 635.3219812287331, 2912.199502870941, 1078.4029117318757]
Sil score : [0.19964714450482274, 0.03129864809811512, -0.0617065009091896, 0.04124783280706917, 0.016515796954076793, 0.33044272154555726, 0.3698172239895938, 0.09305511558992217, 0.5637390533399566, -0.07064548999289036, 0.6580990870050644, 0.25440442181543826, 0.23497550254067173, 0.077774757329235, 0.3579385703011127, 0.31146854634378984, 0.40281190749839935, 0.6154373183536388, 0.10189378413913582, 0.14560644345505905, -0.11063334011251867, 0.036991917658240066, -0.0038429398978250804, 0.23692977770486798, 0.2447964382289565]
Generation no  :  16
Clusters : [43, 13, 27, 31, 34, 11, 5, 36, 32, 44, 3, 21, 25, 21, 9, 11, 6, 5, 15, 26, 36, 26, 50, 21, 37]
Predicted labels : [array([15, 33,  3, ...,  3, 24,  3], dtype=int32), array([8, 9, 9, ..., 9, 9, 9], dtype=int32), array([ 9,  3, 12, ...,  3,  1, 12], dtype=int32), array([ 3, 30, 10, ..., 30, 30, 30], dtype=int32), array([29,  4, 19, ...,  4,  4,  4], dtype=int32), array([4, 8, 8, ..., 8, 8, 8], dtype=int32), array([2, 2, 2, ..., 2, 2, 2], dtype=int32), array([31,  4, 31, ...,  4,  4,  4], dtype=int32), array([3, 5, 4, ..., 5, 5, 5], dtype=int32), array([12, 15,  7, ..., 15,  9, 15], dtype=int32), array([0, 0, 0, ..., 0, 0, 0], dtype=int32), array([19, 18, 18, ..., 18, 18, 18], dtype=int32), array([16, 18, 18, ..., 18, 18, 18], dtype=int32), array([13, 18, 11, ..., 18, 18, 18], dtype=int32), array([3, 2, 2, ..., 2, 2, 2], dtype=int32), array([1, 9, 9, ..., 9, 9, 9], dtype=int32), array([5, 3, 3, ..., 3, 3, 3], dtype=int32), array([1, 0, 0, ..., 0, 0, 0], dtype=int32), array([10, 14,  1, ..., 14, 14, 14], dtype=int32), array([ 1, 15, 15, ..., 15, 15, 15], dtype=int32), array([26, 33,  5, ...,  5,  4, 33], dtype=int32), array([ 8, 25, 25, ..., 25, 25, 25], dtype=int32), array([13, 32, 44, ..., 44, 32, 44], dtype=int32), array([ 3, 13,  4, ...,  4, 13,  4], dtype=int32), array([16, 18, 18, ..., 18, 18, 18], dtype=int32)]
PBM index : [834.5889363588894, 7994.9086072627815, 1914.4161132782915, 1625.5242425241818, 1327.616636127991, 10893.833099340025, 33713.64386008419, 1123.5232457677878, 1343.0800380758806, 797.0303269162087, 129301.79297927843, 3424.916322763059, 2282.557860653925, 3136.181042866502, 13269.827612607933, 13300.241735841571, 50231.886203725255, 49685.76973937876, 6106.640260455659, 2243.0768823122844, 1157.3700970658826, 1950.1455265176628, 637.6121611485114, 2928.4474236760525, 1081.6980207946738]
Sil score : [-0.07916017895607742, 0.20642135355168922, -0.03003633614475412, 0.040730394090000836, -0.13089314131546959, 0.11054362798835533, 0.5982483794836846, 0.07754575889599595, 0.08576961216625732, -0.0032320185794162066, 0.8035174142237569, 0.17686818772271326, 0.18111819070673008, 0.05507664046270259, 0.3407457499668181, 0.22812762551104904, 0.3957739201218081, 0.3348587710084806, 0.024544183283936646, 0.10424954165389627, -0.038010469311954564, 0.025966727895817783, -0.05300019271174713, -0.046986612961352175, 0.1561053111518403]
Generation no  :  17
Clusters : [42, 13, 28, 31, 35, 11, 4, 37, 32, 45, 4, 21, 25, 22, 10, 11, 6, 6, 16, 25, 36, 27, 50, 22, 38]
Predicted labels : [array([0, 3, 3, ..., 3, 3, 3], dtype=int32), array([ 4, 12,  7, ..., 12, 12, 12], dtype=int32), array([16, 18, 27, ..., 18, 18, 18], dtype=int32), array([ 7,  3, 30, ...,  3,  3,  3], dtype=int32), array([29, 34, 10, ..., 34, 18, 34], dtype=int32), array([4, 8, 8, ..., 8, 8, 8], dtype=int32), array([2, 2, 2, ..., 2, 2, 2], dtype=int32), array([34,  4,  4, ...,  4,  4,  4], dtype=int32), array([ 8, 26, 13, ..., 26, 18, 26], dtype=int32), array([18, 25, 44, ..., 25, 25, 25], dtype=int32), array([3, 3, 3, ..., 3, 3, 3], dtype=int32), array([16, 18, 18, ..., 18, 18, 18], dtype=int32), array([ 9, 14, 10, ..., 14, 14, 14], dtype=int32), array([ 8, 18, 13, ..., 18, 18, 18], dtype=int32), array([3, 4, 4, ..., 4, 4, 4], dtype=int32), array([ 9, 10, 10, ..., 10, 10, 10], dtype=int32), array([3, 4, 4, ..., 4, 4, 4], dtype=int32), array([1, 2, 2, ..., 2, 2, 2], dtype=int32), array([10, 12, 12, ..., 12, 12, 12], dtype=int32), array([12,  9, 15, ...,  9,  9,  9], dtype=int32), array([26, 33,  4, ...,  5, 33,  4], dtype=int32), array([ 7, 26, 26, ..., 26, 26, 26], dtype=int32), array([41, 49, 11, ..., 35, 32, 49], dtype=int32), array([3, 7, 7, ..., 7, 7, 7], dtype=int32), array([16, 18,  0, ..., 18, 18, 18], dtype=int32)]
PBM index : [810.3235730854601, 7882.8194139708785, 2017.5601879488156, 1509.3729284038725, 1264.0745870636968, 10964.737588975959, 48414.32303290544, 1124.8971367893769, 1442.3249913287964, 764.5863259849923, 133990.56403873843, 3187.0213239989084, 2312.5083049202626, 3119.1085761493714, 16272.74041194957, 10889.666780021342, 34519.92266625773, 50869.964298286395, 6094.132366927849, 2063.023437475419, 1142.4776463502187, 2124.4379150878776, 613.0608618646686, 3239.791465398959, 1093.8621897329995]
Sil score : [0.3467632355196957, 0.02485193316798762, 0.014910776751317033, -0.012924122553117257, 0.046678433072329086, 0.33003841262782374, 0.5979622293827704, 0.10621417240723005, -0.030592701731610827, 0.022552280139893664, 0.6151880998773296, 0.12613687598774423, 0.03196061319944273, 0.00263301623210646, 0.34298536919948697, 0.3607857889049114, 0.3809599335057645, 0.4488982574226466, 0.10421334089605967, -0.032414859732176345, -0.033099836647149654, 0.10853687707914289, -0.035252036139866175, 0.14128599127012162, 0.0961322064195209]
Generation no  :  18
Clusters : [42, 13, 29, 31, 35, 12, 3, 36, 32, 46, 4, 21, 25, 22, 10, 12, 6, 6, 15, 24, 37, 26, 50, 23, 39]
Predicted labels : [array([3, 4, 4, ..., 4, 4, 4], dtype=int32), array([3, 4, 4, ..., 4, 4, 4], dtype=int32), array([ 0, 25,  8, ..., 25, 25, 25], dtype=int32), array([ 9, 12, 24, ..., 12, 12, 12], dtype=int32), array([21, 10, 10, ..., 10, 11, 10], dtype=int32), array([ 2, 11, 11, ..., 11, 11, 11], dtype=int32), array([2, 2, 2, ..., 2, 2, 2], dtype=int32), array([34,  4,  6, ..., 19,  4, 19], dtype=int32), array([ 7, 19, 21, ..., 19, 14, 19], dtype=int32), array([29, 15,  7, ...,  7, 13, 25], dtype=int32), array([2, 2, 2, ..., 2, 2, 2], dtype=int32), array([ 0, 18, 18, ..., 18, 18, 18], dtype=int32), array([18,  7, 15, ...,  7,  7,  7], dtype=int32), array([12, 15,  7, ..., 17, 15, 15], dtype=int32), array([5, 7, 7, ..., 7, 7, 7], dtype=int32), array([11, 10, 10, ..., 10, 10, 10], dtype=int32), array([1, 2, 2, ..., 2, 2, 2], dtype=int32), array([1, 5, 5, ..., 5, 5, 5], dtype=int32), array([10, 14, 14, ..., 14, 14, 14], dtype=int32), array([12, 15, 18, ..., 15, 15, 15], dtype=int32), array([26, 33, 17, ...,  5,  4, 33], dtype=int32), array([ 8, 25, 25, ..., 25, 25, 25], dtype=int32), array([13, 49, 44, ..., 49, 47, 49], dtype=int32), array([22, 12, 12, ..., 12, 12, 12], dtype=int32), array([38, 18, 18, ..., 18, 18, 18], dtype=int32)]
PBM index : [854.7990779530456, 7902.314913932393, 1838.065329178703, 1478.7301392735749, 1176.0017088520992, 11163.24151539405, 75159.63997089746, 1083.748467951391, 1383.2321260212138, 729.7724186776998, 75824.27541863026, 3152.3478324306093, 2213.0342705006883, 2840.057332972229, 12853.303863832098, 11135.698283620226, 34774.08291821692, 34815.45503360245, 5314.8831219682, 2267.132929846719, 1141.7801471174678, 1945.9823920224187, 614.6901751082643, 2947.844235427529, 1036.4959041422194]
Sil score : [0.34255067744815515, 0.37391778054820085, 0.013186633010066525, -0.015464070156757227, 0.10516769454658602, 0.11519767604621285, 0.6027642749060325, -0.0698429478395291, 0.029580980769695866, -0.06096891770490639, 0.5849747264966471, 0.17579228020956864, -0.014008353093531593, 0.012371215267976052, 0.3428875309825123, 0.16030557699713108, 0.3861313090823767, 0.36698092059534165, 0.15962693270529946, 0.02377776072363007, -0.011820391790942688, 0.024513527167574867, 0.027034383906734124, 0.14176581192597976, 0.19073067881647698]
Generation no  :  19
Clusters : [43, 14, 29, 32, 35, 12, 3, 36, 32, 45, 5, 21, 25, 22, 10, 13, 7, 7, 15, 23, 36, 26, 50, 23, 38]
Predicted labels : [array([42,  3,  3, ...,  3,  3,  3], dtype=int32), array([ 4,  8,  8, ...,  8, 10,  8], dtype=int32), array([ 2, 14,  8, ..., 14, 14, 14], dtype=int32), array([ 9, 24, 12, ..., 24, 24, 24], dtype=int32), array([29,  4, 19, ..., 19,  4, 19], dtype=int32), array([ 2, 10, 10, ..., 10, 10, 10], dtype=int32), array([2, 2, 2, ..., 2, 2, 2], dtype=int32), array([34, 33, 31, ..., 33, 33, 33], dtype=int32), array([25,  4,  8, ..., 19,  4, 19], dtype=int32), array([32, 44, 25, ..., 44, 44, 44], dtype=int32), array([4, 4, 4, ..., 4, 4, 4], dtype=int32), array([ 0, 18, 18, ..., 18, 18, 18], dtype=int32), array([4, 5, 5, ..., 5, 5, 5], dtype=int32), array([ 4, 14,  8, ..., 14, 14, 14], dtype=int32), array([4, 7, 5, ..., 7, 7, 7], dtype=int32), array([ 9, 10, 10, ..., 10, 10, 10], dtype=int32), array([6, 6, 6, ..., 6, 6, 6], dtype=int32), array([5, 6, 6, ..., 6, 6, 6], dtype=int32), array([ 1, 10, 10, ..., 10, 10, 10], dtype=int32), array([18, 15, 12, ..., 15, 15, 15], dtype=int32), array([26, 33, 20, ..., 33, 33, 33], dtype=int32), array([ 2, 25, 25, ..., 25, 25, 25], dtype=int32), array([35, 49, 44, ..., 49, 47, 49], dtype=int32), array([13, 21, 11, ..., 21, 21, 21], dtype=int32), array([16, 18, 18, ..., 18, 18, 18], dtype=int32)]
PBM index : [849.1748263774704, 7788.295219924099, 1763.34723951497, 1472.1479604813053, 1188.9975791967552, 9285.712748348811, 133628.0599336274, 1127.3394260004734, 1388.2799457422823, 705.9088251461711, 75744.29469376919, 3135.9513630262904, 2298.3862653276665, 2939.1749790726217, 13401.68843988337, 9268.298214785018, 34013.37933158085, 35087.306044759556, 5900.517083616617, 2412.5725455370407, 1095.927765382236, 2091.6805205897667, 609.7418658143621, 2601.650050860448, 973.5689344566105]
Sil score : [0.3463308444515867, 0.10622288138458218, 0.015600468792077181, -0.017904582756375412, -0.05099161691244952, 0.14975254128595147, 0.603001331004101, 0.022396888261816718, -0.07194331950280128, 0.027182698161829253, 0.5965554238643609, 0.20017500281596134, 0.20695259248814538, 0.02895294079003708, 0.0737171588383712, 0.35857754525163044, 0.5301149324793866, 0.373590779451817, 0.20990210466190856, 0.008799695497596153, 0.03630854910334071, 0.019648466575653535, -0.015252858023880798, 0.02937979176683702, 0.2722974824587845]
