Initial Clusters : [5, 8, 17, 4, 10, 11, 12, 9, 14, 7, 15, 9, 4, 5, 11, 19, 12, 17, 8, 12, 11, 11, 13, 19, 15, 17, 11, 4, 11, 6, 16, 8, 8, 14, 19, 6, 16, 3, 12, 13, 16, 20, 4, 9, 8, 4, 18, 20, 5, 19, 17, 6, 8, 13, 5, 15, 8, 16, 11, 15]
Initial PBM : [31.61925073652204, 36.59376445586411, 18.452257333530657, 18.886115372407694, 11.03040302107448, 14.734729755094445, 23.917112547568195, 23.929492825418407, 38.45808092919037, 39.073725918939544, 11.234871230020195, 135.00085792589084, 28.781561345143547, 40.590234100086676, 26.398547100313078, 21.10196921842393, 36.392315924691644, 12.47089522713633, 12.76499777723406, 38.186690434799665, 5.631331953511851, 44.394298116335, 40.42590702056336, 81.97830653542233, 26.69399747378134, 24.02236157192334, 24.177978124923246, 24.47975723571524, 6.598899814136764, 29.033368074507926, 31.516578306160667, 37.304004166851485, 59.79177967482662, 21.8158531026117, 8.88768205768049, 45.74225822777497, 95.68319480843174, 10.052827837127978, 6.865173712226509, 23.117008108954984, 39.364048591031235, 9.05846350157304, 7.987592508824748, 39.219131878697524, 23.485595480103026, 12.290762715792898, 20.258250120153672, 16.53905552570902, 26.318558412483938, 10.727561891406268, 63.263999365931866, 34.21365389467211, 9.125073682325281, 18.659034085510477, 45.129653837531734, 40.110516652501595, 21.02823734100666, 16.202640854701848, 24.831446490156186, 27.056932039278728]
Initial Sil score : [0.43523596841381451, 0.41594836388026518, 0.2848134301712173, 0.41226265886818103, 0.27028203809576978, 0.29911958736660366, 0.34769218072646368, 0.34847062468146239, 0.32228643599944695, 0.41095448965189746, 0.28790387786812993, 0.40566168495949151, 0.46182116153405217, 0.48574586291571775, 0.33478359112266998, 0.2549780560171182, 0.34088614874190876, 0.28976078747067335, 0.30919212541533753, 0.34443686968337844, 0.23967548492944343, 0.39259410964184671, 0.35518192826570144, 0.34341206642054972, 0.32905669361256262, 0.32217694291563642, 0.34292087411532579, 0.43922587098392502, 0.2845839941036139, 0.4019002783534934, 0.31230577591349307, 0.42565582527646384, 0.43457236358703166, 0.31294057394357516, 0.24095958325196559, 0.44286375530933447, 0.31151687835575192, 0.41853702858307223, 0.24877880721689125, 0.33058924278075025, 0.34284386457929406, 0.23074659813606174, 0.32758931367292909, 0.38780388662006693, 0.33170422763227592, 0.37257217143175719, 0.29306421755731632, 0.28273899172686978, 0.43217596523431207, 0.26912395202409672, 0.29447490859311226, 0.42447220927735957, 0.28920210152646703, 0.28548425836995933, 0.47452019889927366, 0.33274282459898691, 0.36058518830681835, 0.2909570791720052, 0.33207292067157468, 0.33148841252802297]
Initial Dunn : [0.0079082712834206773, 0.0071253691482260169, 0.005566619743348422, 0.0054291489733269346, 0.0054193598604019254, 0.0062083183636712632, 0.0065253877639952608, 0.0071841878683655495, 0.0082582846311947782, 0.0058204897942326986, 0.005566619743348422, 0.014385554021627684, 0.0088219045365887042, 0.0047101419195582171, 0.0067011781178321151, 0.0069422931845911293, 0.0055473166830047283, 0.0056418802793854889, 0.0047979656445188744, 0.0046841811770408082, 0.00608582696037464, 0.0053593136612011478, 0.0057903035698632296, 0.024508856793816942, 0.0067497914716312364, 0.0056591391496817337, 0.0069339179519159284, 0.0067680944541669303, 0.0045347361065206605, 0.0054349057344839679, 0.0057005717879480061, 0.0055423228250141444, 0.0063720808334798143, 0.0054944413984719604, 0.0038142191311683711, 0.007109903606072953, 0.018330478625518565, 0.0055963245787273618, 0.0042179056778074648, 0.006560762604852487, 0.0059146508895209244, 0.0054197819935967052, 0.0073287131240522491, 0.00687361248118094, 0.0080022115344631963, 0.0070422857974419516, 0.0059675331301570593, 0.0064856148978224976, 0.0052998316932855033, 0.004540799537733781, 0.013657738814191153, 0.0091572676561041278, 0.0064335759995795966, 0.0069478348568190332, 0.0068684452278695209, 0.006560762604852487, 0.0062033632574136086, 0.0048254688310764415, 0.0046342951224996919, 0.0061178731927835957]
Max Dunn and corresponding cluster, PBM, Sil : 0.0245088567938,19,81.9783065354,0.343412066421
------------------------------------------------------------------------------------------
-------------------------------------------------------------------------------------------------------------------------

-------------------------------------------------------------------------------------------------------------------------

-------------------------------------------------------------------------------------------------------------------------

-------------------------------------------------------------------------------------------------------------------------

-------------------------------------------------------------------------------------------------------------------------

-------------------------------------------------------------------------------------------------------------------------

-------------------------------------------------------------------------------------------------------------------------

-------------------------------------------------------------------------------------------------------------------------

-------------------------------------------------------------------------------------------------------------------------

-------------------------------------------------------------------------------------------------------------------------

-------------------------------------------------------------------------------------------------------------------------

-------------------------------------------------------------------------------------------------------------------------

-------------------------------------------------------------------------------------------------------------------------

-------------------------------------------------------------------------------------------------------------------------

-------------------------------------------------------------------------------------------------------------------------

-------------------------------------------------------------------------------------------------------------------------

-------------------------------------------------------------------------------------------------------------------------

-------------------------------------------------------------------------------------------------------------------------

-------------------------------------------------------------------------------------------------------------------------

-------------------------------------------------------------------------------------------------------------------------

-------------------------------------------------------------------------------------------------------------------------

-------------------------------------------------------------------------------------------------------------------------

-------------------------------------------------------------------------------------------------------------------------

-------------------------------------------------------------------------------------------------------------------------

-------------------------------------------------------------------------------------------------------------------------

-------------------------------------------------------------------------------------------------------------------------

-------------------------------------------------------------------------------------------------------------------------

-------------------------------------------------------------------------------------------------------------------------

-------------------------------------------------------------------------------------------------------------------------

-------------------------------------------------------------------------------------------------------------------------

-------------------------------------------------------------------------------------------------------------------------

-------------------------------------------------------------------------------------------------------------------------

-------------------------------------------------------------------------------------------------------------------------

-------------------------------------------------------------------------------------------------------------------------

-------------------------------------------------------------------------------------------------------------------------

-------------------------------------------------------------------------------------------------------------------------

-------------------------------------------------------------------------------------------------------------------------

-------------------------------------------------------------------------------------------------------------------------

-------------------------------------------------------------------------------------------------------------------------

-------------------------------------------------------------------------------------------------------------------------

-------------------------------------------------------------------------------------------------------------------------

-------------------------------------------------------------------------------------------------------------------------

-------------------------------------------------------------------------------------------------------------------------

-------------------------------------------------------------------------------------------------------------------------

-------------------------------------------------------------------------------------------------------------------------

-------------------------------------------------------------------------------------------------------------------------

-------------------------------------------------------------------------------------------------------------------------

-------------------------------------------------------------------------------------------------------------------------

-------------------------------------------------------------------------------------------------------------------------

-------------------------------------------------------------------------------------------------------------------------

-------------------------------------------------------------------------------------------------------------------------

-------------------------------------------------------------------------------------------------------------------------

chromosome 0 : [  6.28087948e-316   6.37633929e-316   9.36978501e-317 ...,
   4.75583915e-316   4.75583796e-316   4.75583678e-316]
 Objectives (Sil) : 0.486490431911
 Objectives (PBM) : 64.956362999
Cluster size 0 :7
Predicted Label for 0: [6 5 3 2 5 3 5 5 5 6 5 6 2 6 6 3 5 2 4 3 1 3 6 3 3 2 5 6 3 6 1 3 6 3 5 2 2
 3 3 3 3 6 3 5 3 3 6 6 3 3 3 5 5 5 3 3 3 2 3 6 1 3 2 3 6 2 2 2 3 5 1 3 5 5
 5 6 3 2 6 2 2 1 3 6 2 5 1 3 5 5 2 1 6 5 3 2 1 2 2 5 6 3 3 6 6 5 1 3 5 4 3
 1 2 3 0 3 6 1 5 6 1 2 6 3 3 4 4 5 2 2 2 2 2 5 2 1 1 5 3 6 3 6 6 6 2 1 5 5
 3 6 2 2 1 6 1 6 5 1 3 3 2 2 1 1 1 2 6 5 5 1 1 3 2 2 2 5 1 5 1 5 2 3 3 0 5
 1 4 4 2 3 4 1 5 3 2 2 1 2 3 6 1 2 4 2 2 2 5 1 3 6 5 1 6 5 5 2 6 2 4 2 6 3
 3 3 3 1 5 3 1 5 2 6 3 2 5 3 5 3 2 3 5 5 5 5 3 2 5 2 5 3 6 3 2 1 6 3 2 3 3
 1 5 6 3 6 3 5 6 4 3 2 3 4 3 2 5 6 6 4 6 1 5 5 3 2 1 3 2 1 6 3 5 1 2 6 3 3
 5 2 2 3 3 2 6 2 1 2 5 2 5 5 2 2 3 3 3 3 3 2 5 2 3 2 5 3 6 3 6 4 1 2 5 4 6
 6 2 3 3 1 5 5 5 2 3 1 3 6 6 3 3 6 5 3 1 5 5 5 2 5 2 6 6 3 1 6 4 5 5 2 3 5
 6 0 2 3 2 3 0 2 2 5 1 2 5 6 2 2 5 5 3 5 3 2 5 2 2 4 3 3 5 5 3 1 2]
 Dunn Index 0 : 0.00597827323254
---------------------------------------------------------------------------------------------------------
chromosome 1 : [ 0.23792172 -0.00884063 -0.13555484 ...,  0.          0.          0.        ]
 Objectives (Sil) : 0.446129907185
 Objectives (PBM) : 149.130527642
Cluster size 1 :12
Predicted Label for 1: [11 10  8  9 10  9 10 10 10 11 10  1  7  1 11  8  8  7  1  8  6  8 11  8  8
  9 10 11  8 11  6  8 11  8  8  7  7  8  8  8  8 11  8  8  8  9 11 11  8  9
  8 10 10 10  9  8  8  7  9 10  5  8  9  8 11  7  7  7  8 10  5  9 10  8  8
 11  8  7 11  7  7  6  8 11  7 10  5  9 10 10  7  5 11  8  9  9  6  7  9  8
 11  9  9 11 11 10  6  8 10  1  8  5  9  8  2  8 11  5 10 10  6  9 11  9  8
  0  1  8  7  6  7  7  7 10  6  5  6 10  9 11  9 11 11 11  6  6 10  8  9 11
  9  7  6 11  6 11 10  5  9  8  7  7  6  6  6  9 11  8 10  6  6  8  7  9  7
 10  6 10  5 10  7  8  9  3 10  5  1  1  7  8  1  6 10  8  7  7  6  7  9 11
  6  9  1  7  9  9 10  5  8 11 10  6  1 10 10  7 11  7  1  9 11  8  8  8  8
  5 10  8  6 10  7 11  8  7  8  8 10  8  7  9 10 10 10 10  8  7 10  9  8  8
 11  9  6  6 11  8  7  8  8  6 10 11  8 11  8 10 11  1  8  9  8  1  9  7 10
 11 11  1 11  5 10 10  9  7  5  9  7  6 11  8 10  6  7 11  8  9 10  7  9  9
  9  7 11  7  6  9 10  7 10 10  9  9  9  9  8  8  8  9 10  7  9  9 10  8 11
  8 11  1  6  9 10  1 11 11  7  9  8  5 10 10 10  9  8  6  8 11 11  8  9 11
 10  8  6 10 10 10  7 10  7 11 11  8  6 11  1 10  8  7  9 10 11  4  7  9  7
  9  4  7  7 10  5  9  8 11  6  9 10 10  8 10  9  7 10  7  9  1  8  8 10 10
  8  5  6]
 Dunn Index 1 : 0.0395627344509
---------------------------------------------------------------------------------------------------------
chromosome 2 : [ 0.24565704 -0.0073192  -0.13997216 ...,  0.          0.          0.        ]
 Objectives (Sil) : 0.445402848626
 Objectives (PBM) : 132.798895121
Cluster size 2 :16
Predicted Label for 2: [10 15 14 12 15 12 15 13 13 10 13  9  3  9 10 14 15  3  9 14  0 14 10 14 14
 12 15 10 14 10  0 14 13 14 15  3  3 14 14 15 14 13 14 15 14 12 13 10 14 12
 14 13 15 15 14 15 15  3 14 13  6 14 12 14 10  3  3  3 14 13 11 12 15 15 15
 13 14  3 10  3  3  0 14 13  3 15 11 14 15 15  0 11 10 15 14 12  0  3 12 15
 10 12 14 10 13 13  0 15 13  8 14 11 12 14  5 14 13 11 13 13  0 12 10 12 14
  1  8 15  3  0  3  3  3 15  0  6  0 13 12 10 12 10 13 10  0  0 15 15 12 10
 12  3  0 10 11 13 15 11 12 14  3 12  0 11 11 12 10 15 13 11  0 14  3 12  3
 13  0 15 11 15  3 14 12  7 15  6  8  8  3 14  9 11 13 14  3  3  0  3 14 13
  0 12  9  3 12 12 13  6 15 10 13 11  9 13 15  0 13  3  8 12 13 14 14 14 14
 11 15 14  0 13  0 13 15 12 15 15 13 14  3 14 13 15 15 15 14  3 13 12 15 14
 10 12  0  0 10 14  3 14 14 11 15 10 14 13 14 15 13  8 15 12 14  8 12  3 13
 13 10  8 10  6 13 13 12  3 11 14  3 11 13 15 15 11  3 10 14 12 15  3 12 14
 12  3 13  3  0 12 13  3 15 13 12 12 12 12 14 14 14 12 13 12 12 12 13 14 10
 14 10  9  0 12 13  9 10 13  3 14 14  6 15 13 15 12 14  0 14 10 13 14 14 10
 15 14  0 15 15 15  3 15  3 10 13 14  0 13  9 13 15  3 14 15 10  2  3 12 12
 14  4  3  3 15 11 12 15 13  0 12 15 13 14 13 12  0 15  3 12  9 14 14 13 15
 14 11  0]
 Dunn Index 2 : 0.0625846359147
---------------------------------------------------------------------------------------------------------
chromosome 3 : [ 0.25490639 -0.00594134 -0.14531561 ...,  0.          0.          0.        ]
 Objectives (Sil) : 0.532994139421
 Objectives (PBM) : 139.072003314
Cluster size 3 :3
Predicted Label for 3: [0 0 2 2 0 2 0 0 0 0 0 0 2 0 0 2 0 2 0 2 2 2 0 2 2 2 0 0 0 0 2 0 0 2 0 2 2
 0 2 0 2 0 2 0 0 2 0 0 2 2 0 0 0 0 2 0 0 2 2 0 2 2 2 2 0 2 2 2 2 0 2 2 0 0
 0 0 2 2 0 2 2 2 0 0 2 0 2 2 0 0 2 2 0 0 2 2 2 2 2 0 0 2 2 0 0 0 2 0 0 0 2
 2 2 0 2 2 0 2 0 0 2 2 0 2 2 1 0 0 2 2 2 2 2 0 2 2 2 0 2 0 2 0 0 0 2 2 0 0
 2 0 2 2 2 0 2 0 0 2 2 0 2 2 2 2 2 2 0 0 0 2 2 2 2 2 2 0 2 0 2 0 2 2 2 2 0
 2 0 0 2 2 0 2 0 2 2 2 2 2 2 0 2 2 0 2 2 2 0 2 0 0 0 2 0 0 0 2 0 2 0 2 0 2
 2 2 2 2 0 2 2 0 2 0 0 2 0 0 0 2 2 2 0 0 0 0 2 2 0 2 0 0 0 2 2 2 0 2 2 2 0
 2 0 0 2 0 2 0 0 0 0 2 2 0 2 2 0 0 0 0 0 2 0 0 2 2 2 2 2 2 0 0 0 2 2 0 0 2
 0 2 2 2 2 2 0 2 2 2 0 2 0 0 2 2 2 2 0 2 2 2 0 2 2 2 0 0 0 2 0 0 2 2 0 0 0
 0 2 2 2 2 0 0 0 2 2 2 0 0 0 2 2 0 0 2 2 0 0 0 2 0 2 0 0 2 2 0 0 0 0 2 2 0
 0 2 2 2 2 2 2 2 2 0 2 2 0 0 2 2 0 0 2 0 2 2 0 2 2 0 0 0 0 0 2 2 2]
 Dunn Index 3 : 0.0117772538201
---------------------------------------------------------------------------------------------------------
chromosome 4 : [ 0.20825579 -0.00717086 -0.11865193 ...,  0.          0.          0.        ]
 Objectives (Sil) : 0.439531368336
 Objectives (PBM) : 130.27716335
Cluster size 4 :13
Predicted Label for 4: [12 11 10  8 11  8 11 11 11 12 11  1  9  1 12 10 10  9  1 10  7 10 12 10 10
  8 11 12 10 12  7 10 12 10 10  9  9 10 10 10 10 12 10 10 10  8 12 12 10  8
 10 11 11 11  8 10 10  9  8 11  6 10  8 10 12  9  9  9 10 11  6  8 11 10 10
 12 10  9 12  9  9  7 10 12  9 11  6  8 11 11  9  6 12 10  8  8  7  9  8 10
 12  8  8 12 12 11  7 10 11  1 10  6  8 10  2 10 12  6 11 11  7  8 12  8 10
  0  1 10  9  7  9  9  9 11  7  5  7 11  8 12  8 12 12 12  7  7 11 10  8 12
  8  9  7 12  7 12 11  6  8 10  9  9  7  7  7  8 12 10 11  7  7 10  9  8  9
 11  7 11  6 11  9 10  8  3 11  6  1  1  9 10  1  7 11 10  9  9  7  9  8 12
  7  8  1  9  8  8 11  6 10 12 11  7  1 11 11  9 12  9  1  8 12 10 10 10 10
  6 11 10  7 11  9 12 10  9 10 10 11 10  9  8 11 11 11 11 10  9 11  8 10 10
 12  8  7  7 12 10  9 10 10  6 11 12 10 12 10 11 12  1 10  8 10  1  8  9 11
 12 12  1 12  5 11 11  8  9  6  8  9  7 12 10 11  7  9 12 10  8 11  9  8  8
  8  9 12  9  7  8 11  9 11 11  8  8  8  8 10 10 10  8 11  9  8  8 11 10 12
 10 12  1  7  8 11  1 12 12  9  8 10  5 11 11 11  8 10  7 10 12 12 10  8 12
 11 10  7 11 11 11  9 11  9 12 12 10  7 12  1 11 10  9  8 11 12  5  9  8  9
  8  4  9  9 11  6  8 10 12  7  8 11 11 10 11  8  9 11  9  8  1 10 10 11 11
 10  6  7]
 Dunn Index 4 : 0.0390929126406
---------------------------------------------------------------------------------------------------------
chromosome 5 : [ 0.26899751 -0.00777612 -0.15327794 ...,  0.          0.          0.        ]
 Objectives (Sil) : 0.465807439484
 Objectives (PBM) : 241.551994009
Cluster size 5 :11
Predicted Label for 5: [ 7  5 10  3  5  3  5  1  1  7  1  7  0  7  1 10  5  0  2 10  0 10  7 10 10
  3  5  7 10  7  0 10  1 10  5  3  0 10 10  5 10  1 10  5 10  3  1  7 10  3
 10  1  5  5 10  5  5  0 10  1  6 10  3 10  7  0  3  0 10  1  6  3  5  5  5
  1 10  3  7  0  0  6 10  1  3  5  6 10  5  5  0  6  7  5 10  3  0  3  3  5
  7  3 10  7  1  1  0  5  1  2 10  6  3 10  9 10  1  6  1  1  0  3  7 10 10
  4  2  5  3  0  0  3  3  5  0  6  0  1 10  7  3  7  1  7  0  0  5  5  3  7
  3  0  0  7  6  1  5  6  3 10  0  3  0  6  6  3  1  5  1  6  0 10  0  3  3
  1  0  5  6  5  0 10 10  8  5  6  2  2  3 10  2  6  1 10  3  0  0  3 10  1
  0  3  2  0  3  3  1  6  5  7  1  6  7  1  5  0  1  3  2  3  1 10 10 10 10
  6  5 10  0  1  0  1  5  3  5  5  1 10  3 10  1  5  5  5 10  0  1  3  5 10
  7  3  0  0  7 10  0 10 10  6  5  7 10  1 10  5  1  2  5  3 10  2  3  0  1
  1  7  2  7  6  1  1 10  0  6 10  3  6  1  5  5  6  3  7 10  3  5  0  3 10
 10  3  1  0  0  3  1  0  5  1  3  3  3 10 10 10 10  3  1  3  3  3  1 10  7
 10  7  2  6  3  1  2  7  1  0 10 10  6  5  1  5  3 10  0 10  7  1 10 10  7
  5 10  0  5  5  5  3  5  3  7  1 10  0  1  2  1  5  0 10  5  7  8  3  3  3
 10  8  3  3  5  6  3  5  1  0  3  5  1 10  1 10  0  5  3  3  2 10 10  1  5
 10  6  0]
 Dunn Index 5 : 0.0566224069069
---------------------------------------------------------------------------------------------------------
chromosome 6 : [ 0.23166465 -0.0068882  -0.13197672 ...,  0.          0.          0.        ]
 Objectives (Sil) : 0.474223723239
 Objectives (PBM) : 154.302391651
Cluster size 6 :11
Predicted Label for 6: [ 4  6  7  3  5  3  5  6  6  4  6  4  8  4  4  7  5  8  0  7  9  7  4  7  7
  3  5  4  7  4  9  7  6  7  5  8  8  7  7  5  7  6  7  5  7  3  6  4  7  3
  7  6  5  5  7  5  5  8  7  6  9  7  3  7  4  8  8  8  7  6  9  3  5  5  5
  6  7  3  4  8  8  9  7  6  8  5  9  7  5  5  8  9  4  5  7  3  9  3  3  5
  4  3  7  4  6  6  9  5  6  0  7  9  3  7 10  7  6  9  6  6  9  3  4  3  7
  1  0  5  3  8  8  3  8  5  8 10  9  6  3  4  3  4  6  4  8  9  5  5  3  4
  3  8  9  4  9  6  5  9  3  7  8  3  8  9  9  3  4  5  6  9  9  7  8  3  8
  6  9  6  9  5  8  7  3 10  6  9  0  0  8  7  0  9  6  7  8  8  9  8  7  6
  9  3  0  8  3  3  6  9  5  4  6  9  4  6  5  8  6  8  0  3  6  7  7  7  7
  9  5  7  9  6  8  6  5  3  5  5  6  7  8  7  6  5  5  5  7  8  6  3  5  7
  4  3  8  9  4  7  8  7  7  9  5  4  7  6  7  5  6  0  5  3  7  0  3  8  6
  6  4  0  4  9  6  6  3  8  9  7  8  9  6  5  5  9  8  4  7  3  5  8  3  7
  3  3  6  8  9  3  6  8  5  6  3  3  3  3  7  7  7  3  6  3  3  3  6  7  4
  7  4  0  9  3  6  0  4  6  8  7  7  9  5  6  5  3  7  8  7  4  6  7  7  4
  5  7  9  5  5  5  8  5  8  4  6  7  8  6  0  6  5  8  7  5  4 10  8  3  3
  7 10  8  8  6  9  3  5  6  8  3  5  6  7  6  3  8  5  3  3  0  7  7  6  5
  7  9  8]
 Dunn Index 6 : 0.02989491679
---------------------------------------------------------------------------------------------------------
chromosome 7 : [ 0.25490639 -0.00594134 -0.14531561 ...,  0.          0.          0.        ]
 Objectives (Sil) : 0.536063115003
 Objectives (PBM) : 16.37223638
Cluster size 7 :2
Predicted Label for 7: [1 1 0 0 1 0 1 1 1 1 1 1 0 1 1 0 1 0 1 0 0 0 1 0 0 0 1 1 0 1 0 0 1 0 1 0 0
 0 0 1 0 1 0 1 0 0 1 1 0 0 0 1 1 1 0 1 1 0 0 1 0 0 0 0 1 0 0 0 0 1 0 0 1 1
 1 1 0 0 1 0 0 0 0 1 0 1 0 0 1 1 0 0 1 1 0 0 0 0 0 1 1 0 0 1 1 1 0 1 1 1 0
 0 0 0 0 0 1 0 1 1 0 0 1 0 0 1 1 1 0 0 0 0 0 1 0 0 0 1 0 1 0 1 1 1 0 0 1 1
 0 1 0 0 0 1 0 1 1 0 0 0 0 0 0 0 0 0 1 1 1 0 0 0 0 0 0 1 0 1 0 1 0 0 0 0 1
 0 1 1 0 0 1 0 1 0 0 0 0 0 0 1 0 0 1 0 0 0 1 0 1 1 1 0 1 1 1 0 1 0 1 0 1 0
 0 0 0 0 1 0 0 1 0 1 1 0 1 1 1 0 0 0 1 1 1 1 0 0 1 0 1 0 1 0 0 0 1 0 0 0 0
 0 1 1 0 1 0 1 1 1 1 0 0 1 0 0 1 1 1 1 1 0 1 1 0 0 0 0 0 0 1 1 1 0 0 1 0 0
 1 0 0 0 0 0 1 0 0 0 1 0 1 1 0 0 0 0 0 0 0 0 1 0 0 0 1 0 1 0 1 1 0 0 1 1 1
 1 0 0 0 0 1 1 1 0 0 0 0 1 1 0 0 1 1 0 0 1 1 1 0 1 0 1 1 0 0 1 1 1 1 0 0 1
 1 0 0 0 0 0 0 0 0 1 0 0 1 1 0 0 1 1 0 1 0 0 1 0 0 1 0 0 1 1 0 0 0]
 Dunn Index 7 : 0.00985353316072
---------------------------------------------------------------------------------------------------------
chromosome 8 : [ 0.25595973 -0.00726014 -0.14583245 ...,  0.          0.          0.        ]
 Objectives (Sil) : 0.410190230971
 Objectives (PBM) : 168.547647137
Cluster size 8 :15
Predicted Label for 8: [ 7 13 12  3 10  3 10 13  0  7  0  7  6  7 14 12 10  6  1 12  5 12 14 12 12
  3 10 14  4 14  5  4 11 12 10  6  6  4 12  4 12 11  4 10  4  3 14  7 12  3
  4 13  0 10 12  4  4  6 12 11  2 12  3 12 14  6  6  6 12 11  2  3 10 10 10
 14 12  6 14  6  6  5  4 11  6  0  2 12  0 10  6  2  7 10 12  3  5  6  3  4
  7  3 12  7 14 11  5  4 13  1 12  2  3  4  8 12 11  2 11 11  5  3  7 12 12
  9  1  4  6  5  6  6  6 10  5  2  5 11 12 14  3  7 14 14  5  5 10  4  3  7
  3  6  5 14  5 14 10  2  3  4  6  3  5  5  5  3 14 10 11  5  5 12  6  3  6
 11  5  0  2 10  6 12 12  8  0  2  1  1  6  4  1  5  0 12  6  6  5  6 12 11
  5  3  1  6  3  3  0  2  4 14  0  5  7  0 10  6 11  6  1  3 11 12 12  4 12
  2 10  4  5  0  6 11  4  3 10  4 11  4  6 12  0  0 10 10 12  6 11  3 10  4
  7  3  5  5  7  4  6 12  4  5 10  7 12 14  4 10 11  1  4  3 12  1  3  6  0
 11 14  1  7  2 13  0  3  6  2 12  6  5 11  4 10  5  6  7  4  3 10  6  3 12
  3  6 11  6  5  3  0  6 10  0  3  3  3 12  4 12 12  3  0  3  3  3 11  4  7
 12 14  1  5  3 13  1  7 11  6 12 12  2 10 11 10  3 12  5  4  7 14 12 12  7
 10 12  5  0 10 10  6 10  6  7 11 12  5 14  1 13 10  6 12 10 14  8  6  3  3
 12  8  6  6  0  2  3 10 14  5  3 10  0 12 11  3  6 10  3  3  1  4  4  0 10
  4  2  5]
 Dunn Index 8 : 0.0470225119061
---------------------------------------------------------------------------------------------------------
chromosome 9 : [ 0.26814208 -0.00846224 -0.15282553 ...,  0.          0.          0.        ]
 Objectives (Sil) : 0.461528181455
 Objectives (PBM) : 146.708336296
Cluster size 9 :9
Predicted Label for 9: [4 6 8 8 7 8 7 6 6 4 6 3 0 3 4 8 7 0 3 8 1 8 4 8 8 8 7 4 7 4 1 7 6 8 7 0 0
 7 8 7 8 6 7 7 7 8 6 4 8 8 7 6 6 7 8 7 7 0 8 6 1 8 0 8 4 0 0 0 8 6 1 8 7 7
 7 6 8 0 4 0 0 1 7 6 0 6 1 8 6 7 0 1 4 7 8 0 1 0 0 7 4 8 8 4 6 6 1 7 6 2 8
 1 8 7 1 8 6 1 6 6 1 0 4 8 8 5 2 7 0 0 0 0 0 7 0 1 1 6 8 4 8 4 6 4 0 1 7 7
 8 4 0 0 1 4 1 6 7 1 8 7 0 0 0 1 1 8 4 7 6 1 1 8 0 8 0 6 1 6 1 7 0 8 8 1 6
 1 2 2 0 8 3 1 6 8 0 0 0 0 8 6 1 8 3 0 0 0 6 1 7 4 6 1 3 6 7 0 6 0 2 8 6 8
 8 7 8 1 7 7 1 6 0 6 7 0 7 7 6 7 0 8 6 6 7 7 8 0 6 8 7 7 4 8 0 1 4 7 0 8 7
 1 7 4 8 6 8 7 6 2 7 0 8 2 8 0 6 6 4 2 4 1 6 6 8 0 1 8 0 1 6 7 7 1 0 4 7 8
 7 0 0 8 8 0 6 0 1 0 6 0 7 6 8 0 8 8 7 8 8 8 6 0 8 8 6 7 4 8 4 3 1 0 6 3 4
 6 0 8 8 1 7 6 7 8 8 0 7 4 6 8 8 4 7 8 1 6 7 7 0 7 0 4 6 8 0 6 3 6 7 0 8 7
 4 1 0 8 0 8 1 0 0 6 1 0 7 6 0 0 7 6 8 6 8 0 7 0 0 3 7 7 6 7 8 1 0]
 Dunn Index 9 : 0.0146741678045
---------------------------------------------------------------------------------------------------------
chromosome 10 : [ 0.27317977 -0.00700056 -0.15567352 ...,  0.          0.          0.        ]
 Objectives (Sil) : 0.436129285877
 Objectives (PBM) : 88.7242998115
Cluster size 10 :16
Predicted Label for 10: [ 9 12  1  0 14  1 14 12 12  9 12  7  0  7 11  1 14  0  7  1 15  1  9  1  1
  0 14  9 14  9 15 14 11  1 14  0  0 14  1 14  1 11  1 14 14  1 11  9  1  1
 14 12 12 14  1 14 14  0  1 11 13  1  0  1  9  0  0  0  1 12 15  1 14 14 14
 11  1  0  9  0  0 15 14 11  0 12 15  1 12 14  0 15  9 14  1  0 15  0  0 14
  9  1  1  9 11 12 15 14 12  4  1 15  1 14 13  1 11 15 12 11 15  0  9  1  1
  2 10 14  0 15  0  0  0 14 15 13 15 12  1  9  1  9 11  9 15 15 14 14  1  9
  0  0 15 11 15 11 14 15  1 14  0  0 15 15 15  0 11 14 12 15 15  1  0  0  0
 12 15 12 15 14  0  1  1 13 12 13  6  3  0  1  7 15 12  1  0  0 15  0  1 11
 15  0 10  0  0  0 12 13 14  9 12 15  7 12 14 15 11  0  8  0 11  1  1  1  1
 15 14  1 15 12 15 11 14  0 14 14 12  1  0  1 12 12 12 14  1  0 12  1 14 14
  9  1 15 15  9 14  0  1 14 15 14  9  1 11  1 14 11  8 14  0  1  6  1  0 12
 11 11  5  9 13 12 12  1  0 15  1  0 15 11 14 14 15  0  9 14  1 14  0  0  1
  1  0 11  0 15  0 12  0 14 12  0  0  1  1 14  1  1  0 12  0  1  1 12 14  9
  1 11 10 15  0 12  7  9 11  0  1  1 13 14 11 14  0  1 15 14  9 11  1  1  9
 14  1 15 12 14 14  0 14  0  9 11  1 15 11 10 12 14  0  1 12 11 13  0  1  0
  1 13  0  0 12 15  0 14 11 15  0 14 12  1 12  1 15 14  0  0  7 14 14 12 14
  1 15 15]
 Dunn Index 10 : 0.023989077553
---------------------------------------------------------------------------------------------------------
chromosome 11 : [ 0.24663005 -0.00559727 -0.14051171 ...,  0.          0.          0.        ]
 Objectives (Sil) : 0.4548773034
 Objectives (PBM) : 127.569765301
Cluster size 11 :12
Predicted Label for 11: [10 11  1  1  0  1  0 11 11 10 11  9  7  9 10  0  0  7  9  0  4  0 10  0  1
  1  0 10  0 10  4  0 11  1  0  7  7  0  0  0  1 11  0  0  0  1 11 10  0  1
  0 11 11  0  1  0  0  7  1 11  4  0  1  1 10  7  7  7  0 11  4  1  0  0  0
 11  1  7 10  7  7  4  0 11  7 11  4  1 11  0  7  4 10  0  1  1  4  7  1  0
 10  1  1 10 11 11  4  0 11  5  0  4  1  0  3  0 11  4 11 11  4  1 10  1  0
  2  8  0  7  7  7  7  7  0  7  4  4 11  1 10  1 10 11 10  7  4  0  0  1 10
  1  7  4 10  4 11  0  4  1  0  7  7  7  4  4  1 10  0 11  4  4  0  7  1  7
 11  4 11  4  0  7  1  1  3 11  4  6  5  7  0  9  4 11  0  7  7  4  7  1 11
  4  1  8  7  1  1 11  4  0 10 11  4  9 11  0  7 11  7  8  1 11  1  0  0  1
  4  0  0  4 11  7 11  0  7  0  0 11  0  7  1 11 11 11  0  0  7 11  1  0  0
 10  1  7  4 10  0  7  0  0  4  0 10  0 11  0  0 11  8  0  1  0  8  1  7 11
 11 10  6 10  4 11 11  1  7  4  1  7  4 11  0  0  4  7 10  0  1  0  7  1  1
  1  7 11  7  4  1 11  7  0 11  1  1  1  1  0  0  1  1 11  7  1  1 11  0 10
  0 10  8  4  1 11  9 10 11  7  1  1  4  0 11  0  1  1  7  0 10 11  0  1 10
  0  0  4 11  0  0  7  0  7 10 11  0  7 11  9 11  0  7  1 11 10  3  7  1  7
  1  3  7  7 11  4  1  0 11  7  1  0 11  0 11  1  7  0  7  1  9  0  0 11  0
  0  4  7]
 Dunn Index 11 : 0.0287674205268
---------------------------------------------------------------------------------------------------------
chromosome 12 : [ 0.23738894 -0.00884063 -0.13522335 ...,  0.          0.          0.        ]
 Objectives (Sil) : 0.506720314349
 Objectives (PBM) : 263.374299262
Cluster size 12 :6
Predicted Label for 12: [0 3 4 5 4 5 4 3 3 0 3 0 5 0 3 4 4 5 0 4 1 4 3 4 4 5 4 3 4 3 1 4 3 4 4 5 5
 4 4 4 4 3 4 4 4 5 3 0 4 5 4 3 3 4 4 4 4 5 4 3 1 4 5 4 3 5 5 5 4 3 1 5 4 4
 4 3 4 5 3 5 5 1 4 3 5 3 1 4 3 4 5 1 3 4 4 5 1 5 5 4 3 5 4 3 3 3 1 4 3 0 4
 1 5 4 1 4 3 1 3 3 1 5 0 5 4 2 0 4 5 5 5 5 5 4 5 1 1 3 5 3 5 0 3 3 5 1 4 4
 5 0 5 5 1 3 1 3 4 1 5 4 5 5 1 1 1 5 3 4 3 1 1 4 5 5 5 3 1 3 1 4 5 4 4 1 3
 1 0 0 5 4 0 1 3 4 5 5 1 5 4 3 1 5 0 5 5 5 3 1 4 3 3 1 0 3 4 5 3 5 0 5 3 4
 4 4 4 1 4 4 1 3 5 3 4 5 4 4 3 4 5 4 3 3 4 4 4 5 3 5 4 4 0 5 5 1 0 4 5 4 4
 1 4 3 4 3 4 4 3 0 4 5 4 0 5 5 3 3 3 0 3 1 3 3 5 5 1 4 5 1 3 4 4 1 5 3 4 5
 4 5 5 4 5 5 3 5 1 5 3 5 4 3 5 5 5 5 4 4 4 5 3 5 5 5 3 4 0 4 3 0 1 5 3 0 0
 3 5 4 4 1 4 3 4 5 4 1 4 0 3 4 4 3 4 4 1 3 4 4 5 4 5 3 3 4 1 3 0 3 4 5 4 4
 3 1 5 5 5 4 1 5 5 3 1 5 4 3 5 5 4 3 4 3 5 5 4 5 5 0 4 4 3 4 4 1 5]
 Dunn Index 12 : 0.017698776934
---------------------------------------------------------------------------------------------------------
chromosome 13 : [ 0.26643913 -0.00771099 -0.15198574 ...,  0.          0.          0.        ]
 Objectives (Sil) : 0.489777120191
 Objectives (PBM) : 42.1632749727
Cluster size 13 :4
Predicted Label for 13: [1 3 0 0 3 0 3 3 3 1 3 1 2 1 3 0 3 2 1 0 2 0 1 0 0 0 3 1 0 1 2 0 3 0 3 0 2
 0 0 3 0 3 0 3 0 0 3 1 0 0 0 3 3 3 0 3 3 0 0 3 2 0 0 0 1 0 0 0 0 3 2 0 3 3
 3 3 0 0 1 0 2 2 0 3 0 3 2 0 3 3 2 2 1 3 0 0 2 0 0 3 1 0 0 1 3 3 2 3 3 1 0
 2 0 0 2 0 3 2 3 3 2 0 1 0 0 1 1 3 0 2 2 0 0 3 2 2 2 3 0 1 0 1 3 1 2 2 3 3
 0 1 0 0 2 3 2 3 3 2 0 0 2 0 2 2 2 0 3 3 3 2 2 0 2 0 0 3 2 3 2 3 2 0 0 2 3
 2 1 1 0 0 1 2 3 0 0 2 2 0 0 3 2 0 1 2 0 0 3 2 3 1 3 2 1 3 3 2 3 0 1 0 3 0
 0 0 0 2 3 0 2 3 2 3 3 0 3 3 3 0 0 0 3 3 3 3 0 2 3 0 3 0 1 0 2 2 1 0 2 0 0
 2 3 1 0 3 0 3 3 1 3 0 0 1 0 0 3 3 3 1 1 2 3 3 0 0 2 0 0 2 3 3 3 2 0 1 0 0
 3 0 0 0 0 0 3 0 2 0 3 0 3 3 0 0 0 0 0 0 0 0 3 0 0 0 3 0 1 0 3 1 2 0 3 1 1
 3 2 0 0 2 3 3 3 0 0 2 0 1 3 0 0 1 3 0 2 3 3 3 0 3 0 1 3 0 2 3 1 3 3 0 0 3
 3 2 0 0 0 0 2 0 0 3 2 0 3 3 2 0 3 3 0 3 0 2 3 0 0 1 0 0 3 3 0 2 2]
 Dunn Index 13 : 0.0120176379525
---------------------------------------------------------------------------------------------------------
chromosome 14 : [ 0.10861834 -0.00268762 -0.06187376 ...,  0.          0.          0.        ]
 Objectives (Sil) : 0.489777120191
 Objectives (PBM) : 42.1632749727
Cluster size 14 :4
Predicted Label for 14: [1 3 2 2 3 2 3 3 3 1 3 1 0 1 3 2 3 0 1 2 0 2 1 2 2 2 3 1 2 1 0 2 3 2 3 2 0
 2 2 3 2 3 2 3 2 2 3 1 2 2 2 3 3 3 2 3 3 2 2 3 0 2 2 2 1 2 2 2 2 3 0 2 3 3
 3 3 2 2 1 2 0 0 2 3 2 3 0 2 3 3 0 0 1 3 2 2 0 2 2 3 1 2 2 1 3 3 0 3 3 1 2
 0 2 2 0 2 3 0 3 3 0 2 1 2 2 1 1 3 2 0 0 2 2 3 0 0 0 3 2 1 2 1 3 1 0 0 3 3
 2 1 2 2 0 3 0 3 3 0 2 2 0 2 0 0 0 2 3 3 3 0 0 2 0 2 2 3 0 3 0 3 0 2 2 0 3
 0 1 1 2 2 1 0 3 2 2 0 0 2 2 3 0 2 1 0 2 2 3 0 3 1 3 0 1 3 3 0 3 2 1 2 3 2
 2 2 2 0 3 2 0 3 0 3 3 2 3 3 3 2 2 2 3 3 3 3 2 0 3 2 3 2 1 2 0 0 1 2 0 2 2
 0 3 1 2 3 2 3 3 1 3 2 2 1 2 2 3 3 3 1 1 0 3 3 2 2 0 2 2 0 3 3 3 0 2 1 2 2
 3 2 2 2 2 2 3 2 0 2 3 2 3 3 2 2 2 2 2 2 2 2 3 2 2 2 3 2 1 2 3 1 0 2 3 1 1
 3 0 2 2 0 3 3 3 2 2 0 2 1 3 2 2 1 3 2 0 3 3 3 2 3 2 1 3 2 0 3 1 3 3 2 2 3
 3 0 2 2 2 2 0 2 2 3 0 2 3 3 0 2 3 3 2 3 2 0 3 2 2 1 2 2 3 3 2 0 0]
 Dunn Index 14 : 0.0120176379525
---------------------------------------------------------------------------------------------------------
chromosome 15 : [ 0.23898179 -0.00624703 -0.13617693 ...,  0.          0.          0.        ]
 Objectives (Sil) : 0.422745881396
 Objectives (PBM) : 28.3846770808
Cluster size 15 :20
Predicted Label for 15: [19 18 15 16 18 16 18 17 17 19 17 19 11 19 17 15 18 11 19 15 12 15 19 15 15
 16 18 19 15 19 12 15 17 15 18 13 11 15 15 18 15 17 15 18 15 16 17 19 15 16
 15 18 18 18 15 18 18 13 15 17  8 15 16 15 19 13 13 13 15 17 14 16 18 18 18
 17 15 13 19 13 11 12 15 17 13 18 14 15 18 18 11 14 19 18 16 16 12 13 16 18
 19 16 15 19 17 17 12 18 17  0 15 14 16 15  1 15 17 14 17 17 12 16 19 16 15
  0  0 18 13 11 11 13 13 18 11  5 12 17 16 19 16 19 17 19 11 12 18 18 16 19
 16 13 12 17 12 17 18 14 16 15 11 13 11 12 12 16 17 18 17 12 12 15 11 16 13
 17 12 18 14 18 11 15 16  2 18  9  0  0 13 15 19 12 17 15 13 11 12 13 15 17
 12 16  0 11 16 16 17  9 18 19 17 12 19 17 18 11 17 13  0 16 17 15 15 15 15
 10 18 15 12 17 11 17 18 13 18 18 17 15 13 15 17 18 18 18 15 11 17 16 18 15
 19 16 11 12 19 15 11 15 15 14 18 19 15 17 15 18 17  0 18 16 15  0 16 13 17
 17 17  0 19  7 17 17 16 13 14 15 13 12 17 18 18 12 13 19 15 16 18 13 13 16
 16 13 17 13 12 16 17 13 18 17 16 16 16 16 15 15 15 16 17 13 16 16 17 15 19
 15 17  0 12 16 17 19 19 17 11 15 15  6 18 17 18 16 15 11 15 19 17 15 15 19
 18 15 12 18 18 18 13 18 13 19 17 15 11 17 19 17 18 13 15 18 17  4 13 16 13
 15  3 13 13 18 10 16 18 17 11 16 18 17 15 17 16 11 18 13 16 19 15 15 17 18
 15 10 11]
 Dunn Index 15 : 0.00740842535044
---------------------------------------------------------------------------------------------------------
chromosome 16 : [ 0.20916158 -0.00537917 -0.11902412 ...,  0.          0.          0.        ]
 Objectives (Sil) : 0.411116592279
 Objectives (PBM) : 99.4783225244
Cluster size 16 :16
Predicted Label for 16: [15 14 12 12 14 12 14 14 14 15 14  1 10  1 15 13 13 10  1 13  8 13 15 13 12
 12 14 15 13 15  8 13 15 12 13 11 10 13 13 13 13 15 13 13 13 12 15 15 13 12
 13 14 14 14 12 13 13 10 12 14  7 13 11 13 15 10 11 10 13 14  9 12 14 13 13
 15 12 11 15 10 10  8 13 15 11 14  9 12 14 14 10  9 15 13 12 11  8 11 11 13
 15 12 12 15 15 14  8 13 14  1 13  9 12 13  2 13 15  9 14 14  8 11 15 12 13
  0  1 13 11 10 10 11 11 14 10  6  8 14 12 15 12 15 15 15 10  8 14 13 12 15
 11 10  8 15  8 15 14  9 12 13 10 11 10  8  8 12 15 13 14  8  8 13 10 11 11
 14  8 14  9 14 10 13 12  3 14  7  1  1 11 13  1  8 14 13 11 10  8 11 12 15
  8 12  1 10 11 11 14  7 13 15 14  8  1 14 14 10 15 11  1 11 15 12 13 13 13
  9 14 13  8 14 10 15 13 11 13 13 14 13 11 12 14 14 14 14 13 10 14 12 13 13
 15 12 10  8 15 13 10 13 13  9 14 15 13 15 13 14 15  1 13 11 13  1 12 10 14
 15 15  1 15  7 14 14 12 10  9 12 11  8 15 13 14  8 11 15 13 12 14 10 11 12
 12 11 15 10  8 11 14 10 14 14 11 11 12 12 13 13 12 11 14 11 12 12 14 13 15
 13 15  1  8 11 14  1 15 15 10 12 12  7 14 14 14 11 12  8 13 15 15 13 12 15
 14 13  8 14 14 14 11 14 11 15 15 13  8 15  1 14 13 10 12 14 15  5 11 12 11
 12  4 11 11 14  9 11 13 15 10 11 14 14 13 14 12 10 14 11 11  1 13 13 14 14
 13  9 10]
 Dunn Index 16 : 0.0332883932801
---------------------------------------------------------------------------------------------------------
chromosome 17 : [ 0.25201696 -0.00722467 -0.14356135 ...,  0.          0.          0.        ]
 Objectives (Sil) : 0.438145386156
 Objectives (PBM) : 148.730283224
Cluster size 17 :15
Predicted Label for 17: [12  2  4  4  2  4  2  6  6 12  6 12  0 12  6 11  2  0  7 11  3 11 12 11 11
  4  2 12 11 12  3 11  6 11  2  5  0 11 11 11 11  6 11  2 11  4  6 12 11  4
 11  2  2  2  4 11 11  0  4  6  1 11  5 11 12  0  5  0 11  6  1  4  2  2  2
  6 11  5 12  0  0  3 11  6  5  2  1  4  2  2  0  1 12  2  4  5  3  5  5  2
 12  4  4 12  6  6  3 11  6  7 11  1  4 11  8 11  6  1  6  6  3  5 12  4 11
  9  7  2  5  0  0  5  5  2  0 13  3  6  4 12  4 12  6 12  0  3  2  2  4 12
  5  0  3 12  3  6  2  1  4 11  0  5  0  3  3  4  6  2  6  3  3 11  0  5  5
  6  3  2  1  2  0 11  4 10  2  1  7  7  5 11  7  3  6 11  5  0  3  5  4  6
  3  4  7  0  5  5  6  1 11 12  6  3 12  6  2  0  6  5  7  4  6 11 11 11 11
  1  2 11  3  6  0  6  2  5  2  2  6 11  5  4  6  2  2  2 11  0  6  4  2 11
 12  4  0  3 12 11  0 11 11  3  2 12 11  6 11  2  6  7 11  5 11  7  4  0  6
  6 12  7 12  1  6  6  4  0  1  4  5  3  6  2  2  3  5 12 11  4  2  0  5  4
  4  5  6  0  3  5  6  0  2  6  4  5  4  4 11 11 11  4  6  5  4  4  6 11 12
 11 12  7  3  5  6  7 12  6  0  4 11 13  2  6  2  4 11  0 11 12  6 11  4 12
  2 11  3  2  2  2  5  2  5 12  6 11  3  6  7  6  2  0  4  2 12 13  5  4  5
  4 10  5  5  2  1  5  2  6  0  5  2  6 11  6  4  0  2  5  5  7 11 11  6  2
 11  1  0]
 Dunn Index 17 : 0.0273043568454
---------------------------------------------------------------------------------------------------------
chromosome 18 : [ 0.27317977 -0.00884063 -0.15567352 ...,  0.          0.          0.        ]
 Objectives (Sil) : 0.536063115003
 Objectives (PBM) : 16.37223638
Cluster size 18 :2
Predicted Label for 18: [0 0 1 1 0 1 0 0 0 0 0 0 1 0 0 1 0 1 0 1 1 1 0 1 1 1 0 0 1 0 1 1 0 1 0 1 1
 1 1 0 1 0 1 0 1 1 0 0 1 1 1 0 0 0 1 0 0 1 1 0 1 1 1 1 0 1 1 1 1 0 1 1 0 0
 0 0 1 1 0 1 1 1 1 0 1 0 1 1 0 0 1 1 0 0 1 1 1 1 1 0 0 1 1 0 0 0 1 0 0 0 1
 1 1 1 1 1 0 1 0 0 1 1 0 1 1 0 0 0 1 1 1 1 1 0 1 1 1 0 1 0 1 0 0 0 1 1 0 0
 1 0 1 1 1 0 1 0 0 1 1 1 1 1 1 1 1 1 0 0 0 1 1 1 1 1 1 0 1 0 1 0 1 1 1 1 0
 1 0 0 1 1 0 1 0 1 1 1 1 1 1 0 1 1 0 1 1 1 0 1 0 0 0 1 0 0 0 1 0 1 0 1 0 1
 1 1 1 1 0 1 1 0 1 0 0 1 0 0 0 1 1 1 0 0 0 0 1 1 0 1 0 1 0 1 1 1 0 1 1 1 1
 1 0 0 1 0 1 0 0 0 0 1 1 0 1 1 0 0 0 0 0 1 0 0 1 1 1 1 1 1 0 0 0 1 1 0 1 1
 0 1 1 1 1 1 0 1 1 1 0 1 0 0 1 1 1 1 1 1 1 1 0 1 1 1 0 1 0 1 0 0 1 1 0 0 0
 0 1 1 1 1 0 0 0 1 1 1 1 0 0 1 1 0 0 1 1 0 0 0 1 0 1 0 0 1 1 0 0 0 0 1 1 0
 0 1 1 1 1 1 1 1 1 0 1 1 0 0 1 1 0 0 1 0 1 1 0 1 1 0 1 1 0 0 1 1 1]
 Dunn Index 18 : 0.00985353316072
---------------------------------------------------------------------------------------------------------
chromosome 19 : [ 0.27317977 -0.00815374 -0.15567352 ...,  0.          0.          0.        ]
 Objectives (Sil) : 0.40581246248
 Objectives (PBM) : 187.228858617
Cluster size 19 :13
Predicted Label for 19: [10  9  0  7  8  7  8  9  9 10  9 10 11 10  6  0  8 11  1  0  2  0 10  0  0
  7  8 10  5 10  2  5  6  0  5 12 11  5  0  5  0  6  0  5  5  7  6 10  0  7
  5  9  9  8  0  5  5 11  7  6  2  0 12  0 10 11 12 12  0  9  2  7  8  8  5
  6  0 12 10 11 11  2  5  6 12  9  2  0  9  8 11  2 10  5  7 12 11 12 12  5
 10  7  7 10  6  9  2  5  9  1  0  2  7  5  3  0  6  2  9  6 11  7 10  7  0
  4  1  5 12 11 11 12 12  8 11  3  2  9  7 10  7 10  6 10 11  2  8  5  7 10
 12 11  2  6  2  6  8  2  7  5 11 12 11  2  2  7  6  8  9  2  2  0 11  7 12
  9  2  9  2  8 11  0  7  3  9  2  1  1 12  0  1  2  9  0 12 11 11 12  7  6
 11  7  1 11 12 12  9  2  5 10  9  2 10  9  8 11  6 12  1  7  6  0  0  0  0
  2  8  0  2  9 11  6  5 12  5  5  9  0 12  0  9  9  8  8  0 11  9  7  5  5
 10  7 11  2 10  5 11  0  5  2  8 10  0  6  0  8  6  1  5 12  0  1  7 12  9
  6  6  1 10  2  9  9  7 11  2  0 12  2  6  5  8  2 12 10  5  7  8 11 12  7
  7 12  6 12  2 12  9 11  8  9  7 12  7  7  5  0  0  7  9 12  7  7  9  5 10
  0  6  1  2 12  9  1 10  6 11  7  0  2  8  6  8  7  0 11  5 10  6  0  7 10
  8  0  2  8  8  8 12  8 12 10  6  0 11  6  1  9  5 11  0  8  6  3 12  7 12
  0  3 12 12  9  2 12  8  6 11 12  8  9  0  9  7 11  8 12 12  1  5  5  9  8
  0  2 11]
 Dunn Index 19 : 0.0253018776365
---------------------------------------------------------------------------------------------------------
chromosome 20 : [  5.84786691e-316   6.29292520e-316   9.36978501e-317 ...,
   4.75601820e-316   4.75601701e-316   4.75601583e-316]
 Objectives (Sil) : 0.480536101626
 Objectives (PBM) : 181.81679577
Cluster size 20 :6
Predicted Label for 20: [3 4 5 5 4 5 4 4 4 3 4 3 5 3 3 4 4 5 3 4 2 4 3 4 5 5 4 3 4 3 2 4 3 5 4 5 5
 4 4 4 4 3 4 4 4 5 3 3 4 5 4 4 4 4 5 4 4 5 5 3 2 4 5 4 3 5 5 5 4 4 2 5 4 4
 4 3 5 5 3 5 5 2 4 3 5 4 2 5 4 4 2 2 3 4 5 5 2 5 5 4 3 5 5 3 3 4 2 4 4 3 4
 2 5 4 1 4 3 2 4 3 2 5 3 5 4 0 3 4 5 2 5 5 5 4 2 1 2 4 5 3 5 3 3 3 2 2 4 4
 5 3 5 5 2 3 2 3 4 2 5 4 5 5 2 2 2 5 3 4 4 2 2 4 5 5 5 4 2 4 2 4 2 4 5 1 4
 2 3 3 5 4 3 2 4 4 5 5 2 5 5 3 2 5 3 5 5 5 4 2 4 3 4 2 3 4 4 2 3 5 3 5 3 5
 4 4 4 2 4 4 2 4 2 3 4 5 4 4 4 4 5 5 4 4 4 4 4 5 4 5 4 4 3 5 2 2 3 4 2 4 4
 2 4 3 4 3 4 4 3 3 4 5 4 3 5 5 4 3 3 3 3 2 4 4 5 5 2 5 5 2 3 4 4 2 5 3 4 5
 4 5 5 5 5 5 3 5 2 5 4 5 4 4 5 5 5 5 4 4 5 5 4 5 5 5 4 4 3 4 3 3 2 5 4 3 3
 3 5 5 5 2 4 3 4 5 5 2 4 3 3 4 5 3 4 4 2 4 4 4 5 4 5 3 3 4 2 3 3 4 4 5 5 4
 3 1 5 5 5 5 1 5 5 4 2 5 4 3 2 5 4 4 4 4 5 2 4 5 5 3 4 4 4 4 4 2 2]
 Dunn Index 20 : 0.0183481847601
---------------------------------------------------------------------------------------------------------
chromosome 21 : [ 0.26385562 -0.00834767 -0.15033604 ...,  0.          0.          0.        ]
 Objectives (Sil) : 0.414864095581
 Objectives (PBM) : 64.3221930229
Cluster size 21 :16
Predicted Label for 21: [ 6 12 15 15 13 15 13 12 12  6 12  3  0  3  9 15 13  0  4 15  8 15 10 15 15
 15 13 10 13 10  8 13  9 15 13  0  0 13 15 13 15  9 13 13 13 15  9  6 15 15
 13 12 12 13 15 13 13  0 15  9  8 15  0 15 10  0  0  0 15  9  8 15 13 13 13
  9 15  0 10  0  0  8 13  9  0 12  8 15 12 13  0  8 10 13 15  0  8  0  0 13
 10 15 15 10  9  9  8 13 12  1 15  8 15 13  8 15  9  8  9  9  0 15  6 15 15
  2 14 13  0  0  0  0  0 13  0  8  8 12 15 10 15  6  9 10  0  8 13 13 15  6
  0  0  8 10  8  9 13  8 15 13  0  0  0  8  8 15  9 13 12  8  8 15  0 15  0
 12  8 12  8 13  0 15 15  8 12  8  1  1  0 15  4  8 12 15  0  0  0  0 15  9
  0 15 11  0  0  0 12  8 13 10 12  8  3 12 13  0  9  0 14 15  9 15 15 13 15
  8 13 13  8 12  0  9 13  0 13 13 12 13  0 15 12 12 12 13 15  0  9 15 13 13
  6 15  0  8  6 13  0 15 13  8 12 10 15  9 13 13  9 14 13  0 15 14 15  0 12
  9 10  1 10  8 12 12 15  0  8 15  0  8  9 13 13  8  0 10 13 15 13  0  0 15
 15  0  9  0  8  0 12  0 13 12 15  0 15 15 13 15 15 15 12  0 15 15  9 13  6
 15 10 11  8 15 12  5  6  9  0 15 15  8 13  9 13 15 15  0 13  6  9 15 15 10
 13 15  8 12 13 13  0 13  0 10  9 15  0  9  7 12 13  0 15 12 10  8  0 15  0
 15  8  0  0 12  8  0 13  9  0  0 13 12 15 12 15  0 13  0  0  7 13 13 12 13
 13  8  0]
 Dunn Index 21 : 0.0222653242638
---------------------------------------------------------------------------------------------------------
chromosome 22 : [ 0.20164108 -0.00561527 -0.11481739 ...,  0.          0.          0.        ]
 Objectives (Sil) : 0.422745881396
 Objectives (PBM) : 28.3846770808
Cluster size 22 :20
Predicted Label for 22: [19 18 15 16 18 16 18 17 17 19 17 19 11 19 17 15 18 11 19 15 12 15 19 15 15
 16 18 19 15 19 12 15 17 15 18 13 11 15 15 18 15 17 15 18 15 16 17 19 15 16
 15 18 18 18 15 18 18 13 15 17  8 15 16 15 19 13 13 13 15 17 14 16 18 18 18
 17 15 13 19 13 11 12 15 17 13 18 14 15 18 18 11 14 19 18 16 16 12 13 16 18
 19 16 15 19 17 17 12 18 17  0 15 14 16 15  1 15 17 14 17 17 12 16 19 16 15
  0  0 18 13 11 11 13 13 18 11  5 12 17 16 19 16 19 17 19 11 12 18 18 16 19
 16 13 12 17 12 17 18 14 16 15 11 13 11 12 12 16 17 18 17 12 12 15 11 16 13
 17 12 18 14 18 11 15 16  2 18  9  0  0 13 15 19 12 17 15 13 11 12 13 15 17
 12 16  0 11 16 16 17  9 18 19 17 12 19 17 18 11 17 13  0 16 17 15 15 15 15
 10 18 15 12 17 11 17 18 13 18 18 17 15 13 15 17 18 18 18 15 11 17 16 18 15
 19 16 11 12 19 15 11 15 15 14 18 19 15 17 15 18 17  0 18 16 15  0 16 13 17
 17 17  0 19  7 17 17 16 13 14 15 13 12 17 18 18 12 13 19 15 16 18 13 13 16
 16 13 17 13 12 16 17 13 18 17 16 16 16 16 15 15 15 16 17 13 16 16 17 15 19
 15 17  0 12 16 17 19 19 17 11 15 15  6 18 17 18 16 15 11 15 19 17 15 15 19
 18 15 12 18 18 18 13 18 13 19 17 15 11 17 19 17 18 13 15 18 17  4 13 16 13
 15  3 13 13 18 10 16 18 17 11 16 18 17 15 17 16 11 18 13 16 19 15 15 17 18
 15 10 11]
 Dunn Index 22 : 0.00740842535044
---------------------------------------------------------------------------------------------------------
chromosome 23 : [ 0.26088686 -0.00757229 -0.14864532 ...,  0.          0.          0.        ]
 Objectives (Sil) : 0.393512276595
 Objectives (PBM) : 127.075031779
Cluster size 23 :19
Predicted Label for 23: [ 1  8 10 14 12 14 12  5  8  4  8  4 15  4 18 10 12 15  4 10 13 10  1 10 10
 14 12  1 10  1 13 10  6 10 12 11 15 10 10 12 10  6 10 12 10 14 18  4 10 14
 10  5  8 12 10 12 12 11 10  6  0 10 14 10  1 11 11 11 10  9  2 14 12 12 12
 18 10 11  1 11 15 13 10  6 11  8  2 10  8 12 15  2  1 12 14 14 13 11 14 12
  1 14 10  1 18  9 13 12  5 16 10  2 14 10  7 10  6  2  9  9 13 14  4 14 10
  3 16 12 11 15 15 11 11 12 15 17 13  9 14  1 14  1 18  1 15 13 12 12 14  4
 14 11 13 18 13 18 12  2 14 10 15 11 15 13 13 14 18 12  9 13 13 10 15 14 11
  9 13  8  2 12 15 10 14  7  8  0 16 16 11 10  4 13  9 10 11 15 13 11 10  6
 13 14 16 15 14 14  8  0 12  1  9 13  4  8 12 15  6 11 16 14  6 10 10 10 10
  2 12 10 13  9 15  6 12 11 12 12  9 10 11 10  8  8  8 12 10 15  9 14 12 10
  1 14 15 13  1 10 15 10 10  2 12  1 10 18 10 12  6 16 12 14 10 16 14 11  9
  6 18 16  1  0  5  9 14 11  2 10 11 13  6 12 12 13 11  1 10 14 12 11 11 14
 14 11  6 11 13 14  9 11 12  9 14 14 14 14 10 10 10 14  9 11 14 14  9 10  4
 10 18 16 13 14  5  4  1  6 15 10 10  0 12  9 12 14 10 15 10  4 18 10 10  1
 12 10 13  8 12 12 11 12 11  1  6 10 15 18 16  5 12 11 10  8 18 17 11 14 11
 10  7 11 11  8  2 14 12 18 15 14 12  8 10  9 14 15 12 11 14  4 10 10  8 12
 10  2 15]
 Dunn Index 23 : 0.0449071200069
---------------------------------------------------------------------------------------------------------
chromosome 24 : [ 0.24992998 -0.00756702 -0.14250359 ...,  0.          0.          0.        ]
 Objectives (Sil) : 0.422745881396
 Objectives (PBM) : 28.3846770808
Cluster size 24 :20
Predicted Label for 24: [19 18 15 16 18 16 18 17 17 19 17 19 11 19 17 15 18 11 19 15 12 15 19 15 15
 16 18 19 15 19 12 15 17 15 18 13 11 15 15 18 15 17 15 18 15 16 17 19 15 16
 15 18 18 18 15 18 18 13 15 17  8 15 16 15 19 13 13 13 15 17 14 16 18 18 18
 17 15 13 19 13 11 12 15 17 13 18 14 15 18 18 11 14 19 18 16 16 12 13 16 18
 19 16 15 19 17 17 12 18 17  0 15 14 16 15  1 15 17 14 17 17 12 16 19 16 15
  0  0 18 13 11 11 13 13 18 11  5 12 17 16 19 16 19 17 19 11 12 18 18 16 19
 16 13 12 17 12 17 18 14 16 15 11 13 11 12 12 16 17 18 17 12 12 15 11 16 13
 17 12 18 14 18 11 15 16  2 18  9  0  0 13 15 19 12 17 15 13 11 12 13 15 17
 12 16  0 11 16 16 17  9 18 19 17 12 19 17 18 11 17 13  0 16 17 15 15 15 15
 10 18 15 12 17 11 17 18 13 18 18 17 15 13 15 17 18 18 18 15 11 17 16 18 15
 19 16 11 12 19 15 11 15 15 14 18 19 15 17 15 18 17  0 18 16 15  0 16 13 17
 17 17  0 19  7 17 17 16 13 14 15 13 12 17 18 18 12 13 19 15 16 18 13 13 16
 16 13 17 13 12 16 17 13 18 17 16 16 16 16 15 15 15 16 17 13 16 16 17 15 19
 15 17  0 12 16 17 19 19 17 11 15 15  6 18 17 18 16 15 11 15 19 17 15 15 19
 18 15 12 18 18 18 13 18 13 19 17 15 11 17 19 17 18 13 15 18 17  4 13 16 13
 15  3 13 13 18 10 16 18 17 11 16 18 17 15 17 16 11 18 13 16 19 15 15 17 18
 15 10 11]
 Dunn Index 24 : 0.00740842535044
---------------------------------------------------------------------------------------------------------
chromosome 25 : [ 0.25575723 -0.00757013 -0.14571315 ...,  0.          0.          0.        ]
 Objectives (Sil) : 0.436834827404
 Objectives (PBM) : 113.081322437
Cluster size 25 :17
Predicted Label for 25: [ 9 11  0 14 11 14 11 12 12  9 12  1 16  1  9  0 11 16  1  0 15  0  9  0  0
 14 11  9  0  9 15  0 12  0 11 16 16  0  0 11  0 12  0 11  0 14 12  9  0 14
  0 12 11 11  0 11 11 16  0 12  7  0 14  0  9 16 16 16  0 12 10 14 11 11 11
 12  0 16  9 16 16 15  0 12 16 11 10  0 11 11 15 10  9 11 14 14 15 16 14 11
  9 14  0  9 12 12 15 11 12  3  0 10 14  0 13  0 12 10 12 12 15 14  9 14  0
  8  6 11 16 15 16 16 16 11 15  4 15 12 14  9 14  9 12  9 15 15 11 11 14  9
 14 16 15  9 10 12 11 10 14  0 16 14 15 10 10 14  9 11 12 10 15  0 16 14 16
 12 15 11 10 11 16  0 14 13 11  7  5  2 16  0  1 10 12  0 16 16 15 16  0 12
 15 14  6 16 14 14 12  7 11  9 12 10  1 12 11 15 12 16  6 14 12  0  0  0  0
 10 11  0 15 12 15 12 11 14 11 11 12  0 16  0 12 11 11 11  0 16 12 14 11  0
  9 14 15 15  9  0 16  0  0 10 11  9  0 12  0 11 12  6 11 14  0  6 14 16 12
 12  9  5  9  7 12 12 14 16 10  0 16 10 12 11 11 10 16  9  0 14 11 16 14 14
 14 16 12 16 15 14 12 16 11 12 14 14 14 14  0  0  0 14 12 16 14 14 12  0  9
  0  9  6 15 14 12  1  9 12 16  0  0  7 11 12 11 14  0 15  0  9 12  0  0  9
 11  0 15 11 11 11 16 11 16  9 12  0 15 12  1 12 11 16  0 11  9  4 16 14 14
  0 13 16 16 11 10 14 11 12 15 14 11 12  0 12 14 15 11 16 14  1  0  0 12 11
  0 10 15]
 Dunn Index 25 : 0.0564846546111
---------------------------------------------------------------------------------------------------------
chromosome 26 : [ 0.24123859 -0.00478109 -0.1374557  ...,  0.          0.          0.        ]
 Objectives (Sil) : 0.489777120191
 Objectives (PBM) : 26.9844959825
Cluster size 26 :4
Predicted Label for 26: [1 0 2 2 0 2 0 0 0 1 0 1 3 1 0 2 0 3 1 2 3 2 1 2 2 2 0 1 2 1 3 2 0 2 0 2 3
 2 2 0 2 0 2 0 2 2 0 1 2 2 2 0 0 0 2 0 0 2 2 0 3 2 2 2 1 2 2 2 2 0 3 2 0 0
 0 0 2 2 1 2 3 3 2 0 2 0 3 2 0 0 3 3 1 0 2 2 3 2 2 0 1 2 2 1 0 0 3 0 0 1 2
 3 2 2 3 2 0 3 0 0 3 2 1 2 2 1 1 0 2 3 3 2 2 0 3 3 3 0 2 1 2 1 0 1 3 3 0 0
 2 1 2 2 3 0 3 0 0 3 2 2 3 2 3 3 3 2 0 0 0 3 3 2 3 2 2 0 3 0 3 0 3 2 2 3 0
 3 1 1 2 2 1 3 0 2 2 3 3 2 2 0 3 2 1 3 2 2 0 3 0 1 0 3 1 0 0 3 0 2 1 2 0 2
 2 2 2 3 0 2 3 0 3 0 0 2 0 0 0 2 2 2 0 0 0 0 2 3 0 2 0 2 1 2 3 3 1 2 3 2 2
 3 0 1 2 0 2 0 0 1 0 2 2 1 2 2 0 0 0 1 1 3 0 0 2 2 3 2 2 3 0 0 0 3 2 1 2 2
 0 2 2 2 2 2 0 2 3 2 0 2 0 0 2 2 2 2 2 2 2 2 0 2 2 2 0 2 1 2 0 1 3 2 0 1 1
 0 3 2 2 3 0 0 0 2 2 3 2 1 0 2 2 1 0 2 3 0 0 0 2 0 2 1 0 2 3 0 1 0 0 2 2 0
 0 3 2 2 2 2 3 2 2 0 3 2 0 0 3 2 0 0 2 0 2 3 0 2 2 1 2 2 0 0 2 3 3]
 Dunn Index 26 : 0.0120176379525
---------------------------------------------------------------------------------------------------------
chromosome 27 : [ 0.26174841 -0.00691998 -0.14912972 ...,  0.          0.          0.        ]
 Objectives (Sil) : 0.504356637763
 Objectives (PBM) : 185.851398268
Cluster size 27 :6
Predicted Label for 27: [1 0 2 3 2 3 2 0 0 1 0 1 3 1 0 2 2 3 1 2 4 2 0 2 2 3 2 0 2 0 4 2 0 2 2 3 3
 2 2 2 2 0 2 2 2 3 0 1 2 3 2 0 0 2 2 2 2 3 2 0 4 2 3 2 0 3 3 3 2 0 4 3 2 2
 2 0 2 3 0 3 3 4 2 0 3 0 4 2 0 2 3 4 1 2 2 3 4 3 3 2 1 3 2 1 0 0 4 2 0 1 2
 4 3 2 4 2 0 4 0 0 4 3 1 2 2 5 1 2 3 3 3 3 3 2 3 4 4 0 2 0 3 1 0 0 3 4 2 2
 3 1 3 3 4 0 4 0 2 4 3 2 3 3 3 4 4 3 0 2 0 4 4 2 3 3 3 0 4 0 4 2 3 2 2 4 0
 4 1 1 3 2 1 4 0 2 3 3 4 3 2 0 4 3 1 3 3 3 0 4 2 0 0 4 1 0 2 3 0 3 1 3 0 2
 2 2 2 4 2 2 4 0 3 0 2 3 2 2 0 2 3 2 0 0 0 2 2 3 0 3 2 2 1 3 3 4 1 2 3 2 2
 4 2 1 2 0 2 2 0 1 2 3 2 1 3 3 0 0 0 1 1 4 0 0 3 3 4 2 3 4 0 2 2 4 3 1 2 3
 2 3 3 2 3 3 0 3 4 3 0 3 2 0 3 3 3 2 2 2 2 3 0 3 3 3 0 2 1 2 0 1 4 3 0 1 1
 0 3 2 2 4 2 0 2 3 2 3 2 1 0 2 2 1 2 2 4 0 2 2 3 2 3 1 0 2 4 0 1 0 2 3 2 0
 0 4 3 3 3 2 4 3 3 0 4 3 2 0 3 3 2 0 2 0 3 3 2 3 3 1 2 2 0 2 2 4 3]
 Dunn Index 27 : 0.0215558542983
---------------------------------------------------------------------------------------------------------
chromosome 28 : [ 0.27317977 -0.00872846 -0.15567352 ...,  0.          0.          0.        ]
 Objectives (Sil) : 0.458094594188
 Objectives (PBM) : 162.496958132
Cluster size 28 :12
Predicted Label for 28: [10  2  1  0  2  0  2 11 11 10 11  9  7  9 10  1  2  7  9  1  7  1 10  1  1
  0  2 10  1 10  7  1 11  1  2  0  7  1  1  2  1 11  1  2  1  0 11 10  1  0
  1 11  2  2  1  2  2  0  1 11  5  1  0  1 10  0  0  0  1 11  5  0  2  2  2
 11  1  0 10  0  7  7  1 11  0  2  5  1  2  2  7  5 10  2  1  0  7  0  0  2
 10  0  1 10 11 11  7  2 11  6  1  5  0  1  4  1 11  5 11 11  7  0 10  1  1
  3  8  2  0  7  7  0  0  2  7  5  7 11  1 10  0 10 11 10  7  7  2  2  1 10
  0  0  7 10  5 11  2  5  0  1  7  0  7  5  5  0 10  2 11  5  7  1  7  0  0
 11  7  2  5  2  7  1  1  4  2  5  8  6  0  1  9  5 11  1  0  7  7  0  1 11
  7  0  8  7  0  0 11  5  2 10 11  5  9 11  2  7 11  0  8  0 11  1  1  1  1
  5  2  1  7 11  7 11  2  0  2  2 11  1  0  1 11  2  2  2  1  7 11  0  2  1
 10  0  7  7 10  1  7  1  1  5  2 10  1 11  1  2 11  8  2  0  1  8  0  0 11
 11 10  8 10  5 11 11  1  0  5  1  0  5 11  2  2  5  0 10  1  0  2  0  0  1
  1  0 11  0  7  0 11  0  2 11  0  0  0  1  1  1  1  0 11  0  0  0 11  1 10
  1 10  8  7  0 11  9 10 11  7  1  1  5  2 11  2  0  1  7  1 10 11  1  1 10
  2  1  7  2  2  2  0  2  0 10 11  1  7 11  9 11  2  0  1  2 10  4  0  0  0
  1  4  0  0  2  5  0  2 11  7  0  2 11  1 11  1  7  2  0  0  9  1  1 11  2
  1  5  7]
 Dunn Index 28 : 0.0633390021106
---------------------------------------------------------------------------------------------------------
chromosome 29 : [ 0.23738894 -0.00884063 -0.13522335 ...,  0.          0.          0.        ]
 Objectives (Sil) : 0.513198105049
 Objectives (PBM) : 90.6936037631
Cluster size 29 :4
Predicted Label for 29: [0 0 3 3 3 3 3 0 0 0 0 0 1 0 0 3 3 1 2 3 1 3 0 3 3 3 3 0 3 0 1 3 0 3 3 1 1
 3 3 3 3 0 3 3 3 3 0 0 3 3 3 0 0 3 3 3 3 1 3 0 1 3 3 3 0 1 1 1 3 0 1 3 3 3
 3 0 3 1 0 1 1 1 3 0 1 0 1 3 0 3 1 1 0 3 3 3 1 1 3 3 0 3 3 0 0 0 1 3 0 2 3
 1 3 3 1 3 0 1 0 0 1 3 0 3 3 2 2 3 1 1 1 1 1 3 1 1 1 0 3 0 3 0 0 0 1 1 3 3
 3 0 3 1 1 0 1 0 3 1 3 3 1 3 1 1 1 3 0 3 0 1 1 3 1 3 1 0 1 0 1 3 1 3 3 1 0
 1 2 2 1 3 2 1 0 3 1 1 1 1 3 0 1 3 2 1 3 3 0 1 3 0 0 1 2 0 3 1 0 1 2 3 0 3
 3 3 3 1 3 3 1 0 1 0 3 3 3 3 0 3 1 3 0 0 0 3 3 1 0 3 3 3 0 3 1 1 0 3 1 3 3
 1 3 0 3 0 3 3 0 2 3 3 3 2 3 1 0 0 0 2 0 1 0 0 3 1 1 3 1 1 0 3 3 1 1 0 3 3
 3 1 3 3 3 1 0 1 1 3 0 1 3 0 3 3 3 3 3 3 3 3 0 3 3 3 0 3 0 3 0 2 1 3 0 2 0
 0 1 3 3 1 3 0 3 3 3 1 3 0 0 3 3 0 3 3 1 0 3 3 1 3 1 0 0 3 1 0 2 0 3 1 3 0
 0 1 1 3 3 3 1 1 1 0 1 3 3 0 1 3 3 0 3 0 3 1 3 1 3 2 3 3 0 3 3 1 1]
 Dunn Index 29 : 0.00981960577096
---------------------------------------------------------------------------------------------------------
chromosome 30 : [ 0.26103093 -0.00773913 -0.14872959 ...,  0.          0.          0.        ]
 Objectives (Sil) : 0.456676118395
 Objectives (PBM) : 150.412127696
Cluster size 30 :11
Predicted Label for 30: [ 9 10  3  3  0  3  0 10 10  9 10  8  6  8  9  0  0  6  8  0  2  0  9  0  3
  3  0  9  0  9  2  0 10  3  0  6  6  0  0  0  3 10  0  0  0  3 10  9  0  3
  0 10 10  0  3  0  0  6  3 10  2  0  3  3  9  6  6  6  0 10  2  3  0  0  0
 10  3  6  9  6  6  2  0 10  6 10  2  3 10  0  6  2  9  0  3  3  2  6  3  0
  9  3  3  9 10 10  2  0 10  5  0  2  3  0  4  0 10  2 10 10  2  3  9  3  0
  1  7  0  6  6  6  6  6  0  6  2  2 10  3  9  3  9 10  9  6  2  0  0  3  9
  3  6  2  9  2 10  0  2  3  0  6  6  6  2  2  3  9  0 10  2  2  0  6  3  6
 10  2 10  2  0  6  3  3  4 10  2  7  5  6  0  8  2 10  0  6  6  2  6  3 10
  2  3  7  6  3  3 10  2  0  9 10  2  8 10  0  6 10  6  7  3 10  3  0  0  3
  2  0  0  2 10  6 10  0  6  0  0 10  0  6  3 10 10 10  0  0  6 10  3  0  0
  9  3  6  2  9  0  6  0  0  2  0  9  0 10  0  0 10  7  0  3  0  7  3  6 10
 10  9  7  9  2 10 10  3  6  2  3  6  2 10  0  0  2  6  9  0  3  0  6  3  3
  3  6 10  6  2  3 10  6  0 10  3  3  3  3  0  0  3  3 10  6  3  3 10  0  9
  0  9  7  2  3 10  8  9 10  6  3  3  2  0 10  0  3  3  6  0  9 10  0  3  9
  0  0  2 10  0  0  6  0  6  9 10  0  6 10  8 10  0  6  3 10  9  4  6  3  6
  3  4  6  6 10  2  3  0 10  6  3  0 10  0 10  3  6  0  6  3  8  0  0 10  0
  0  2  6]
 Dunn Index 30 : 0.0287674205268
---------------------------------------------------------------------------------------------------------
chromosome 31 : [ 0.23375536 -0.0076858  -0.13314041 ...,  0.          0.          0.        ]
 Objectives (Sil) : 0.436684599859
 Objectives (PBM) : 101.899354123
Cluster size 31 :15
Predicted Label for 31: [ 0 14 13 12 14 12 14 14 14  0 14  1 10  1  0 13 13 10  1 13 11 13  0 13 13
 12 14  0 13  0 11 13  0 13 13 10 10 13 13 13 13  0 13 13 13 12  0  0 13 12
 13 14 14 14 12 13 13 10 12 14  8 13 12 13  0 10 10 10 13 14  9 12 14 13 13
  0 13 10  0 10 10 11 13  0 10 14  9 12 14 14 11  9  0 13 12 12 11 10 12 13
  0 12 12  0  0 14 11 13 14  1 13  9 12 13  2 13  0  9 14 14 11 12  0 12 13
  4  1 13 10 11 10 10 10 14 11  8 11 14 12  0 12  0  0  0 11 11 14 13 12  0
 12 10 11  0  9  0 14  9 12 13 10 10 11  9  9 12  0 13 14  9 11 13 10 12 10
 14 11 14  9 14 10 13 12  3 14  8  1  1 10 13  1  9 14 13 10 10 11 10 12  0
 11 12  1 10 12 12 14  8 13  0 14  9  1 14 14 11  0 10  1 12  0 13 13 13 13
  9 14 13 11 14 11  0 13 10 13 13 14 13 10 12 14 14 14 14 13 10 14 12 13 13
  0 12 11 11  0 13 10 13 13  9 14  0 13  0 13 14  0  1 13 12 13  1 12 10 14
  0  0  1  0  8 14 14 12 10  9 12 10  9  0 13 14  9 10  0 13 12 14 10 10 12
 12 10  0 10 11 12 14 10 14 14 12 12 12 12 13 13 13 12 14 10 12 12 14 13  0
 13  0  1 11 12 14  1  0  0 10 12 13  8 14 14 14 12 13 11 13  0  0 13 12  0
 14 13 11 14 14 14 10 14 10  0  0 13 11  0  1 14 13 10 12 14  0  6 10 12 10
 12  5 10 10 14  9 12 13  0 11 12 14 14 13 14 12 11 14 10 12  1 13 13 14 14
 13  9 11]
 Dunn Index 31 : 0.0395627344509
---------------------------------------------------------------------------------------------------------
chromosome 32 : [ 0.21840783 -0.0048221  -0.12437729 ...,  0.          0.          0.        ]
 Objectives (Sil) : 0.480536101626
 Objectives (PBM) : 181.81679577
Cluster size 32 :7
Predicted Label for 32: [0 6 1 1 6 1 6 6 6 0 6 0 1 0 0 6 6 1 0 6 2 6 0 6 1 1 6 0 6 0 2 6 0 1 6 1 1
 6 6 6 6 0 6 6 6 1 0 0 6 1 6 6 6 6 1 6 6 1 1 0 2 6 1 6 0 1 1 1 6 6 2 1 6 6
 6 0 1 1 0 1 1 2 6 0 1 6 2 1 6 6 2 2 0 6 1 1 2 1 1 6 0 1 1 0 0 6 2 6 6 0 6
 2 1 6 5 6 0 2 6 0 2 1 0 1 6 3 0 6 1 2 1 1 1 6 2 5 2 6 1 0 1 0 0 0 2 2 6 6
 1 0 1 1 2 0 2 0 6 2 1 6 1 1 2 2 2 1 0 6 6 2 2 6 1 1 1 6 2 6 2 6 2 6 1 5 6
 2 0 0 1 6 0 2 6 6 1 1 2 1 1 0 2 1 0 1 1 1 6 2 6 0 6 2 0 6 6 2 0 1 0 1 0 1
 6 6 6 2 6 6 2 6 2 0 6 1 6 6 6 6 1 1 6 6 6 6 6 1 6 1 6 6 0 1 2 2 0 6 2 6 6
 2 6 0 6 0 6 6 0 0 6 1 6 0 1 1 6 0 0 0 0 2 6 6 1 1 2 1 1 2 0 6 6 2 1 0 6 1
 6 1 1 1 1 1 0 1 2 1 6 1 6 6 1 1 1 1 6 6 1 1 6 1 1 1 6 6 0 6 0 0 2 1 6 0 0
 0 1 1 1 2 6 0 6 1 1 2 6 0 0 6 1 0 6 6 2 6 6 6 1 6 1 0 0 6 2 0 0 6 6 1 1 6
 0 5 1 1 1 1 5 1 1 6 2 1 6 0 2 1 6 6 6 6 1 2 6 1 1 0 6 6 6 6 6 2 2]
 Dunn Index 32 : 0.0183481847601
---------------------------------------------------------------------------------------------------------
chromosome 33 : [ 0.23162582 -0.00678677 -0.13197192 ...,  0.          0.          0.        ]
 Objectives (Sil) : 0.450012240969
 Objectives (PBM) : 182.303979856
Cluster size 33 :12
Predicted Label for 33: [ 7 10  1  2 11  2 11 10 10  7 10  7  6  7  9  1 11  6  8  1  6  1  7  1  1
  2 11  9 11  7  6  1  9  1 11  2  6  1  1 11  1  9  1 11  1  2  9  7  1  2
 11 10 10 11  1 11 11  2  1  9  5  1  2  1  9  2  2  2  1 10  5  1 11 11 11
  9  1  2  7  2  6  6  1  9  2 10  5  1 10 11  6  5  7 11  1  2  6  2  2 11
  7  2  1  7  9 10  6 11 10  0  1  5  2  1  4  1  9  5 10  9  6  2  7  1  1
  3  0 11  2  6  6  2  2 11  6  5  6 10  1  7  2  7  9  7  6  6 11 11  1  7
  2  2  6  9  5  9 11  5  2 11  6  2  6  5  5  2  9 11 10  5  6  1  6  2  2
 10  6 10  5 11  6  1  1  4 10  5  0  0  2  1  8  5 10  1  2  6  6  2  1  9
  6  2  8  6  2  2 10  5 11  9 10  5  8 10 11  6  9  2  0  2  9  1  1  1  1
  5 11  1  6 10  6  9 11  2 11 11 10  1  2  1 10 10 10 11  1  6 10  2 11 11
  7  2  6  6  7  1  6  1  1  5 11  7  1  9  1 11  9  0 11  2  1  0  2  2 10
  9  9  0  7  5 10 10  1  2  5  1  2  5  9 11 11  5  2  7  1  1 11  2  2  1
  1  2  9  2  6  2 10  2 11 10  2  2  2  1  1  1  1  2 10  2  2  2 10 11  7
  1  9  8  6  2 10  8  7  9  6  1  1  5 11 10 11  2  1  6 11  7  9  1  1  7
 11  1  6 10 11 11  2 11  2  7  9  1  6  9  8 10 11  2  1 11  9  4  2  2  2
  1  4  2  2 10  5  2 11  9  6  2 11 10  1 10  1  6 11  2  2  8  1 11 10 11
  1  5  6]
 Dunn Index 33 : 0.0442401845513
---------------------------------------------------------------------------------------------------------
chromosome 34 : [ 0.24293732 -0.00596478 -0.13844533 ...,  0.          0.          0.        ]
 Objectives (Sil) : 0.40941759367
 Objectives (PBM) : 108.99422203
Cluster size 34 :20
Predicted Label for 34: [ 3  4 16 18 15 18 15  4  4  3  4  3  0  3  1 16 15  0  9 16 19 16  3 16 16
 18 15  3 16  3 19 16  1 16 15 17  0 16 16 15 16  1 16 15 16 18  1  3 16 18
 16  4  4 15 18 15 15  0 18  1  7 16 17 16  3  0 17  0 16  4 12 18 15 15 15
  1 16 17  3  0  0 14 16  1 17  4 12 18  4 15  0 11  3 15 18 17 19 17 17 15
  3 18 18  3  1  4 19 15  4 10 16 13 18 16  5 16  1 12  4  1 19 17  3 18 16
  6 10 15 17 19  0 17 17 15 19  2 19  4 18  3 18  3  1  3 19 19 15 15 18  3
 17  0 19  1 14  1 15 12 18 16  0 17 19 14 14 18  1 15  4 14 19 16  0 17 17
  4 14  4 12 15  0 16 18  5  4  7 10 10 17 16  9 14  4 16 17  0 19 17 18  1
 19 18  9  0 17 17  4  7 15  3  4 14  9  4 15  0  1 17 10 18  1 16 16 16 16
 13 15 16 19  4  0  1 15 17 15 15  4 16 17 16  4  4 15 15 16  0  4 18 15 16
  3 18  0 19  3 16  0 16 16 14 15  3 16  1 16 15  1 10 15 17 16 10 18  0  4
  1  1 10  3  7  4  4 18  0 12 18 17 14  1 15 15 14 17  3 16 18 15  0 17 18
 18 17  1  0 19 17  4  0 15  4 18 17 18 18 16 16 16 18  4 17 18 18  4 16  3
 16  1  9 14 17  4  9  3  1  0 18 16  7 15  1 15 18 16 19 16  3  1 16 18  3
 15 16 19  4 15 15 17 15 17  3  1 16 19  1  9  4 15  0 18 15  1  2 17 18 17
 18  5 17 17  4 13 17 15  1  0 17 15  4 16  4 18  0 15 17 17  9 16 16  4 15
 16 13  0]
 Dunn Index 34 : 0.0698102119474
---------------------------------------------------------------------------------------------------------
chromosome 35 : [ 0.20056097 -0.00439504 -0.11407517 ...,  0.          0.          0.        ]
 Objectives (Sil) : 0.533749990992
 Objectives (PBM) : 16.2717278884
Cluster size 35 :2
Predicted Label for 35: [0 0 1 1 0 1 0 0 0 0 0 0 1 0 0 1 0 1 0 1 1 1 0 1 1 1 0 0 0 0 1 1 0 1 0 1 1
 1 1 0 1 0 1 0 1 1 0 0 1 1 0 0 0 0 1 0 0 1 1 0 1 1 1 1 0 1 1 1 1 0 1 1 0 0
 0 0 1 1 0 1 1 1 1 0 1 0 1 1 0 0 1 1 0 0 1 1 1 1 1 0 0 1 1 0 0 0 1 0 0 0 1
 1 1 1 1 1 0 1 0 0 1 1 0 1 1 0 0 0 1 1 1 1 1 0 1 1 1 0 1 0 1 0 0 0 1 1 0 0
 1 0 1 1 1 0 1 0 0 1 1 0 1 1 1 1 1 1 0 0 0 1 1 1 1 1 1 0 1 0 1 0 1 1 1 1 0
 1 0 0 1 1 0 1 0 1 1 1 1 1 1 0 1 1 0 1 1 1 0 1 0 0 0 1 0 0 0 1 0 1 0 1 0 1
 1 1 1 1 0 1 1 0 1 0 0 1 0 0 0 1 1 1 0 0 0 0 1 1 0 1 0 0 0 1 1 1 0 1 1 1 1
 1 0 0 1 0 1 0 0 0 0 1 1 0 1 1 0 0 0 0 0 1 0 0 1 1 1 1 1 1 0 0 0 1 1 0 1 1
 0 1 1 1 1 1 0 1 1 1 0 1 0 0 1 1 1 1 1 1 1 1 0 1 1 1 0 0 0 1 0 0 1 1 0 0 0
 0 1 1 1 1 0 0 0 1 1 1 0 0 0 1 1 0 0 1 1 0 0 0 1 0 1 0 0 1 1 0 0 0 0 1 1 0
 0 1 1 1 1 1 1 1 1 0 1 1 0 0 1 1 0 0 1 0 1 1 0 1 1 0 1 0 0 0 1 1 1]
 Dunn Index 35 : 0.00583745684851
---------------------------------------------------------------------------------------------------------
chromosome 36 : [ 0.2407396  -0.00652982 -0.13715939 ...,  0.          0.          0.        ]
 Objectives (Sil) : 0.415789639907
 Objectives (PBM) : 143.312286621
Cluster size 36 :15
Predicted Label for 36: [ 9 13  6  6 13  6 13 14 13  9 13  9  8  9 14 10 13  8  0 10 12 10  9 10  6
  6 13  9 10  9 11 10 14  6 13  8  8 10 10 10 10 14 10 13 10  6 14  9 10  6
 10 13 13 13  6 10 10  8  6 14  3 10  5 10  9  8  5  8 10 14  3  6 13 13 13
 14  6  5  9  8  8 12 10 14  8 13  3  6 13 13 11  3  9 13  6  5 11  5  5 10
  9  6  6  9 14 14 11 10 13  0 10  3  6 10  4 10 14 12 14 14 11  5  9  6 10
  1  0 10  5 11  8  5  5 13 11  7 11 14  6  9  6  9 14  9 11 12 13 10  6  9
  5  8 11 14 12 14 13 12  6 10  8  5 11 12 12  6 14 13 14 12 12 10  8  5  8
 14 12 13 12 13  8 10  6  4 13  3  0  0  8 10  0 12 14 10  8  8 11  5  6 14
 11  6  0  8  5  5 13  3 10  9 14 12  9 13 13 11 14  8  0  5 14  6 10 10 10
  3 13 10 12 14 11 14 10  5 13 10 14 10  5  6 13 13 13 13 10  8 14  6 13 10
  9  6 11 12  9 10  8 10 10 12 13  9 10 14 10 13 14  0 10  5 10  0  6  8 14
 14 14  0  9  3 13 14  6  8  3  6  5 12 14 10 13 12  8  9 10  6 13  8  5  6
  6  5 14  8 11  5 14  8 13 14  5  5  6  6 10 10 10  5 14  5  6  6 14 10  9
 10 14  0 12  5 14  0  9 14  8  6  6  3 13 14 13  5 10 11 10  9 14 10  6  9
 13 10 12 13 13 13  5 13  8  9 14 10 11 14  0 13 13  8  6 13 14  7  5  6  5
  6  4  5  5 13  3  5 13 14 11  5 13 13 10 14  6 11 13  5  5  0 10 10 13 13
 10  3 11]
 Dunn Index 36 : 0.0470225119061
---------------------------------------------------------------------------------------------------------
chromosome 37 : [ 0.20632197 -0.00496695 -0.11754571 ...,  0.          0.          0.        ]
 Objectives (Sil) : 0.51651273868
 Objectives (PBM) : 171.499568586
Cluster size 37 :4
Predicted Label for 37: [0 0 3 3 3 3 3 0 0 0 0 0 2 0 0 3 3 2 0 3 2 3 0 3 3 3 3 0 3 0 2 3 0 3 3 2 2
 3 3 3 3 0 3 3 3 3 0 0 3 3 3 0 0 3 3 3 3 2 3 0 2 3 3 3 0 2 2 2 3 0 2 3 3 3
 3 0 3 2 0 2 2 2 3 0 2 0 2 3 0 3 2 2 0 3 3 3 2 2 3 3 0 3 3 0 0 0 2 3 0 0 3
 2 3 3 2 3 0 2 0 0 2 3 0 3 3 1 0 3 2 2 2 2 2 3 2 2 2 0 3 0 3 0 0 0 2 2 3 3
 3 0 3 2 2 0 2 0 3 2 3 3 2 3 2 2 2 3 0 3 0 2 2 3 2 3 2 0 2 0 2 3 2 3 3 2 0
 2 0 0 2 3 0 2 0 3 2 2 2 2 3 0 2 3 0 2 3 3 0 2 3 0 0 2 0 0 3 2 0 2 0 3 0 3
 3 3 3 2 3 3 2 0 2 0 3 3 3 3 0 3 2 3 0 0 3 3 3 2 0 3 3 3 0 3 2 2 0 3 2 3 3
 2 3 0 3 0 3 3 0 0 3 3 3 0 3 2 0 0 0 0 0 2 0 0 3 2 2 3 2 2 0 3 3 2 2 0 3 3
 3 2 3 3 3 2 0 2 2 3 0 2 3 0 3 3 3 3 3 3 3 3 0 3 3 3 0 3 0 3 0 0 2 3 0 0 0
 0 2 3 3 2 3 0 3 3 3 2 3 0 0 3 3 0 3 3 2 3 3 3 2 3 2 0 0 3 2 0 0 0 3 2 3 3
 0 2 2 3 3 3 2 2 2 0 2 3 3 0 2 3 3 0 3 0 3 2 3 2 3 0 3 3 0 3 3 2 2]
 Dunn Index 37 : 0.016519579896
---------------------------------------------------------------------------------------------------------
chromosome 38 : [ 0.24960086 -0.00658835 -0.14214628 ...,  0.          0.          0.        ]
 Objectives (Sil) : 0.443064745158
 Objectives (PBM) : 125.603166797
Cluster size 38 :15
Predicted Label for 38: [12 13 14  3 13  3 13  0  0 12  0 10  1 10 12 14 13  1 10 14  2 14 12 14 14
  3 13 12 14 12  2 14  0 14 13  1  1 14 14 13 14  0 14 13 14  3  0 12 14  3
 14  0 13 13 14 13 13  1 14  0 11 14  3 14 12  1  1  1 14  0  7  3 13 13 13
  0 14  1 12  1  1  2 14  0  1 13  7 14 13 13  2  7 12 13 14  3  2  1  3 13
 12  3 14 12  0  0  2 13  0  8 14  7  3 14  4 14  0  7  0  0  2  3 12  3 14
  6  9 13  1  2  1  1  1 13  2  5  2  0  3 12  3 12  0 12  2  2 13 13  3 12
  3  1  2 12  7  0 13  7  3 14  1  3  2  7  7  3 12 13  0  7  2 14  1  3  1
  0  2 13  7 13  1 14  3  4 13 11  9  8  1 14 10  7  0 14  1  1  2  1 14  0
  2  3  9  1  3  3  0 11 13 12  0  7 10  0 13  2  0  1  9  3  0 14 14 14 14
  7 13 14  2  0  2  0 13  3 13 13  0 14  1 14  0 13 13 13 14  1  0  3 13 14
 12  3  2  2 12 14  1 14 14  7 13 12 14  0 14 13  0  9 13  3 14  9  3  1  0
  0 12  9 12 11  0  0  3  1  7 14  1  7  0 13 13  7  1 12 14  3 13  1  3 14
  3  1  0  1  2  3  0  1 13  0  3  3  3  3 14 14 14  3  0  3  3  3  0 14 12
 14 12  9  2  3  0 10 12  0  1 14 14 11 13  0 13  3 14  2 14 12  0 14 14 12
 13 14  2 13 13 13  1 13  1 12  0 14  2  0 10  0 13  1 14 13 12  5  1  3  3
 14  4  1  1 13  7  3 13  0  2  3 13  0 14  0  3  2 13  1  3 10 14 14  0 13
 14  7  2]
 Dunn Index 38 : 0.0625846359147
---------------------------------------------------------------------------------------------------------
chromosome 39 : [ 0.25390199 -0.00724538 -0.14464566 ...,  0.          0.          0.        ]
 Objectives (Sil) : 0.419543652125
 Objectives (PBM) : 139.01885154
Cluster size 39 :16
Predicted Label for 39: [13 14  1 11 14 11 14 10 14 13 14 13  3 13 10  1 15  3 12  1  0  1 13  1  1
 11 14 13 15 13  0 15 10  1 15  3  3 15  1 15  1 10 15 15 15 11 10 13  1 11
 15 14 14 14  1 15 15  3  1 10  6  1 11  1 13  3  3  3  1 10  9 11 14 15 15
 10  1  3 13  3  3  0 15 10  3 14  9  1 14 14  0  9 13 15  1 11  0  3 11 15
 13 11  1 13 10 10  0 15 14 12  1  9 11 15  5  1 10  9 10 10  0 11 13  1  1
  8 12 15  3  0  3  3  3 14  0  6  0 10  1 13 11 13 10 13  0  0 14 15 11 13
 11  3  0 10  9 10 14  9 11 15  3 11  0  9  9 11 10 15 10  9  0  1  3 11  3
 10  0 14  9 14  3  1  1  7 14  6 12 12  3  1 12  9 10  1  3  3  0  3  1 10
  0 11 12  3 11 11 14  6 15 13 10  9 13 14 14  0 10  3 12 11 10  1  1 15  1
  9 14 15  0 10  0 10 15 11 15 15 10 15  3  1 14 14 14 14  1  3 10 11 15 15
 13 11  0  0 13 15  3  1 15  9 14 13  1 10 15 14 10 12 15 11  1 12 11  3 10
 10 13 12 13  6 14 10 11  3  9  1  3  9 10 15 14  9  3 13 15 11 14  3 11  1
  1  3 10  3  0 11 10  3 14 10 11 11 11  1 15  1  1 11 10 11 11 11 10 15 13
  1 13 12  0 11 10 12 13 10  3  1  1  6 14 10 14 11  1  0 15 13 10  1  1 13
 14  1  0 14 14 14  3 14  3 13 10  1  0 10 12 14 15  3  1 14 10  2  3 11 11
  1  4  3  3 14  9 11 15 10  0 11 14 14  1 10 11  0 14 11 11 12 15 15 14 14
 15  9  0]
 Dunn Index 39 : 0.0453556504522
---------------------------------------------------------------------------------------------------------
chromosome 40 : [ 0.22008034 -0.00615589 -0.1253499  ...,  0.          0.          0.        ]
 Objectives (Sil) : 0.45771908908
 Objectives (PBM) : 145.763502636
Cluster size 40 :10
Predicted Label for 40: [0 7 1 8 7 8 7 9 7 0 7 0 8 0 9 1 7 8 0 1 6 1 9 1 1 8 7 9 1 9 6 1 9 1 7 8 8
 1 1 7 1 9 1 7 1 8 9 0 1 8 1 7 7 7 1 7 7 8 1 9 5 1 8 1 9 8 8 8 1 9 5 1 7 7
 7 9 1 8 9 8 8 6 1 9 8 7 5 1 7 7 6 5 9 7 1 8 6 8 8 7 9 1 1 9 9 9 6 7 7 0 1
 5 8 1 3 1 9 5 9 9 6 8 0 1 1 2 0 7 8 6 8 8 8 7 6 5 6 9 1 9 8 0 9 9 6 6 7 7
 1 0 8 8 6 9 6 9 7 5 1 1 8 8 6 6 6 8 9 7 9 6 6 1 8 8 8 9 6 7 5 7 6 1 1 4 7
 5 0 0 8 1 0 6 9 1 8 8 6 8 1 9 6 8 0 8 8 8 7 5 7 9 9 6 0 7 7 6 9 8 0 8 9 1
 1 1 1 5 7 1 6 9 6 9 7 8 7 7 9 1 8 1 7 7 7 7 1 8 9 8 7 1 0 8 6 6 0 1 6 1 1
 5 7 9 1 9 1 7 9 0 7 8 1 0 8 8 9 9 9 0 9 5 7 9 1 8 5 1 8 6 9 7 7 6 8 9 1 1
 7 8 8 1 1 8 9 8 6 8 9 8 7 7 8 8 1 1 1 1 1 8 9 8 8 8 9 1 0 1 9 0 6 8 9 0 0
 9 8 1 1 5 7 9 7 8 1 6 1 0 9 1 1 9 7 1 6 7 7 7 8 7 8 9 9 1 6 9 0 7 7 8 1 7
 9 4 8 8 8 1 4 8 8 7 5 8 7 9 6 8 7 7 1 9 1 6 7 8 8 0 1 1 7 7 1 5 6]
 Dunn Index 40 : 0.0321844709962
---------------------------------------------------------------------------------------------------------
chromosome 41 : [ 0.21135263 -0.00619089 -0.12023041 ...,  0.          0.          0.        ]
 Objectives (Sil) : 0.461428235932
 Objectives (PBM) : 57.4377388689
Cluster size 41 :9
Predicted Label for 41: [8 7 6 5 7 5 7 7 7 8 7 8 4 8 8 6 7 4 1 6 4 6 8 6 6 5 7 8 6 8 4 6 8 6 6 5 4
 6 6 6 6 8 6 6 6 5 8 8 6 5 6 7 7 7 6 6 6 5 6 7 3 6 5 6 8 5 5 5 6 7 3 5 7 7
 7 8 6 5 8 5 4 4 6 8 5 7 3 6 7 7 4 3 8 6 6 5 4 5 5 6 8 5 6 8 8 7 4 6 7 1 6
 3 5 6 0 6 8 3 7 7 4 5 8 6 6 1 1 6 5 4 4 5 5 7 4 3 4 7 6 8 5 8 8 8 4 4 7 6
 5 8 5 5 4 8 3 8 7 3 5 6 4 5 4 3 3 5 8 7 7 3 4 6 4 5 5 7 4 7 3 7 4 6 6 2 7
 3 1 1 5 6 1 3 7 6 5 4 4 5 6 8 4 5 1 4 5 5 7 3 6 8 7 3 8 7 7 4 8 5 1 5 8 6
 6 6 6 3 7 6 4 7 4 8 6 5 7 6 7 6 5 6 7 7 7 7 6 4 7 5 7 6 8 5 4 4 8 6 4 6 6
 3 7 8 6 8 6 7 8 1 6 5 6 1 5 5 7 8 8 1 8 3 7 7 6 5 3 6 5 3 8 6 7 3 5 8 6 5
 7 5 5 6 6 5 8 5 4 5 7 5 7 7 5 5 5 6 6 6 6 5 7 5 5 5 7 6 8 6 8 1 4 5 7 1 8
 8 4 6 6 3 7 7 7 5 6 4 6 8 8 6 6 8 7 6 4 7 7 7 5 7 5 8 8 6 4 8 1 7 7 5 6 7
 8 2 5 5 5 6 2 5 5 7 3 5 7 8 4 5 7 7 6 7 6 4 7 5 5 1 6 6 7 7 6 3 4]
 Dunn Index 41 : 0.0094734192614
---------------------------------------------------------------------------------------------------------
chromosome 42 : [ 0.25469901 -0.00747159 -0.14519066 ...,  0.          0.          0.        ]
 Objectives (Sil) : 0.51248678935
 Objectives (PBM) : 166.057417057
Cluster size 42 :4
Predicted Label for 42: [1 0 0 0 0 0 0 1 0 1 1 1 3 1 1 0 0 3 1 0 3 0 1 0 0 0 0 1 0 1 3 0 1 0 0 3 3
 0 0 0 0 1 0 0 0 0 1 1 0 0 0 0 0 0 0 0 0 3 0 1 3 0 3 0 1 3 3 3 0 1 3 0 0 0
 0 1 0 3 1 3 3 3 0 1 3 0 3 0 0 0 3 3 1 0 0 3 3 3 0 0 1 0 0 1 1 1 3 0 1 1 0
 3 0 0 3 0 1 3 1 1 3 0 1 0 0 2 1 0 3 3 3 3 3 0 3 3 3 1 0 1 0 1 1 1 3 3 0 0
 0 1 3 3 3 1 3 1 0 3 0 0 3 3 3 3 3 0 1 0 1 3 3 0 3 0 3 1 3 0 3 0 3 0 0 3 0
 3 1 1 3 0 1 3 1 0 3 3 3 3 0 1 3 0 1 3 3 3 1 3 0 1 1 3 1 0 0 3 1 3 1 0 1 0
 0 0 0 3 0 0 3 1 3 1 0 3 0 0 1 0 3 0 0 0 0 0 0 3 1 0 0 0 1 0 3 3 1 0 3 0 0
 3 0 1 0 1 0 0 1 1 0 3 0 1 0 3 1 1 1 1 1 3 1 1 0 3 3 0 3 3 1 0 0 3 3 1 0 0
 0 3 3 0 0 3 1 3 3 3 1 3 0 1 0 3 0 0 0 0 0 0 1 3 0 0 1 0 1 0 1 1 3 0 1 1 1
 1 3 0 0 3 0 1 0 0 0 3 0 1 1 0 0 1 0 0 3 0 0 0 3 0 3 1 1 0 3 1 1 0 0 3 0 0
 1 3 3 0 3 0 3 3 3 0 3 3 0 1 3 3 0 0 0 1 0 3 0 3 3 1 0 0 1 0 0 3 3]
 Dunn Index 42 : 0.0137427908766
---------------------------------------------------------------------------------------------------------
chromosome 43 : [ 0.18554002 -0.00448462 -0.10553444 ...,  0.          0.          0.        ]
 Objectives (Sil) : 0.475663431908
 Objectives (PBM) : 213.618257548
Cluster size 43 :8
Predicted Label for 43: [1 6 5 5 6 5 6 7 6 1 6 1 4 1 7 5 6 4 1 5 3 5 7 5 5 5 6 7 6 7 3 5 7 5 6 4 4
 5 5 6 5 7 5 6 5 5 7 1 5 5 6 6 6 6 5 6 6 4 5 7 3 5 4 5 7 4 4 4 5 7 3 5 6 6
 6 7 5 4 7 4 4 3 5 7 4 6 3 5 6 6 4 3 7 6 5 4 3 4 4 6 7 5 5 7 7 7 3 6 6 1 5
 3 5 5 2 5 7 3 7 7 3 4 1 5 5 0 1 6 4 4 4 4 4 6 4 3 3 7 5 7 5 1 7 7 4 3 6 6
 5 1 4 4 3 7 3 7 6 3 5 6 4 4 4 3 3 5 7 6 7 3 3 5 4 4 4 7 3 6 3 6 4 5 5 2 6
 3 1 1 4 5 1 3 7 5 4 4 3 4 5 7 3 5 1 4 4 4 6 3 6 7 7 3 1 6 6 4 7 4 1 5 7 5
 5 5 5 3 6 5 3 7 4 7 6 4 6 6 7 5 4 5 6 6 6 6 5 4 7 5 6 6 1 5 4 3 1 5 4 5 5
 3 6 7 5 7 5 6 7 1 6 4 5 1 5 4 7 7 7 1 7 3 6 7 5 4 3 5 4 3 7 6 6 3 4 7 5 5
 6 4 4 5 5 4 7 4 3 4 7 4 6 7 5 4 5 5 5 5 5 4 7 4 5 5 7 6 1 5 7 1 3 4 7 1 1
 7 4 5 5 3 6 7 6 4 5 3 6 1 7 5 5 7 6 5 3 6 6 6 4 6 4 7 7 5 3 7 1 6 6 4 5 6
 7 2 4 5 4 5 2 4 4 6 3 4 6 7 4 4 6 6 5 7 5 4 6 4 4 1 5 6 6 6 5 3 4]
 Dunn Index 43 : 0.019116050188
---------------------------------------------------------------------------------------------------------
chromosome 44 : [ 0.23065455 -0.00651579 -0.13138896 ...,  0.          0.          0.        ]
 Objectives (Sil) : 0.456768308345
 Objectives (PBM) : 99.6928159076
Cluster size 44 :11
Predicted Label for 44: [ 8  9  0  0 10  0 10  9  9  8  9  7  3  7  8  0 10  3  7  0  4  0  8  0  0
  0 10  8 10  8  4 10  9  0 10  3  3 10  0 10  0  9 10 10 10  0  9  8  0  0
 10  9  9 10  0 10 10  3  0  9  4  0  3  0  8  3  3  3  0  9  4  0 10 10 10
  9  0  3  8  3  3  4 10  9  3  9  4  0  9 10  3  4  8 10  0  3  4  3  3 10
  8  0  0  8  9  9  4 10  9  2  0  4  0 10  4  0  9  4  9  9  4  3  8  0  0
  1  6 10  3  3  3  3  3 10  3  4  4  9  0  8  0  8  9  8  3  4 10 10  0  8
  3  3  4  8  4  9 10  4  0 10  3  3  3  4  4  0  8 10  9  4  4  0  3  0  3
  9  4  9  4 10  3  0  0  4  9  4  6  2  3  0  7  4  9  0  3  3  3  3  0  9
  4  0  6  3  3  3  9  4 10  8  9  4  7  9 10  3  9  3  6  0  9  0  0 10  0
  4 10 10  4  9  3  9 10  3 10 10  9 10  3  0  9  9 10 10  0  3  9  0 10 10
  8  0  3  4  8 10  3  0 10  4 10  8  0  9  0 10  9  6 10  3  0  6  0  3  9
  9  8  6  8  4  9  9  0  3  4  0  3  4  9 10 10  4  3  8 10  0 10  3  3  0
  0  3  9  3  4  3  9  3 10  9  0  3  0  0 10  0  0  0  9  3  0  0  9 10  8
  0  8  6  4  3  9  7  8  9  3  0  0  4 10  9 10  0  0  3 10  8  9  0  0  8
 10  0  4  9 10 10  3 10  3  8  9  0  3  9  7  9 10  3  0 10  8  4  3  0  3
  0  4  3  3  9  4  3 10  9  3  3 10  9  0  9  0  3 10  3  3  7 10 10  9 10
  0  4  3]
 Dunn Index 44 : 0.0146741678045
---------------------------------------------------------------------------------------------------------
chromosome 45 : [ 0.27317977 -0.00778    -0.15567352 ...,  0.          0.          0.        ]
 Objectives (Sil) : 0.490495119348
 Objectives (PBM) : 175.530801165
Cluster size 45 :7
Predicted Label for 45: [6 4 1 2 4 2 4 4 4 6 4 6 2 6 6 1 1 2 3 1 0 1 6 1 1 2 4 6 1 6 0 1 6 1 1 2 2
 1 1 1 1 4 1 1 1 2 6 6 1 2 1 4 4 4 1 1 1 2 1 4 0 1 2 1 6 2 2 2 1 4 0 1 4 1
 1 6 1 2 6 2 2 0 1 4 2 4 0 1 4 4 2 0 6 1 1 2 0 2 2 1 6 1 1 6 6 4 0 1 4 3 1
 0 2 1 0 1 4 0 4 4 0 2 6 1 1 5 3 1 2 2 2 2 2 4 2 0 0 4 1 6 2 6 6 6 2 0 4 1
 1 6 2 2 0 6 0 6 4 0 2 1 2 2 2 0 0 2 6 4 4 0 0 1 2 2 2 4 0 4 0 4 2 1 1 0 4
 0 3 3 2 1 3 0 4 1 2 2 0 2 1 4 0 2 3 2 2 2 4 0 1 6 4 0 6 4 4 2 4 2 3 2 4 1
 1 1 1 0 4 1 0 4 2 4 1 2 1 1 4 1 2 1 4 4 4 4 1 2 4 2 1 1 6 2 2 0 6 1 2 1 1
 0 4 6 1 6 1 4 4 3 1 2 1 3 2 2 4 4 6 3 6 0 4 4 1 2 0 1 2 0 4 1 4 0 2 6 1 1
 4 2 2 1 1 2 4 2 0 2 4 2 4 4 2 2 1 1 1 1 1 2 4 2 2 2 4 1 6 1 6 3 0 2 4 3 6
 6 2 1 1 0 4 4 4 2 1 2 1 6 6 1 1 6 4 1 0 4 4 4 2 4 2 6 6 1 0 6 3 4 1 2 1 4
 6 0 2 2 2 1 0 2 2 4 0 2 1 6 2 2 4 4 1 4 1 2 4 2 2 3 1 1 4 4 1 0 2]
 Dunn Index 45 : 0.0199122267496
---------------------------------------------------------------------------------------------------------
chromosome 46 : [ 0.25270596 -0.00703154 -0.14399382 ...,  0.          0.          0.        ]
 Objectives (Sil) : 0.45771908908
 Objectives (PBM) : 145.763502636
Cluster size 46 :10
Predicted Label for 46: [1 3 2 9 3 9 3 0 3 1 3 1 9 1 0 2 3 9 1 2 6 2 0 2 2 9 3 0 2 0 6 2 0 2 3 9 9
 2 2 3 2 0 2 3 2 9 0 1 2 9 2 3 3 3 2 3 3 9 2 0 8 2 9 2 0 9 9 9 2 0 8 2 3 3
 3 0 2 9 0 9 9 6 2 0 9 3 8 2 3 3 6 8 0 3 2 9 6 9 9 3 0 2 2 0 0 0 6 3 3 1 2
 8 9 2 5 2 0 8 0 0 6 9 1 2 2 4 1 3 9 6 9 9 9 3 6 8 6 0 2 0 9 1 0 0 6 6 3 3
 2 1 9 9 6 0 6 0 3 8 2 2 9 9 6 6 6 9 0 3 0 6 6 2 9 9 9 0 6 3 8 3 6 2 2 7 3
 8 1 1 9 2 1 6 0 2 9 9 6 9 2 0 6 9 1 9 9 9 3 8 3 0 0 6 1 3 3 6 0 9 1 9 0 2
 2 2 2 8 3 2 6 0 6 0 3 9 3 3 0 2 9 2 3 3 3 3 2 9 0 9 3 2 1 9 6 6 1 2 6 2 2
 8 3 0 2 0 2 3 0 1 3 9 2 1 9 9 0 0 0 1 0 8 3 0 2 9 8 2 9 6 0 3 3 6 9 0 2 2
 3 9 9 2 2 9 0 9 6 9 0 9 3 3 9 9 2 2 2 2 2 9 0 9 9 9 0 2 1 2 0 1 6 9 0 1 1
 0 9 2 2 8 3 0 3 9 2 6 2 1 0 2 2 0 3 2 6 3 3 3 9 3 9 0 0 2 6 0 1 3 3 9 2 3
 0 7 9 9 9 2 7 9 9 3 8 9 3 0 6 9 3 3 2 0 2 6 3 9 9 1 2 2 3 3 2 8 6]
 Dunn Index 46 : 0.0321844709962
---------------------------------------------------------------------------------------------------------
chromosome 47 : [ 0.27271522 -0.00770111 -0.15539026 ..., -0.2058584  -0.24270175
  0.03741515]
 Objectives (Sil) : 0.340586304874
 Objectives (PBM) : 133.241691105
Cluster size 47 :20
Predicted Label for 47: [15  7 10 13 18 19  9  7  7 15  7 15  8 15 11  3 18 12  5  3  2 14 11  3  3
 19  9 11 17 11  2 14  6 10 17 12  8 14 14 17 10  6 14 17 14 19 11 15 14 19
 14  7  7  9 10 17 17 12 10  6 16 14 13 10 11 12 12 12  3  6  2 19  9 18 18
 11 10 12 11 12  8  2 14  6 12  7  2 10  7  9  8  2 15 18 10 13  8 12 13 17
 15 19 10 15 11  6  2 17  7  5  3  2 19 14  1  3  6  2  6  6  8 13 15 19 14
  0  5 17 12  8  8 12 12 18  8 16  2  6 19 11 19 15 11 11  8  2  9 17 19 15
 13 12  2 11  2 11  9  2 19 17  8 13  8  2  2 13 11 18  6  2  2  3  8 13 12
  6  2  7  2  9  8  3 19  4  7 16  5  5 12  3  5  2  7 14 12  8  8 12 10  6
  8 13  5  8 13 13  7 16 17 11  7  2 15  7  9  8  6 12  5 13  6 10  3 14 10
  2  9 14  2  7  8  6 17 13 18 18  6 14 12  3  7  7  9  9 14  8  6 19 18 17
 15 19  8  2 15 14  8 10 14  2  9 15 14 11 14  9  6  5 17 13 10  5 19 12  7
  6 11  5 15 16  7  7 19 12  2 10 12  2  6 17 18  2 12 15 14 19 18 12 13 10
 19 12  6 12  2 13  7 12  9  7 13 13 19 19 14  3 10 13  7 13 19 19  6 17 15
  3 11  5  2 13  7  5 15  6  8 10 10 16  9  6 18 13 10  8 17 15 11  3 10 15
 18 14  2  7  9  9 12  9 12 15  6 10  8 11  5  7 18 12 10  9 11 16 12 19 13
 10  4 12 12  7  2 13 18 11  8 13  9  7  3  6 19  8  9 13 13  5 14 14  7  9
 14  2  8]
 Dunn Index 47 : 0.0379774020049
---------------------------------------------------------------------------------------------------------
chromosome 48 : [ 0.20665887 -0.00545628 -0.1176663  ...,  0.          0.          0.        ]
 Objectives (Sil) : 0.420129828898
 Objectives (PBM) : 130.83458419
Cluster size 48 :12
Predicted Label for 48: [11  4  7 10  6 10  6  4  5 11  5 11 10 11  9  7  6 10  0  7  1  7  9  7  7
 10  6  9  6  9  1  7  8  7  6 10  1  7  7  6  7  8  7  6  7 10  9 11  7 10
  6  4  4  6  7  6  6 10  7  8  2  7 10  7  9 10 10 10  7  8  2  7  6  6  6
  9  7 10  9 10  1  1  7  8 10  4  2  7  5  6  1  2 11  6  7 10  1 10 10  6
 11  7  7 11  9  8  1  6  4  0  7  2 10  7  2  7  8  1  8  8  1 10 11  7  7
  3  0  6 10  1 10 10 10  6  1  2  1  8  7  9 10 11  9  9  1  1  6  6  7 11
 10 10  1  9  1  9  6  1 10  6  1 10  1  1  1 10  9  6  8  1  1  7  1 10 10
  8  1  5  1  6  1  7  7  2  5  2  0  0 10  7  0  1  5  7 10  1  1 10  7  8
  1 10  0 10 10 10  5  2  6  9  5  1 11  5  6  1  8 10  0 10  8  7  7  7  7
  2  6  7  1  5  1  8  6 10  6  6  8  7 10  7  4  5  4  6  7 10  8 10  6  6
 11 10  1  1 11  7  1  7  7  1  6 11  7  9  7  6  8  0  6 10  7  0 10 10  5
  8  9  0 11  2  4  5  7 10  2  7 10  1  8  6  6  1 10 11  7  7  6 10 10  7
  7 10  8 10  1 10  5 10  6  5 10 10  7  7  7  7  7 10  5 10 10 10  8  6 11
  7  9  0  1 10  4  0 11  8  1  7  7  2  6  8  6 10  7  1  6 11  9  7  7 11
  6  7  1  5  6  6 10  6 10 11  8  7  1  9  0  4  6 10  7  4  9  2 10 10 10
  7  2 10 10  5  2 10  6  9  1 10  6  5  7  8  7  1  6 10 10  0  7  6  5  6
  7  2  1]
 Dunn Index 48 : 0.0206780256736
---------------------------------------------------------------------------------------------------------
chromosome 49 : [ 0.24240873 -0.00841913 -0.13808394 ..., -0.21468442 -0.25309582
  0.03894842]
 Objectives (Sil) : 0.429325859052
 Objectives (PBM) : 160.95074354
Cluster size 49 :13
Predicted Label for 49: [ 3  7  6 12  7 12  7  0  7  3  7  3 11  3  0  6  1 11  9  6  2  6  3  6  6
 12  7  3  1  3  2  1  0  6  1 11 11  1  6  1  6  0  1  1  1 12  0  3  6 12
  1  7  7  7  6  1  1 11  6  0 10  6 12  6  3 11 11 11  6  0 10 12  7  1  1
  0  6 11  3 11 11  2  1  0 11  7 10  6  7  7 11 10  3  1  6 12  2 12 12  1
  3 12  6  3  0  0  2  1  7  9  6 10 12  1  5  6  0 10  0  0  2 12  3  6  6
  4  9  1 12  2 11 12 11  7  2 10  2  0  6  3 12  3  0  3  2  2  7  1 12  3
 12 11  2  0  2  0  7 10 12  1 11 12  2  2  2 12  0  1  0  2  2  6 11 12 11
  0  2  7 10  7 11  6  6  5  7 10  9  9 11  6  9  2  0  6 11 11  2 11  6  0
  2 12  9 11 12 12  7 10  1  3  0  2  3  7  7 11  0 11  9 12  0  6  6  1  6
 10  7  1  2  0 11  0  1 12  1  1  0  1 11  6  7  7  7  7  6 11  0 12  1  1
  3 12  2  2  3  1 11  6  1  2  7  3  6  0  1  7  0  9  1 12  6  9 12 11  0
  0  3  9  3 10  7  0  6 11 10  6 11  2  0  1  7  2 11  3  1 12  7 11 12  6
  6 12  0 11  2 12  0 11  7  0 12 12 12  6  1  6  6 12  0 12 12 12  0  1  3
  6  3  9  2 12  0  9  3  0 11  6  6 10  7  0  7 12  6  2  1  3  0  6  6  3
  7  6  2  7  7  7 11  7 11  3  0  6  2  0  9  7  1 11  6  7  0  8 11 12 12
  6  8 11 11  7 10 12  1  0 11 12  7  7  6  0  6 11  7 12 12  9  1  1  7  7
  1 10 11]
 Dunn Index 49 : 0.0422058142972
---------------------------------------------------------------------------------------------------------
chromosome 50 : [ 0.23048334 -0.00705551 -0.1313203  ...,  0.          0.          0.        ]
 Objectives (Sil) : 0.377037311878
 Objectives (PBM) : 148.099909845
Cluster size 50 :18
Predicted Label for 50: [ 1 13 14 10 11 10 11  7 13  1 13  1  6  1  9 14 11  6  1 14 17 14  8 14 14
 10 11  8  5  8 17  5  9 14  5 12  6  5 14  5 14  9 14  5  5 10  9  1 14 10
  5 13 13 11 14  5  5 12 10  7 16 14 12 14  8 12 12 12 14  7 16 10 11 11  5
  9 14 12  8 12  6 17  5  9 12 13 16 14 13 11  6 16  8  5 10 12 17 12 10  5
  8 10 10  8  9  7 17  5 13  0 14 16 10  5  2 14  9 17  7  7 17 10  1 10 14
 15  0  5 12  6  6 12 12 11  6 16 17  7 10  8 10  1  9  8  6 17 11  5 10  1
 12 12 17  8 17  9 11 17 10  5  6 12  6 17 17 10  9 11  7 17 17 14  6 10 12
  7 17 13 17 11  6 14 10  3 13 16  0  0 12 14  1 17  7 14 12  6 17 12 10  9
 17 10  0  6 12 12 13 16  5  8  7 17  1 13 11  6  9 12  0 10  9 14 14 14 14
 16 11 14 17  7  6  9  5 12  5  5  7 14 12 14 13 13 13 11 14  6  7 10  5  5
  1 10  6 17  1  5  6 14  5 17 11  8 14  9 14 11  9  0  5 12 14  0 10 12  7
  9  8  0  8 16 13  7 10  6 16 14 12 17  9  5 11 17 12  8  5 10 11 12 12 10
 10 12  9 12 17 12  7 12 11  7 10 12 10 10  5 14 14 10  7 12 10 10  7  5  1
 14  8  0 17 10  7  1  1  9  6 10 14 16 11  7 11 10 14  6  5  1  9 14 10  8
 11 14 17 13 11 11 12 11 12  8  9 14  6  9  0 13  5 12 14 11  9  4 12 10 12
 14  4 12 12 13 16 12 11  9  6 12 11 13 14  7 10  6 11 12 12  0  5  5 13 11
 14 16  6]
 Dunn Index 50 : 0.0432605650714
---------------------------------------------------------------------------------------------------------
chromosome 51 : [ 0.23648587 -0.00609577 -0.13473675 ...,  0.          0.          0.        ]
 Objectives (Sil) : 0.509848459948
 Objectives (PBM) : 31.2416521004
Cluster size 51 :3
Predicted Label for 51: [1 0 0 0 0 0 0 1 1 1 1 1 2 1 1 0 0 2 1 0 2 0 1 0 0 0 0 1 0 1 2 0 1 0 0 2 2
 0 0 0 0 1 0 0 0 0 1 1 0 0 0 0 0 0 0 0 0 2 0 1 2 0 0 0 1 2 2 2 0 1 2 0 0 0
 0 1 0 2 1 2 2 2 0 1 2 0 2 0 0 0 2 2 1 0 0 0 2 2 0 0 1 0 0 1 1 1 2 0 1 1 0
 2 0 0 2 0 1 2 1 1 2 0 1 0 0 1 1 0 2 2 2 2 2 0 2 2 2 1 0 1 0 1 1 1 2 2 0 0
 0 1 0 2 2 1 2 1 0 2 0 0 2 2 2 2 2 0 1 0 1 2 2 0 2 0 2 1 2 0 2 0 2 0 0 2 0
 2 1 1 2 0 1 2 1 0 2 2 2 2 0 1 2 0 1 2 0 0 1 2 0 1 1 2 1 1 0 2 1 2 1 0 1 0
 0 0 0 2 0 0 2 1 2 1 0 2 0 0 1 0 2 0 1 0 0 0 0 2 1 0 0 0 1 0 2 2 1 0 2 0 0
 2 0 1 0 1 0 0 1 1 0 0 0 1 0 2 1 1 1 1 1 2 1 1 0 2 2 0 2 2 1 0 0 2 2 1 0 0
 0 2 2 0 0 2 1 2 2 0 1 2 0 1 0 0 0 0 0 0 0 0 1 2 0 0 1 0 1 0 1 1 2 0 1 1 1
 1 2 0 0 2 0 1 0 0 0 2 0 1 1 0 0 1 0 0 2 0 0 0 2 0 2 1 1 0 2 1 1 1 0 2 0 0
 1 2 2 0 2 0 2 2 2 0 2 0 0 1 2 0 0 1 0 1 0 2 0 2 0 1 0 0 1 0 0 2 2]
 Dunn Index 51 : 0.00942066265367
---------------------------------------------------------------------------------------------------------
chromosome 52 : [ 0.27317977 -0.0087109  -0.15567352 ...,  0.          0.          0.        ]
 Objectives (Sil) : 0.456768308345
 Objectives (PBM) : 99.6928159076
Cluster size 52 :10
Predicted Label for 52: [6 7 9 9 8 9 8 7 7 6 7 5 3 5 6 9 8 3 5 9 4 9 6 9 9 9 8 6 8 6 4 8 7 9 8 3 3
 8 9 8 9 7 8 8 8 9 7 6 9 9 8 7 7 8 9 8 8 3 9 7 4 9 3 9 6 3 3 3 9 7 4 9 8 8
 8 7 9 3 6 3 3 4 8 7 3 7 4 9 7 8 3 4 6 8 9 3 4 3 3 8 6 9 9 6 7 7 4 8 7 1 9
 4 9 8 4 9 7 4 7 7 4 3 6 9 9 0 2 8 3 3 3 3 3 8 3 4 4 7 9 6 9 6 7 6 3 4 8 8
 9 6 3 3 4 6 4 7 8 4 9 8 3 3 3 4 4 9 6 8 7 4 4 9 3 9 3 7 4 7 4 8 3 9 9 4 7
 4 2 1 3 9 5 4 7 9 3 3 3 3 9 7 4 9 2 3 3 3 7 4 8 6 7 4 5 7 8 3 7 3 2 9 7 9
 9 8 9 4 8 8 4 7 3 7 8 3 8 8 7 8 3 9 7 7 8 8 9 3 7 9 8 8 6 9 3 4 6 8 3 9 8
 4 8 6 9 7 9 8 7 2 8 3 9 2 9 3 7 7 6 2 6 4 7 7 9 3 4 9 3 4 7 8 8 4 3 6 8 9
 8 3 3 9 9 3 7 3 4 3 7 3 8 7 9 3 9 9 8 9 9 9 7 3 9 9 7 8 6 9 6 2 4 3 7 5 6
 7 3 9 9 4 8 7 8 9 9 3 8 6 7 9 9 6 8 9 4 7 8 8 3 8 3 6 7 9 3 7 5 7 8 3 9 8
 6 4 3 9 3 9 4 3 3 7 4 3 8 7 3 3 8 7 9 7 9 3 8 3 3 5 8 8 7 8 9 4 3]
 Dunn Index 52 : 0.0146741678045
---------------------------------------------------------------------------------------------------------
chromosome 53 : [ 0.26417054 -0.00627073 -0.15057754 ...,  0.          0.          0.        ]
 Objectives (Sil) : 0.473758451762
 Objectives (PBM) : 153.151769589
Cluster size 53 :10
Predicted Label for 53: [0 2 6 7 2 7 2 5 5 0 5 0 7 0 5 6 2 7 9 6 1 6 0 6 6 7 2 0 6 0 1 6 5 6 2 7 1
 6 6 2 6 5 6 2 6 7 5 0 6 7 6 5 2 2 6 2 2 7 6 5 4 6 7 6 0 7 7 7 6 5 4 6 2 2
 2 5 6 7 0 7 1 1 6 5 7 2 4 6 2 2 1 4 0 2 6 7 1 7 7 2 0 7 6 0 5 5 1 2 5 9 6
 4 7 6 4 6 5 1 5 5 1 7 0 6 6 3 9 2 7 1 7 7 7 2 1 4 1 5 6 0 7 0 5 0 1 1 2 2
 6 0 7 7 1 0 1 5 2 1 7 6 1 7 1 1 1 7 5 2 5 1 1 6 1 7 7 5 1 2 1 2 1 6 6 4 2
 4 9 9 7 6 9 1 5 6 7 1 1 7 6 5 1 7 9 7 7 7 5 4 2 0 5 1 0 5 2 1 5 7 9 7 5 6
 6 6 6 4 2 6 1 5 1 5 2 7 2 2 5 6 7 6 5 2 2 2 6 7 5 7 2 6 0 7 1 1 0 6 1 6 6
 1 2 0 6 5 6 2 5 9 2 7 6 9 7 7 5 5 0 9 0 4 5 5 6 7 4 6 7 1 5 2 2 1 7 0 6 6
 2 7 7 6 6 7 5 7 1 7 5 7 2 5 7 7 7 6 6 6 6 7 5 7 7 7 5 6 0 6 0 9 1 7 5 9 0
 5 1 6 6 4 2 5 2 7 6 1 6 0 5 6 6 0 2 6 1 2 2 2 7 2 7 0 5 6 1 5 9 5 2 7 6 2
 0 4 7 7 7 6 4 7 7 2 4 7 2 5 1 7 2 5 6 5 6 1 2 7 7 9 6 6 5 2 6 4 1]
 Dunn Index 53 : 0.0206780256736
---------------------------------------------------------------------------------------------------------
chromosome 54 : [ 0.27294977 -0.00766743 -0.15558472 ...,  0.          0.          0.        ]
 Objectives (Sil) : 0.468442295488
 Objectives (PBM) : 199.798969071
Cluster size 54 :9
Predicted Label for 54: [4 1 0 6 1 6 1 1 1 4 1 4 8 4 4 0 0 8 3 0 8 0 4 0 0 6 1 4 0 4 8 0 4 0 0 6 8
 0 0 0 0 1 0 0 0 6 4 4 0 6 0 1 1 1 0 0 0 8 0 1 7 0 6 0 4 8 6 8 0 1 7 6 1 0
 0 4 0 6 4 8 8 7 0 1 6 1 7 0 1 1 8 7 4 0 0 6 8 6 6 0 4 6 0 4 4 1 8 0 1 3 0
 7 6 0 5 0 1 7 1 1 8 6 4 6 0 2 3 0 6 8 8 6 6 1 8 7 8 1 6 4 6 4 4 4 8 8 1 0
 6 4 6 8 8 4 7 4 1 7 6 0 8 6 8 7 7 6 4 0 1 7 8 0 8 6 6 1 8 1 7 1 8 0 6 5 1
 7 3 3 6 0 3 7 1 0 6 8 8 6 0 1 8 6 3 8 6 6 1 7 0 4 1 7 4 1 1 8 1 6 3 6 1 0
 0 0 0 7 1 0 8 1 8 1 0 6 0 0 1 0 6 0 1 1 1 1 0 8 1 6 0 0 4 6 8 8 4 0 8 0 0
 7 1 4 0 4 0 1 1 3 0 6 0 3 6 8 1 1 4 3 4 7 1 1 6 8 7 0 6 7 1 0 1 7 6 4 0 6
 1 8 6 0 6 6 1 8 8 6 1 8 1 1 6 6 6 6 0 0 0 6 1 6 6 6 1 0 4 0 4 3 7 6 1 3 4
 4 8 0 0 7 1 1 1 6 0 8 0 4 4 0 0 4 1 0 8 1 1 1 6 1 6 4 4 0 8 4 3 1 0 8 0 1
 4 5 6 6 6 0 5 6 6 1 7 6 0 4 8 6 1 1 0 1 6 8 1 6 6 3 0 0 1 1 0 7 8]
 Dunn Index 54 : 0.0408354929346
---------------------------------------------------------------------------------------------------------
chromosome 55 : [ 0.25498129 -0.00722508 -0.14528227 ...,  0.          0.          0.        ]
 Objectives (Sil) : 0.44851154144
 Objectives (PBM) : 176.158522222
Cluster size 55 :11
Predicted Label for 55: [ 2  0  4  9  0  9  0  0  0  2  0  1 10  1  2  4  4 10  1  4  6  4  2  4  4
  9  0  2  4  2  6  4  2  4  4 10 10  4  4  4  4  2  4  4  4  9  2  2  4  9
  4  0  0  0  9  4  4 10  9  0  8  4  9  4  2 10 10 10  4  0  8  9  0  4  4
  2  4 10  2 10 10  6  4  2 10  0  8  9  0  0 10  8  2  4  9  9  6 10  9  4
  2  9  9  2  2  0  6  4  0  1  4  8  9  4  5  4  2  8  0  0  6  9  2  9  4
  3  1  4 10  6 10 10 10  0  6  8  6  0  9  2  9  2  2  2  6  6  0  4  9  2
  9 10  6  2  6  2  0  8  9  4 10 10  6  6  6  9  2  4  0  6  6  4 10  9 10
  0  6  0  8  0 10  4  9  7  0  8  1  1 10  4  1  6  0  4 10 10  6 10  9  2
  6  9  1 10  9  9  0  8  4  2  0  6  1  0  0 10  2 10  1  9  2  4  4  4  4
  8  0  4  6  0 10  2  4 10  4  4  0  4 10  9  0  0  0  0  4 10  0  9  4  4
  2  9  6  6  2  4 10  4  4  6  0  2  4  2  4  0  2  1  4  9  4  1  9 10  0
  2  2  1  2  8  0  0  9 10  8  9 10  6  2  4  0  6 10  2  4  9  0 10  9  9
  9 10  2 10  6  9  0 10  0  0  9  9  9  9  4  4  4  9  0 10  9  9  0  4  2
  4  2  1  6  9  0  1  2  2 10  9  4  8  0  0  0  9  4  6  4  2  2  4  9  2
  0  4  6  0  0  0 10  0 10  2  2  4  6  2  1  0  4 10  9  0  2  7 10  9 10
  9  7 10 10  0  8  9  4  2  6  9  0  0  4  0  9 10  0 10  9  1  4  4  0  0
  4  8  6]
 Dunn Index 55 : 0.0395627344509
---------------------------------------------------------------------------------------------------------
chromosome 56 : [ 0.20056097 -0.00439504 -0.11407517 ...,  0.          0.          0.        ]
 Objectives (Sil) : 0.509848459948
 Objectives (PBM) : 31.2416521004
Cluster size 56 :3
Predicted Label for 56: [1 0 0 0 0 0 0 1 1 1 1 1 2 1 1 0 0 2 1 0 2 0 1 0 0 0 0 1 0 1 2 0 1 0 0 2 2
 0 0 0 0 1 0 0 0 0 1 1 0 0 0 0 0 0 0 0 0 2 0 1 2 0 0 0 1 2 2 2 0 1 2 0 0 0
 0 1 0 2 1 2 2 2 0 1 2 0 2 0 0 0 2 2 1 0 0 0 2 2 0 0 1 0 0 1 1 1 2 0 1 1 0
 2 0 0 2 0 1 2 1 1 2 0 1 0 0 1 1 0 2 2 2 2 2 0 2 2 2 1 0 1 0 1 1 1 2 2 0 0
 0 1 0 2 2 1 2 1 0 2 0 0 2 2 2 2 2 0 1 0 1 2 2 0 2 0 2 1 2 0 2 0 2 0 0 2 0
 2 1 1 2 0 1 2 1 0 2 2 2 2 0 1 2 0 1 2 0 0 1 2 0 1 1 2 1 1 0 2 1 2 1 0 1 0
 0 0 0 2 0 0 2 1 2 1 0 2 0 0 1 0 2 0 1 0 0 0 0 2 1 0 0 0 1 0 2 2 1 0 2 0 0
 2 0 1 0 1 0 0 1 1 0 0 0 1 0 2 1 1 1 1 1 2 1 1 0 2 2 0 2 2 1 0 0 2 2 1 0 0
 0 2 2 0 0 2 1 2 2 0 1 2 0 1 0 0 0 0 0 0 0 0 1 2 0 0 1 0 1 0 1 1 2 0 1 1 1
 1 2 0 0 2 0 1 0 0 0 2 0 1 1 0 0 1 0 0 2 0 0 0 2 0 2 1 1 0 2 1 1 1 0 2 0 0
 1 2 2 0 2 0 2 2 2 0 2 0 0 1 2 0 0 1 0 1 0 2 0 2 0 1 0 0 1 0 0 2 2]
 Dunn Index 56 : 0.00942066265367
---------------------------------------------------------------------------------------------------------
chromosome 57 : [ 0.2214432  -0.00640488 -0.12615981 ...,  0.          0.          0.        ]
 Objectives (Sil) : 0.432288361221
 Objectives (PBM) : 102.637271564
Cluster size 57 :16
Predicted Label for 57: [ 1 15 11 14 15 14 15 15 15  1 15  7 12  7  1 11 11 12  7 11  3 11  1 11 11
 14 15  1 11  1  3 11  1 11 11 12 12 11 11 11 11  1 11 11 11 14  1  1 11 14
 11 15 15 15 14 11 11 12 14 15 10 11 14 11  1 12 12 12 11 15  9 14 15 11 11
  1 11 12  1 12 12  3 11  1 12 15  9 14 15 15  3  9  1 11 14 14  3 12 14 11
  1 14 14  1  1 15  3 11 15  7 11  9 14 11  5 11  1  9 15 15  3 14  1 14 11
  0  7 11 12  3 12 12 12 15  3  6  3 15 14  1 14  1  1  1  3  3 15 11 14  1
 14 12  3  1  9  1 15  9 14 11 12 12  3  9  9 14  1 11 15  9  3 11 12 14 12
 15  3 15  9 15 12 11 14 13 15 10  7  7 12 11  7  9 15 11 12 12  3 12 14  1
  3 14  7 12 14 14 15 10 11  1 15  9  7 15 15  3  1 12  7 14  1 11 11 11 11
  9 15 11  3 15  3  1 11 12 11 11 15 11 12 14 15 15 15 15 11 12 15 14 11 11
  1 14  3  3  1 11 12 11 11  9 15  1 11  1 11 15  1  7 11 14 11  7 14 12 15
  1  1  7  1 10 15 15 14 12  9 14 12  9  1 11 15  9 12  1 11 14 15 12 12 14
 14 12  1 12  3 14 15 12 15 15 14 14 14 14 11 11 11 14 15 12 14 14 15 11  1
 11  1  7  3 14 15  7  1  1 12 14 11 10 15 15 15 14 11  3 11  1  1 11 14  1
 15 11  3 15 15 15 12 15 12  1  1 11  3  1  7 15 11 12 14 15  1  2 12 14 12
 14  4 12 12 15  9 14 11  1  3 14 15 15 11 15 14  3 15 12 14  7 11 11 15 15
 11  9  3]
 Dunn Index 57 : 0.0395627344509
---------------------------------------------------------------------------------------------------------
chromosome 58 : [ 0.23061955 -0.00576706 -0.13129518 ...,  0.          0.          0.        ]
 Objectives (Sil) : 0.442634541853
 Objectives (PBM) : 176.953802505
Cluster size 58 :12
Predicted Label for 58: [11 10  9  7 10  7 10 10 10 11 10  1  8  1 11  9  9  8  1  9  3  9 11  9  9
  7 10 11  9 11  3  9 11  9  9  8  8  9  9  9  9 11  9  9  9  7 11 11  9  7
  9 10 10 10  7  9  9  8  7 10  2  9  7  9 11  8  8  8  9 10  2  7 10  9  9
 11  9  8 11  8  8  3  9 11  8 10  2  7 10 10  3  2 11  9  7  7  3  8  7  9
 11  7  7 11 11 10  3  9 10  1  9  2  7  9  5  9 11  2 10 10  3  7 11  7  9
  0  1  9  8  3  8  8  8 10  3  2  3 10  7 11  7 11 11 11  3  3 10  9  7 11
  7  8  3 11  2 11 10  2  7  9  8  8  3  2  2  7 11  9 10  3  3  9  8  7  8
 10  3 10  2 10  8  9  7  4 10  2  1  1  8  9  1  2 10  9  8  8  3  8  7 11
  3  7  1  8  7  7 10  2  9 11 10  2  1 10 10  3 11  8  1  7 11  9  9  9  9
  2 10  9  3 10  3 11  9  8  9  9 10  9  8  7 10 10 10 10  9  8 10  7  9  9
 11  7  3  3 11  9  8  9  9  2 10 11  9 11  9 10 11  1  9  7  9  1  7  8 10
 11 11  1 11  2 10 10  7  8  2  7  8  2 11  9 10  3  8 11  9  7 10  8  8  7
  7  8 11  8  3  7 10  8 10 10  7  7  7  7  9  9  9  7 10  8  7  7 10  9 11
  9 11  1  3  7 10  1 11 11  8  7  9  2 10 10 10  7  9  3  9 11 11  9  7 11
 10  9  3 10 10 10  8 10  8 11 11  9  3 11  1 10  9  8  7 10 11  4  8  7  8
  7  4  8  8 10  2  7  9 11  3  7 10 10  9 10  7  3 10  8  7  1  9  9 10 10
  9  2  3]
 Dunn Index 58 : 0.0395627344509
---------------------------------------------------------------------------------------------------------
chromosome 59 : [ 0.20632197 -0.00496695 -0.11754571 ...,  0.          0.          0.        ]
 Objectives (Sil) : 0.509848459948
 Objectives (PBM) : 31.2416521004
Cluster size 59 :3
Predicted Label for 59: [0 1 1 1 1 1 1 0 0 0 0 0 2 0 0 1 1 2 0 1 2 1 0 1 1 1 1 0 1 0 2 1 0 1 1 2 2
 1 1 1 1 0 1 1 1 1 0 0 1 1 1 1 1 1 1 1 1 2 1 0 2 1 1 1 0 2 2 2 1 0 2 1 1 1
 1 0 1 2 0 2 2 2 1 0 2 1 2 1 1 1 2 2 0 1 1 1 2 2 1 1 0 1 1 0 0 0 2 1 0 0 1
 2 1 1 2 1 0 2 0 0 2 1 0 1 1 0 0 1 2 2 2 2 2 1 2 2 2 0 1 0 1 0 0 0 2 2 1 1
 1 0 1 2 2 0 2 0 1 2 1 1 2 2 2 2 2 1 0 1 0 2 2 1 2 1 2 0 2 1 2 1 2 1 1 2 1
 2 0 0 2 1 0 2 0 1 2 2 2 2 1 0 2 1 0 2 1 1 0 2 1 0 0 2 0 0 1 2 0 2 0 1 0 1
 1 1 1 2 1 1 2 0 2 0 1 2 1 1 0 1 2 1 0 1 1 1 1 2 0 1 1 1 0 1 2 2 0 1 2 1 1
 2 1 0 1 0 1 1 0 0 1 1 1 0 1 2 0 0 0 0 0 2 0 0 1 2 2 1 2 2 0 1 1 2 2 0 1 1
 1 2 2 1 1 2 0 2 2 1 0 2 1 0 1 1 1 1 1 1 1 1 0 2 1 1 0 1 0 1 0 0 2 1 0 0 0
 0 2 1 1 2 1 0 1 1 1 2 1 0 0 1 1 0 1 1 2 1 1 1 2 1 2 0 0 1 2 0 0 0 1 2 1 1
 0 2 2 1 2 1 2 2 2 1 2 1 1 0 2 1 1 0 1 0 1 2 1 2 1 0 1 1 0 1 1 2 2]
 Dunn Index 59 : 0.00942066265367
---------------------------------------------------------------------------------------------------------

-------------------------------------------------------------------------------------------------------------

-------------------------------------------------------------------------------------------------------------

 Maximum dunn_index for 34th chromosome : 0.0698102119474

 Maximum silhouette score : 0.536063115003

 Maximum pbm index : 263.374299262
Final label corresponding to max Dunn for 34 chromosome : [ 3  4 16 18 15 18 15  4  4  3  4  3  0  3  1 16 15  0  9 16 19 16  3 16 16
 18 15  3 16  3 19 16  1 16 15 17  0 16 16 15 16  1 16 15 16 18  1  3 16 18
 16  4  4 15 18 15 15  0 18  1  7 16 17 16  3  0 17  0 16  4 12 18 15 15 15
  1 16 17  3  0  0 14 16  1 17  4 12 18  4 15  0 11  3 15 18 17 19 17 17 15
  3 18 18  3  1  4 19 15  4 10 16 13 18 16  5 16  1 12  4  1 19 17  3 18 16
  6 10 15 17 19  0 17 17 15 19  2 19  4 18  3 18  3  1  3 19 19 15 15 18  3
 17  0 19  1 14  1 15 12 18 16  0 17 19 14 14 18  1 15  4 14 19 16  0 17 17
  4 14  4 12 15  0 16 18  5  4  7 10 10 17 16  9 14  4 16 17  0 19 17 18  1
 19 18  9  0 17 17  4  7 15  3  4 14  9  4 15  0  1 17 10 18  1 16 16 16 16
 13 15 16 19  4  0  1 15 17 15 15  4 16 17 16  4  4 15 15 16  0  4 18 15 16
  3 18  0 19  3 16  0 16 16 14 15  3 16  1 16 15  1 10 15 17 16 10 18  0  4
  1  1 10  3  7  4  4 18  0 12 18 17 14  1 15 15 14 17  3 16 18 15  0 17 18
 18 17  1  0 19 17  4  0 15  4 18 17 18 18 16 16 16 18  4 17 18 18  4 16  3
 16  1  9 14 17  4  9  3  1  0 18 16  7 15  1 15 18 16 19 16  3  1 16 18  3
 15 16 19  4 15 15 17 15 17  3  1 16 19  1  9  4 15  0 18 15  1  2 17 18 17
 18  5 17 17  4 13 17 15  1  0 17 15  4 16  4 18  0 15 17 17  9 16 16  4 15
 16 13  0]

 No of clusters detected automatically : 20
 For chromosome : 34