Initial Clusters : [16, 12, 15, 15, 20, 2, 6, 14, 17, 8, 8, 7, 17, 19, 15, 20, 9, 3, 19, 13, 8, 7, 13, 3, 4, 13, 4, 8, 9, 4, 17, 17, 17, 20, 19, 18, 15, 5, 11, 2, 11, 3, 20, 9, 5, 2, 16, 7, 18, 9]
Initial PBM : [23.004280377929277, 27.792278612226685, 26.170148459767805, 17.857744785140326, 13.269268933257885, 15.283402393436369, 23.801898355837928, 16.04063359563904, 22.4311513897757, 11.965981657323308, 41.69788459596649, 15.733624097947931, 22.26358183662013, 17.26775619106907, 15.006648278506582, 14.170178226862346, 38.60939182735636, 20.609718282468382, 27.504324258241038, 10.155970751532621, 18.590480788446893, 26.12306794801882, 15.761531846203399, 36.73070878696402, 33.228230628091914, 13.490174376080112, 18.692819949886104, 11.228578900927774, 21.009947075140715, 25.19244008848099, 10.399178382454595, 18.778461446000417, 18.42461241028571, 11.33859215777654, 20.102402790250103, 11.899858038058614, 107.62896104201793, 21.58369016830321, 80.96105729559056, 14.7194997775236, 15.22782074431554, 28.636185104065518, 19.719559587919676, 7.54704726529318, 38.73120079098548, 14.986383966789191, 17.756771936092267, 28.203034365841354, 23.3311827541274, 37.392176799373736]
Initial Sil score : [0.30161136454228521, 0.34559376552566223, 0.33187762489724987, 0.27605810399848646, 0.26051172226436509, 0.51596163212260016, 0.37157644516030497, 0.3225376651389355, 0.29875313654771413, 0.32604206844917394, 0.38212825003785655, 0.32197635817111342, 0.31687666250711799, 0.27690945025464581, 0.29282813895850551, 0.268329988677246, 0.40410079252773207, 0.47007912224069537, 0.25858021672014664, 0.25643006155600645, 0.31942047766427067, 0.34276593970316843, 0.29146544504911065, 0.48828709764617184, 0.47757277501296114, 0.27882277449042708, 0.41415361308565285, 0.26250128636229547, 0.30036275979341898, 0.43326792576726225, 0.27990389076436983, 0.28488901102950348, 0.28151781768784079, 0.26203921159866755, 0.29613702482140658, 0.21239462630350517, 0.32685274287864552, 0.39955572628422736, 0.29803617483564404, 0.50363906781322776, 0.31625124977933544, 0.49078587254486983, 0.28160482697650102, 0.24038805772163849, 0.45433891266841864, 0.51059817264075769, 0.26243016168047034, 0.37437987135006473, 0.28232881780162233, 0.34382132600448984]
Initial Dunn : [0.0064830582738358731, 0.0093238028691343018, 0.0073952272627853281, 0.0080265761728501184, 0.0067676200702300668, 0.0058395113007927105, 0.0084692461593408718, 0.006560495295245692, 0.0091537457932251258, 0.0056156692291114991, 0.0096150835082697821, 0.006284167283043836, 0.0091307402618399681, 0.0090915218619369263, 0.0065203258912064077, 0.0064486877538218199, 0.011459839355460629, 0.0061614688134651796, 0.0084347870068428171, 0.006560495295245692, 0.0068626906496661597, 0.008946101111804914, 0.0056728331624561201, 0.010408940843631021, 0.010525559414346646, 0.0055914237853619481, 0.0071640438642827358, 0.0060490353762864008, 0.0072963728478824203, 0.0071563814466775568, 0.0056869915330454174, 0.0068877562942216445, 0.0078197981265750137, 0.007654138124123213, 0.006932003441211569, 0.0054913139353720214, 0.022962391253168287, 0.0056031827296648554, 0.014756707359580465, 0.0084513965375534184, 0.0065609854686531494, 0.0082237686015423396, 0.0076985072076952753, 0.0049095654587498856, 0.0088624631487996229, 0.0076733926388478984, 0.0059332435123316575, 0.0086243688311226328, 0.0080902990617581425, 0.0068475425509020426]
Max Dunn and corresponding cluster, PBM, Sil : 0.0229623912532,15,107.628961042,0.326852742879
------------------------------------------------------------------------------------------
-------------------------------------------------------------------------------------------------------------------------

-------------------------------------------------------------------------------------------------------------------------

-------------------------------------------------------------------------------------------------------------------------

-------------------------------------------------------------------------------------------------------------------------

-------------------------------------------------------------------------------------------------------------------------

-------------------------------------------------------------------------------------------------------------------------

-------------------------------------------------------------------------------------------------------------------------

-------------------------------------------------------------------------------------------------------------------------

-------------------------------------------------------------------------------------------------------------------------

-------------------------------------------------------------------------------------------------------------------------

-------------------------------------------------------------------------------------------------------------------------

-------------------------------------------------------------------------------------------------------------------------

-------------------------------------------------------------------------------------------------------------------------

-------------------------------------------------------------------------------------------------------------------------

-------------------------------------------------------------------------------------------------------------------------

-------------------------------------------------------------------------------------------------------------------------

-------------------------------------------------------------------------------------------------------------------------

-------------------------------------------------------------------------------------------------------------------------

-------------------------------------------------------------------------------------------------------------------------

-------------------------------------------------------------------------------------------------------------------------

-------------------------------------------------------------------------------------------------------------------------

-------------------------------------------------------------------------------------------------------------------------

-------------------------------------------------------------------------------------------------------------------------

-------------------------------------------------------------------------------------------------------------------------

-------------------------------------------------------------------------------------------------------------------------

-------------------------------------------------------------------------------------------------------------------------

-------------------------------------------------------------------------------------------------------------------------

-------------------------------------------------------------------------------------------------------------------------

-------------------------------------------------------------------------------------------------------------------------

-------------------------------------------------------------------------------------------------------------------------

-------------------------------------------------------------------------------------------------------------------------

-------------------------------------------------------------------------------------------------------------------------

-------------------------------------------------------------------------------------------------------------------------

-------------------------------------------------------------------------------------------------------------------------

-------------------------------------------------------------------------------------------------------------------------

-------------------------------------------------------------------------------------------------------------------------

-------------------------------------------------------------------------------------------------------------------------

-------------------------------------------------------------------------------------------------------------------------

-------------------------------------------------------------------------------------------------------------------------

-------------------------------------------------------------------------------------------------------------------------

-------------------------------------------------------------------------------------------------------------------------

-------------------------------------------------------------------------------------------------------------------------

-------------------------------------------------------------------------------------------------------------------------

-------------------------------------------------------------------------------------------------------------------------

-------------------------------------------------------------------------------------------------------------------------

-------------------------------------------------------------------------------------------------------------------------

-------------------------------------------------------------------------------------------------------------------------

-------------------------------------------------------------------------------------------------------------------------

-------------------------------------------------------------------------------------------------------------------------

-------------------------------------------------------------------------------------------------------------------------

chromosome 0 : [  3.12778484e-01  -2.10440927e-04  -1.71845555e-01 ...,   0.00000000e+00
   0.00000000e+00   0.00000000e+00]
 Objectives (Sil) : 0.425611320941
 Objectives (PBM) : 150.929404544
Cluster size 0 :13
Predicted Label for 0: [ 6  0 11  7  1  7  1  0  0  6  0  6 10  6  6 11  1 10  4 11  9 11  6 11  7
  7  1  6 11  6  9 11  0  7  1 12 10 11 11 11 11  0 11  1 11  7  0  6 11  7
 11  1  0  1 11  1 11 10  7  0  3 11 12 11  6 12 12 12 11  0  5  7  1  1  1
  6 11 12  6 12 10  9 11  0 12  1  5  7  0  1 10  5  6  1  7 12 10 12 12  1
  6  7  7  6  0  0  9  1  0  4 11  5  7 11  8 11  0  9  0  0 10  7  6  7 11
  2  4  1 12 10 10 12 12  1 10  3  9  0  7  6  7  6  0  6 10  9  1  1  7  6
 12 12  9  6  9  0  1  9  7  1 10 12 10  9  9 12  6  1  0  9  9 11 10  7 12
  0  9  0  9  1 10 11  7  8  0  3  4  4 12 11  4  9  0 11 12 10 10 12  7  0
 10  7  4 10 12 12  0  5  1  6  0  9  6  0  1 10  0 12  4  7  0 11 11 11 11
  5  1 11  9  0 10  0  1 12  1  1  0 11 12  7  0  0  1  1 11 10  0  7  1 11
  6  7 10  9  6 11 10 11 11  9  1  6 11  0 11  1  0  4 11 12 11  4  7 12  0
  0  6  4  6  5  0  0  7 12  5  7 12  9  0  1  1  9 12  6 11  7  1 10 12  7
  7 12  0 12  9  7  0 12  1  0  7 12  7  7  1 11 11  7  0 12  7  7  0 11  6
 11  6  4  9  7  0  4  6  0 10  7 11  3  1  0  1  7 11 10  1  6  0 11  7  6
  1 11  9  0  1  1 12  1 12  6  0 11 10  0  4  0  1 12  7  1  0  8 12  7 12
  7  8 12 12  0  5 12  1  0 10 12  1  0 11  0  7 10  1 12 12  4 11 11  0  1
 11  5 10]
 Dunn Index 0 : 0.0599095902518
---------------------------------------------------------------------------------------------------------
chromosome 1 : [ 0.30703874 -0.00046992 -0.16847277 ...,  0.          0.          0.        ]
 Objectives (Sil) : 0.435741284517
 Objectives (PBM) : 157.568649447
Cluster size 1 :11
Predicted Label for 1: [ 2  1 10  9  1  9  1  1  1  2  1  2  8  2  2 10 10  8  0 10  7 10  2 10  9
  9  1  2 10  2  7 10  2  9 10  8  8 10 10 10 10  1 10 10 10  9  2  2 10  9
 10  1  1  1  9 10 10  8  9  1  6 10  9 10  2  8  8  8 10  1  6  9  1 10 10
  2 10  8  2  8  8  7 10  2  8  1  6  9  1 10  8  6  2 10  9  9  7  8  8 10
  2  9  9  2  2  1  7 10  1  0 10  6  9 10  4  9  2  7  1  1  7  9  2  9 10
  3  0 10  8  7  8  8  8  1  8  6  7  1  9  2  9  2  2  2  7  7  1 10  9  2
  8  8  7  2  7  2 10  7  9 10  8  8  7  7  7  9  2 10  1  7  7 10  8  9  8
  1  7  1  7  1  8 10  9  5  1  6  0  0  8 10  0  7  1 10  8  8  7  8  9  2
  7  9  0  8  9  8  1  6 10  2  1  7  0  1  1  8  1  8  0  9  2  9 10 10 10
  6  1 10  7  1  8  2 10  8 10 10  1 10  8  9  1  1  1  1 10  8  1  9 10 10
  2  9  7  7  2 10  8 10 10  7  1  2 10  2 10  1  2  0 10  9 10  0  9  8  1
  2  2  0  2  6  1  1  9  8  6  9  8  7  2 10  1  7  8  2 10  9  1  8  8  9
  9  8  1  8  7  9  1  8  1  1  9  9  9  9 10 10 10  9  1  9  9  9  1 10  2
 10  2  0  7  9  1  0  2  2  8  9 10  6  1  1  1  9 10  7 10  2  2 10  9  2
  1 10  7  1  1 10  8  1  8  2  2 10  7  2  0  1 10  8  9  1  2  5  8  9  9
  9  5  8  8  1  6  9 10  2  7  9 10  1 10  1  9  8  1  8  9  0 10 10  1  1
 10  7  8]
 Dunn Index 1 : 0.0392346215151
---------------------------------------------------------------------------------------------------------
chromosome 2 : [ 0.3248243   0.00050697 -0.17842282 ...,  0.          0.          0.        ]
 Objectives (Sil) : 0.390141241728
 Objectives (PBM) : 95.9590406196
Cluster size 2 :19
Predicted Label for 2: [ 2 16  0  6  3  6 16 16 16  2 16  2  1  2 15  0  3  1 13  0  7  0 15  0  6
  6  3 17  0 15  7  0 18  6  3  4  1  0  0  0  0 18  0  3  0  6 18  2  0  6
  0  3 16  3  0  3  0  1  6 18  5  0  4  0 15  4  4  4  0 16  7  6  3  3  3
 15  0  4 17  4  1  7  0 18  4  3  5  6 16  3  1  5 17  3  6  4  1  4  4  3
 15  6  6 17 15 18  7  3 16 12  0  5  6  0 10  0 18  7 18 18  1  6  2  6  0
  8 13  3  4  1  1  4  4  3  1  5  7 16  6 15  6  2 15 15  1  7  3  3  6  2
  4  4  7 15  7 18  3  7  6  3  1  4  1  7  7  4 15  3 16  7  7  0  1  6  4
 18  7 16  7  3  1  0  6 11 16  5 12 12  4  0 13  7 16  0  4  1  1  4  6 18
  1  6 13  1  4  4 16  5  3 15 16  7  2 16  3  1 18  4 13  6 18  0  0  0  0
  5  3  0  7 16  1 18  3  4  3  3 16  0  4  6 16 16  3  3  0  1 18  6  3  0
 17  6  1  7  2  0  1  0  0  7  3 17  0 18  0  3 18 12  0  4  0 12  6  4 16
 18 15 12 17  5 16 16  6  4  5  6  4  7 18  3  3  7  4 17  0  6  3  1  4  6
  6  4 18  4  7  6 16  4  3 16  6  4  6  6  3  0  0  6 16  4  6  6 18  0  2
  0 15 13  7  6 16 13  2 18  1  6  0  5  3 18  3  6  0  1  3  2 15  0  6 17
  3  0  7 16  3  3  4  3  4 17 18  0  1 15 13 16  3  4  6  3 18 14  4  6  4
  6 14  4  4 16  5  4  3 15  1  4  3 16  0 18  6  1  3  4  4 13  0  0 16  3
  0  7  1]
 Dunn Index 2 : 0.0969389086523
---------------------------------------------------------------------------------------------------------
chromosome 3 : [  3.09046136e-01  -2.56026366e-04  -1.69750087e-01 ...,   0.00000000e+00
   0.00000000e+00   0.00000000e+00]
 Objectives (Sil) : 0.412967084602
 Objectives (PBM) : 151.221283434
Cluster size 3 :15
Predicted Label for 3: [ 6  1  0 11 14 11 14  1  1  6  1  6 12  6  4  0 14 12  6  0 10  0  4  0 11
 11 14  4  0  4 10  0  1 11 14 13 12  0  0  0  0  1  0 14  0 11  4  6  0 11
  0 14  1 14  0 14  0 12 11  1  9  0 13  0  4 13 13 13  0  1 10 11 14 14 14
  4  0 13  4 13 12 10  0  4 13 14  9 11  1 14 12  9  4 14 11 13 12 13 13 14
  4 11 11  4  4  1 10 14  1  5  0  9 11  0  2  0  1 10  1  1 12 11  6 11  0
  3  5 14 13 12 12 13 13 14 12  9 10  1 11  4 11  6  4  4 12 10 14 14 11  6
 13 13 10  4 10  4 14 10 11 14 12 13 12 10 10 13  4 14  1 10 10  0 12 11 13
  1 10  1 10 14 12  0 11  2  1  9  5  5 13  0  6 10  1  0 13 12 12 13 11  1
 12 11  5 12 13 13  1  9 14  4  1 10  6  1 14 12  1 13  5 11  1  0  0  0  0
  9 14  0 10  1 12  1 14 13 14 14  1  0 13 11  1  1 14 14  0 12  1 11 14  0
  6 11 12 10  6  0 12  0  0 10 14  4  0  4  0 14  1  5  0 13  0  5 11 13  1
  1  4  5  4  9  1  1 11 13  9 11 13 10  1 14 14 10 13  4  0 11 14 12 13 11
 11 13  1 13 10 11  1 13 14  1 11 13 11 11 14  0  0 11  1 13 11 11  1  0  6
  0  4  5 10 11  1  6  6  1 12 11  0  9 14  1 14 11  0 12 14  6  4  0 11  4
 14  0 10  1 14 14 13 14 13  4  4  0 12  4  5  1 14 13 11 14  4  8 13 11 13
 11  8 13 13  1  9 13 14  4 12 13 14  1  0  1 11 12 14 13 13  5  0  0  1 14
  0 10 12]
 Dunn Index 3 : 0.0602603629626
---------------------------------------------------------------------------------------------------------
chromosome 4 : [ 0.28909809 -0.00140289 -0.15885455 ...,  0.18183344 -0.0175073   0.3703729 ]
 Objectives (Sil) : 0.405591535845
 Objectives (PBM) : 159.062051078
Cluster size 4 :14
Predicted Label for 4: [ 0  8  9 11 13 11 13  8  8  0  8  0  4  0  0  9 13  4  6  9  2  9  0  9 12
 11 13  0  9  0  2  9  8 12 13  3  4  9  9  9  9  8  9 13  9 11  8  0  9 11
  9 13  8 13 12 13  9  4 12  8  1  9 11  9  0  3  3  3  9  8  1 12 13 13 13
  0  9  3  0  3  4  2  9  8  3 13  1 12  8 13  4  1  0 13 12 11  4  3  3 13
  0 11 12  0  8  8  2 13  8  6  9  1 11  9 10 12  8  2  8  8  4 11  0 12  9
  5  6 13  3  4  4  3  3 13  4  1  2  8 12  0 12  0  8  0  4  2 13 13 12  0
  3  3  2  0  2  8 13  2 12 13  4  3  4  2  2 11  0 13  8  2  2  9  4 11  3
  8  2  8  2 13  4  9 12 10  8  1  6  6  3  9  6  2  8  9  3  4  4  3 12  8
  4 11  6  4 11  3  8  1 13  0  8  2  6  8 13  4  8  3  6 11  8 12  9  9  9
  1 13  9  2  8  4  8 13  3 13 13  8  9  3 12  8  8 13 13  9  4  8 11 13  9
  0 11  4  2  0  9  4  9  9  2 13  0 12  8  9 13  8  6  9 11  9  6 11  3  8
  8  0  6  0  1  8  8 12  3  1 12  3  2  8 13 13  2  3  0  9 12 13  3  3 12
 11  3  8  3  2 11  8  3 13  8 11 11 12 12  9  9 12 11  8 11 11 11  8  9  0
  9  0  6  2 11  8  6  0  8  4 12 12  1 13  8 13 11  9  4 13  0  8  9 12  0
 13  9  2  8 13 13  3 13  3  0  8 12  4  8  6  8 13  3 12 13  8 10  3 11 11
 12 10  3  3  8  1 11 13  8  4 11 13  8  9  8 12  4 13  3 11  6  9  9  8 13
  9  2  4]
 Dunn Index 4 : 0.0341488859138
---------------------------------------------------------------------------------------------------------
chromosome 5 : [ 0.31945821 -0.00225031 -0.17556395 ...,  0.          0.          0.        ]
 Objectives (Sil) : 0.482849028099
 Objectives (PBM) : 109.036533361
Cluster size 5 :5
Predicted Label for 5: [1 4 0 0 4 0 4 4 4 1 4 1 3 1 1 0 4 3 1 0 3 0 1 0 0 0 4 1 0 1 3 0 4 0 4 0 3
 0 0 0 0 4 0 4 0 0 4 1 0 0 0 4 4 4 0 4 0 3 0 4 3 0 0 0 1 0 0 0 0 4 3 0 4 4
 4 1 0 0 1 0 3 3 0 4 0 4 3 0 4 4 3 3 1 4 0 0 3 0 0 4 1 0 0 1 4 4 3 4 4 1 0
 3 0 0 3 0 4 3 4 4 3 0 1 0 0 2 1 4 0 3 3 0 0 4 3 3 3 4 0 1 0 1 4 1 3 3 4 4
 0 1 0 0 3 1 3 4 4 3 0 4 3 0 3 3 3 0 1 4 4 3 3 0 3 0 0 4 3 4 3 4 3 0 0 3 4
 3 1 1 0 0 1 3 4 0 0 3 3 0 0 4 3 0 1 3 0 0 4 3 4 1 4 3 1 4 4 3 4 0 1 0 4 0
 0 0 0 3 4 0 3 4 3 4 4 0 4 4 4 0 0 0 4 4 4 4 0 3 4 0 4 0 1 0 3 3 1 0 3 0 0
 3 4 1 0 4 0 4 4 1 0 0 0 1 0 0 4 4 1 1 1 3 4 4 0 0 3 0 0 3 4 4 4 3 0 1 0 0
 4 3 0 0 0 0 4 0 3 0 4 0 4 4 0 0 0 0 4 0 0 0 4 0 0 0 4 0 1 0 1 1 3 0 4 1 1
 4 3 0 0 3 4 4 4 0 0 3 4 1 4 0 0 1 4 0 3 4 4 4 0 4 0 1 4 0 3 4 1 4 4 0 0 4
 4 3 0 0 0 0 3 0 0 4 3 0 4 4 3 0 4 4 0 4 0 3 4 0 0 1 0 0 4 4 0 3 3]
 Dunn Index 5 : 0.022834793402
---------------------------------------------------------------------------------------------------------
chromosome 6 : [ 0.31031792 -0.00174276 -0.1703449  ...,  0.          0.          0.        ]
 Objectives (Sil) : 0.469831122316
 Objectives (PBM) : 137.097049837
Cluster size 6 :7
Predicted Label for 6: [6 0 1 5 1 5 0 0 0 6 0 6 5 6 0 1 1 5 6 1 4 1 6 1 1 5 0 6 1 6 4 1 0 1 1 5 5
 1 1 1 1 0 1 1 1 5 0 6 1 5 1 0 0 0 1 1 1 5 1 0 3 1 5 1 6 5 5 5 1 0 4 5 0 1
 1 0 1 5 6 5 5 4 1 0 5 0 4 1 0 1 4 4 6 1 1 5 4 5 5 1 6 5 1 6 0 0 4 1 0 6 1
 4 5 1 3 1 0 4 0 0 4 5 6 1 1 2 6 1 5 4 5 5 5 0 4 3 4 0 1 6 5 6 0 6 4 4 0 1
 1 6 5 5 4 0 4 0 1 4 1 1 5 5 4 4 4 5 0 1 0 4 4 1 5 5 5 0 4 0 4 0 5 1 1 3 0
 4 6 6 5 1 6 4 0 1 5 5 4 5 1 0 4 5 6 5 5 5 0 4 1 6 0 4 6 0 0 5 0 5 6 5 0 1
 1 1 1 4 0 1 4 0 4 0 1 5 1 1 0 1 5 1 0 0 0 0 1 5 0 5 1 1 6 5 4 4 6 1 5 1 1
 4 0 6 1 0 1 0 0 6 1 5 1 6 5 5 0 0 0 6 6 4 0 0 5 5 4 1 5 4 0 1 1 4 5 6 1 1
 0 5 5 1 5 5 0 5 4 5 0 5 0 0 5 5 5 1 1 1 1 5 0 5 5 5 0 1 6 1 0 6 4 5 0 6 6
 0 5 1 1 3 0 0 1 5 1 4 1 6 0 1 1 6 1 1 4 0 0 1 5 0 5 6 0 1 4 0 6 0 1 5 1 0
 0 3 5 5 5 1 3 5 5 0 4 5 1 0 4 5 1 0 1 0 1 4 0 5 5 6 1 1 0 1 1 4 5]
 Dunn Index 6 : 0.0269265825304
---------------------------------------------------------------------------------------------------------
chromosome 7 : [ 0.31368686 -0.00335841 -0.17228824 ...,  0.          0.          0.        ]
 Objectives (Sil) : 0.403964301325
 Objectives (PBM) : 160.459292824
Cluster size 7 :14
Predicted Label for 7: [11  1  8  9  4  9  4  1  1 11  1 11 13 11 11  8  4 10  7  8  0  8 11  8  9
  9  4 11  8 11 10  8  1  9  4 13 13  8  8  8  8  1  8  4  8  9  1 11  8  9
  8  4  1  4  8  4  8 13  9  1  6  8 12  8 11 13 12 13  8  1  5  9  4  4  4
 11  8 12 11 13 10  0  8  1 13  4  5  9  1  4 10  5 11  4  9 12 10 12 12  4
 11  9  9 11  1  1  0  4  1  7  8  5  9  8  3  8  1  0  1  1 10  9 11  9  8
  2  7  4 12 10 13 12 12  4 10  6  0  1  9 11  9 11  1 11 10  0  4  4  9 11
 12 13  0 11  0  1  4  0  9  4 10 12 10  0  0 12 11  4  1  0  0  8 13 12 13
  1  0  1  0  4 13  8  9  3  1  6  7  7 13  8  7  0  1  8 13 10 10 12  9  1
 10 12  7 13 12 12  1  5  4 11  1  0  7  1  4 10  1 13  7  9  1  8  8  8  8
  5  4  8 10  1 10  1  4 12  4  4  1  8 12  9  1  1  4  4  8 13  1  9  4  8
 11  9 10  0 11  8 10  8  8  0  4 11  8  1  8  4  1  7  8 12  8  7  9 13  1
  1 11  7 11  5  1  1  9 13  5  9 12  0  1  4  4  0 13 11  8  9  4 13 12  9
  9 12  1 13  0 12  1 13  4  1  9 12  9  9  4  8  8  9  1 12  9  9  1  8 11
  8 11  7  0  9  1  7 11  1 13  9  8  6  4  1  4  9  8 10  4 11  1  8  9 11
  4  8  0  1  4  4 12  4 13 11  1  8 10  1  7  1  4 13  9  4  1  3 12  9 12
  9  3 13 13  1  5 12  4  1 10 12  4  1  8  1  9 10  4 12 12  7  8  8  1  4
  8  0 10]
 Dunn Index 7 : 0.0332664272442
---------------------------------------------------------------------------------------------------------
chromosome 8 : [ 0.30304579 -0.00076008 -0.16651973 ...,  0.          0.          0.        ]
 Objectives (Sil) : 0.361846457806
 Objectives (PBM) : 124.960673282
Cluster size 8 :16
Predicted Label for 8: [14 15  5  0  6  0  6 15 15 14 15 14  4 14  1  5  2  4 14  5 13  5  1  5  5
  0  6  1  2  1 13  2  1  5  6 11  4  2  5  2  5 15  2  6  2  0  1 14  5  0
  2  6 15  6  5  2  2  4  5 15  9  5  0  5  1 11 11 11  5 15  3  0  6  2  6
  1  5 11  1 11  4 13  2  1 11  6 12  5 15  6  4 12 14  2  0  0 13 11 11  2
  1  0  5  1  1 15 13  2 15 10  5 12  0  2  8  5  1  3 15 15 13  0 14  0  2
  7 10  6 11  4  4 11 11  6  4  9 13 15  5  1  0 14  1  1  4 13  6  6  5 14
 11 11 13  1 13  1  6  3  5  2  4 11  4  3 13  0  1  6 15  3 13  5  4  0 11
 15 13 15  3  6  4  5  5  8 15  9 10 10 11  5 14 13 15  2 11  4  4 11  5  1
  4  0 10  4  0 11 15 12  2  1 15  3 14 15  6  4 15 11 10  0  1  5  5  2  5
 12  6  2 13 15  4  1  6 11  2  2 15  2 11  5 15 15  6  6  5  4 15  0  6  2
 14  0  4 13 14  2  4  2  2  3  6  1  5  1  2  6  1 10  2  0  5 10  0 11 15
  1  1 10  1 12 15 15  0 11 12  5 11  3  1  6  6 13 11  1  2  0  6 11 11  5
  0 11 15 11 13  0 15 11  6 15  0  0  0  5  2  5  5  0 15  0  0  0 15  2 14
  5  1 10 13  0 15 14 14  1  4  5  5  9  6 15  6  0  5  4  2 14  1  5  0  1
  6  2 13 15  6  6 11  6 11  1  1  5  4  1 10 15  6 11  5  6  1  8 11  0  0
  5  8 11 11 15 12  0  6  1  4  0  6 15  5 15  0  4  6 11  0 10  2  2 15  6
  5  3  4]
 Dunn Index 8 : 0.0352979184678
---------------------------------------------------------------------------------------------------------
chromosome 9 : [ 0.02071291 -0.00217569 -0.01356518 ...,  0.          0.          0.        ]
 Objectives (Sil) : 0.537525576705
 Objectives (PBM) : 16.356360599
Cluster size 9 :2
Predicted Label for 9: [0 0 1 1 0 1 0 0 0 0 0 0 1 0 0 1 0 1 0 1 1 1 0 1 1 1 0 0 1 0 1 1 0 1 0 1 1
 1 1 1 1 0 1 0 1 1 0 0 1 1 1 0 0 0 1 0 1 1 1 0 1 1 1 1 0 1 1 1 1 0 1 1 0 0
 0 0 1 1 0 1 1 1 1 0 1 0 1 1 0 0 1 1 0 0 1 1 1 1 1 0 0 1 1 0 0 0 1 0 0 0 1
 1 1 1 1 1 0 1 0 0 1 1 0 1 1 0 0 0 1 1 1 1 1 0 1 1 1 0 1 0 1 0 0 0 1 1 0 0
 1 0 1 1 1 0 1 0 0 1 1 0 1 1 1 1 1 1 0 0 0 1 1 1 1 1 1 0 1 0 1 0 1 1 1 1 0
 1 0 0 1 1 0 1 0 1 1 1 1 1 1 0 1 1 0 1 1 1 0 1 0 0 0 1 0 0 0 1 0 1 0 1 0 1
 1 1 1 1 0 1 1 0 1 0 0 1 0 0 0 1 1 1 0 0 0 0 1 1 0 1 0 1 0 1 1 1 0 1 1 1 1
 1 0 0 1 0 1 0 0 0 0 1 1 0 1 1 0 0 0 0 0 1 0 0 1 1 1 1 1 1 0 0 0 1 1 0 1 1
 0 1 1 1 1 1 0 1 1 1 0 1 0 0 1 1 1 1 0 1 1 1 0 1 1 1 0 1 0 1 0 0 1 1 0 0 0
 0 1 1 1 1 0 0 0 1 1 1 0 0 0 1 1 0 0 1 1 0 0 0 1 0 1 0 0 1 1 0 0 0 0 1 1 0
 0 1 1 1 1 1 1 1 1 0 1 1 0 0 1 1 0 0 1 0 1 1 0 1 1 0 1 1 0 0 1 1 1]
 Dunn Index 9 : 0.00822899508396
---------------------------------------------------------------------------------------------------------
chromosome 10 : [ 0.30461434 -0.00335841 -0.16730463 ...,  0.          0.          0.        ]
 Objectives (Sil) : 0.441064012033
 Objectives (PBM) : 134.215123017
Cluster size 10 :11
Predicted Label for 10: [7 0 8 4 0 4 0 0 0 7 0 7 5 7 1 8 0 5 7 8 5 8 1 8 8 4 0 1 8 1 5 8 1 8 0 4 5
 8 8 8 8 1 8 0 8 4 1 7 8 4 8 0 0 0 8 8 8 5 8 1 6 8 4 8 1 4 4 4 8 1 6 8 0 0
 0 1 8 4 1 4 5 5 8 1 4 0 6 8 0 0 5 6 1 0 8 4 5 4 4 0 1 4 8 1 1 1 5 0 0 7 8
 6 4 8 9 8 1 6 1 1 5 4 7 8 8 2 7 0 4 5 5 4 4 0 5 6 5 1 8 1 8 1 1 1 5 5 0 0
 8 7 4 4 5 1 6 1 0 6 8 0 5 4 5 6 5 4 1 0 0 6 5 8 5 4 4 1 5 0 6 0 5 8 8 3 0
 6 7 7 4 8 7 5 0 8 4 5 5 4 8 1 5 4 7 5 4 4 0 6 0 1 1 6 7 0 0 5 1 4 7 4 1 8
 8 8 8 6 0 8 5 0 5 1 0 4 0 0 1 8 4 8 0 0 0 0 8 5 1 4 0 8 1 4 5 5 1 8 5 8 8
 6 0 1 8 1 8 0 1 7 8 4 8 7 4 4 1 1 1 7 1 6 0 1 8 4 6 8 4 6 1 0 0 5 4 1 8 8
 0 4 4 8 4 4 1 4 5 4 0 4 0 0 4 4 8 8 8 8 8 4 0 4 4 4 1 8 7 8 1 7 6 4 0 7 7
 1 5 8 8 6 0 1 0 4 8 5 0 7 1 8 8 1 0 8 5 0 0 0 4 0 4 1 1 8 5 1 7 0 0 4 8 0
 1 3 4 4 4 8 3 4 4 0 6 4 0 1 5 4 0 0 8 1 8 5 0 4 4 7 8 8 0 0 8 6 5]
 Dunn Index 10 : 0.0337201767469
---------------------------------------------------------------------------------------------------------
chromosome 11 : [ 0.26554052 -0.00037283 -0.14582899 ...,  0.          0.          0.        ]
 Objectives (Sil) : 0.472165754245
 Objectives (PBM) : 163.461027644
Cluster size 11 :5
Predicted Label for 11: [2 0 0 1 0 1 0 0 0 2 0 2 1 2 2 0 0 1 2 0 4 0 2 0 1 1 0 2 0 2 4 0 2 1 0 1 1
 0 0 0 0 2 0 0 0 1 2 2 0 1 0 0 0 0 1 0 0 1 1 2 4 0 1 0 2 1 1 1 0 0 4 1 0 0
 0 2 0 1 2 1 1 4 0 2 1 0 4 1 0 0 1 4 2 0 1 1 4 1 1 0 2 1 1 2 2 0 4 0 0 2 0
 4 1 0 4 1 2 4 2 2 4 1 2 1 0 3 2 0 1 4 1 1 1 0 1 4 4 0 1 2 1 2 2 2 4 4 0 0
 1 2 1 1 4 2 4 2 0 4 1 0 1 1 4 4 4 1 2 0 0 4 4 0 1 1 1 0 4 0 4 0 1 0 1 4 0
 4 2 2 1 0 2 4 0 0 1 1 4 1 1 2 4 1 2 1 1 1 0 4 0 2 0 4 2 0 0 1 2 1 2 1 2 1
 0 0 0 4 0 0 4 0 1 2 0 1 0 0 0 0 1 1 0 0 0 0 0 1 0 1 0 0 2 1 4 4 2 0 1 0 0
 4 0 2 0 2 0 0 2 2 0 1 0 2 1 1 0 2 2 2 2 4 0 0 1 1 4 1 1 4 2 0 0 4 1 2 0 1
 0 1 1 1 1 1 2 1 4 1 0 1 0 0 1 1 1 1 0 0 0 1 0 1 1 1 2 0 2 0 2 2 4 1 0 2 2
 2 1 1 0 4 0 2 0 1 0 4 0 2 2 0 1 2 0 0 4 0 0 0 1 0 1 2 2 0 4 2 2 0 0 1 1 0
 2 4 1 1 1 1 4 1 1 0 4 1 0 2 4 1 0 0 0 2 1 1 0 1 1 2 0 0 0 0 0 4 1]
 Dunn Index 11 : 0.0172215173502
---------------------------------------------------------------------------------------------------------
chromosome 12 : [ 0.30304579 -0.00076008 -0.16651973 ...,  0.          0.          0.        ]
 Objectives (Sil) : 0.386805437889
 Objectives (PBM) : 119.89951604
Cluster size 12 :19
Predicted Label for 12: [11 13  8 18  0 18 13 13 13 11 13 11  9 11  1  8  0  9 10  8  6  8  1  8 18
 18  0  1  8  1  7  8 14 18  0  9  9  8  8  8  8 14  8  0  8 18 14 11  8 18
  8  0 13  0 18  0  8  9 18 14  3  8  4  8  1  4  4  9  8 13  5 18  0  0  0
  1  8  4  1  9  9  6  8 14  9  0  5 18 13  0  9  5  1  0 18  4  7  4  4  0
  1 18 18  1 14 14  6  0 13  2  8  5 18  8 16  8 14  6 14 14  7 18 11 18  8
 12  2  0  4  7  9  4  4  0  9  3  7 13 18  1 18 11 14  1  7  6  0  0 18 11
  4  9  7  1  6 14  0  6 18  0  9  4  7  6  6  4  1  0 13  6  7  8  9  4  4
 14  7 13  6  0  9  8 18 16 13  3  2  2  9  8 10  6 13  8  4  9  7  4 18 14
  7  4 10  9  4  4 13  5  0  1 13  6 11 13  0  9 14  4  2 18 14  8  8  8  8
  5  0  8  7 13  9 14  0  4  0  0 13  8  4 18 13 13  0  0  8  9 14 18  0  8
 11 18  7  7 11  8  9  8  8  6  0  1  8 14  8  0 14  2  8  4  8  2 18  9 13
 14  1  2  1  5 13 13 18  4  5 18  4  6 14  0  0  6  9  1  8 18  0  9  4 18
 18  4 14  9  7  4 13  9  0 13 18  4 18 18  8  8  8 18 13  4 18 18 14  8 11
  8  1 10  6 18 13 10 11 14  9 18  8  3  0 14  0 18  8  7  0 11 14  8 18  1
  0  8  7 13  0  0  4  0  9  1 14  8  7 14 10 13  0  9 18  0 14 15  4 18  4
 18 15  4  4 13  5  4  0 14  7  4  0 13  8 14 18  9  0  4  4 10  8  8 13  0
  8  6  9]
 Dunn Index 12 : 0.0689281299088
---------------------------------------------------------------------------------------------------------
chromosome 13 : [ 0.3094182  -0.00084591 -0.17000561 ...,  0.          0.          0.        ]
 Objectives (Sil) : 0.38474515215
 Objectives (PBM) : 94.1641249651
Cluster size 13 :20
Predicted Label for 13: [12 15  0 17  1 17 15 15 15 12 15  6  7  6 19  0  1  7 13  0 10  0 19  0 17
 17  1 19  0 19 10  0 16 17  1 11  7  0  0  0  0 16  0  1  0 17 16 12  0 17
  0  1 15  1  0  1  0  7 17 16  3  0 11  0 19 11 11 11  0 15  9 17  1  1  1
 19  0 11 19 11  7 10  0 16 11  1  9 17 15  1  7  9 12  1 17 11  7 11 11  1
 19 17 17 19 16 16 10  1 15 18  0  9 17  0  2  0 16 10 16 16  7 17 12 17  0
 14 18  1 11  7  7 11 11  1  7  3 10 15 17 19 17 12 16 19  7 10  1  1 17 12
 11 11 10 19 10 16  1 10 17  1  7 11  7 10 10 11 19  1 15 10 10  0  7 11 11
 16 10 15 10  1  7  0 17  2 15  3 18 18 11  0 13 10 15  0 11  7  7 11 17 16
  7 17 13  7 11 11 15  9  1 19 15 10  4 15  1  7 16 11 18 17 16  0  0  0  0
  9  1  0 10 15  7 16  1 11  1  1 15  0 11 17 15 15  1  1  0  7 16 17  1  0
 12 17  7 10 12  0  7  0  0 10  1 19  0 16  0  1 16 18  0 11  0 18 17 11 15
 16 19 18 19  9 15 15 17 11  9 17 11 10 16  1  1 10 11 19  0 17  1  7 11 17
 17 11 16 11 10 17 15 11  1 15 17 11 17 17  1  0  0 17 15 11 17 17 16  0 12
  0 19 13 10 17 15 13 12 16  7 17  0  3  1 16  1 17  0  7  1  5 16  0 17 19
  1  0 10 15  1  1 11  1 11 19 16  0  7 16 13 15  1 11 17  1 16  8 11 17 11
 17  8 11 11 15  9 11  1 16  7 11  1 15  0 16 17  7  1 11 11 13  0  0 15  1
  0  9  7]
 Dunn Index 13 : 0.0919673479257
---------------------------------------------------------------------------------------------------------
chromosome 14 : [ 0.309236    0.0007434  -0.16979565 ...,  0.          0.          0.        ]
 Objectives (Sil) : 0.409110673242
 Objectives (PBM) : 97.6593282201
Cluster size 14 :19
Predicted Label for 14: [17  9  2 14  0 14  0  9  9 17  9 17 18 17 13  2  0 18  7  2 12  2 13  2 14
 14  0 13  2 13 12  2 13 14  0 11 18  2  2  2  2  9  2  0  2 14 13 17  2 14
  2  0  9  0  2  0  2 18 14  9 10  2 11  2 13 11 11 11  2  9 12 14  0  0  0
 13  2 11 17 11 18 12  2 13 11  0 10 14  9  0 18 10 17  0 14 11 18 11 11  0
 13 14 14 17 13  9 12  0  9  4  2 10 14  2 15  2 13 12  9  9 18 14 17 14  2
  8 16  0 11 18 18 11 11  0 18 10 12  9 14 13 14 17 13 13 18 12  0  0 14 17
 11 11 12 13 12 13  0 12 14  0 18 11 18 12 12 11 13  0  9 12 12  2 18 14 11
  9 12  9 12  0 18  2 14 15  9 10  6  1 11  2  7 12  9  2 11 18 18 11 14 13
 18 14  7 18 11 11  9 10  0 13  9 12  7  9  0 18  9 11 16 14 13  2  2  2  2
 10  0  2 12  9 18 13  0 11  0  0  9  2 11 14  9  9  0  0  2 18  9 14  0  2
 17 14 18 12 17  2 18  2  2 12  0 17  2 13  2  0 13 16  2 11  2  6 14 11  9
 13 13  5 17 10  9  9 14 11 10 14 11 12 13  0  0 12 11 17  2 14  0 18 11 14
 14 11  9 11 12 14  9 11  0  9 14 11 14 14  0  2  2 14  9 11 14 14  9  2 17
  2 13  7 12 14  9  7 17 13 18 14  2 10  0  9  0 14  2 18  0 17 13  2 14 17
  0  2 12  9  0  0 11  0 11 13 13  2 18 13  7  9  0 11 14  0 13 15 11 14 11
 14 15 11 11  9 10 11  0 13 18 11  0  9  2  9 14 18  0 11 11  7  2  2  9  0
  2 12 18]
 Dunn Index 14 : 0.0648590512277
---------------------------------------------------------------------------------------------------------
chromosome 15 : [ 0.30682486  0.0007434  -0.16845757 ...,  0.          0.          0.        ]
 Objectives (Sil) : 0.471832217757
 Objectives (PBM) : 124.596919527
Cluster size 15 :6
Predicted Label for 15: [1 2 5 5 2 5 2 2 2 1 2 1 0 1 2 5 5 0 1 5 4 5 1 5 5 5 2 1 5 1 0 5 2 5 5 0 0
 5 5 5 5 2 5 5 5 5 2 1 5 5 5 2 2 2 5 5 5 0 5 2 4 5 0 5 1 0 0 0 5 2 4 5 2 5
 5 2 5 0 1 0 0 4 5 2 0 2 4 5 2 5 0 4 1 5 5 0 0 0 0 5 1 5 5 1 2 2 4 5 2 1 5
 4 5 5 4 5 2 4 2 2 0 5 1 5 5 3 1 5 0 0 0 0 0 2 0 4 4 2 5 1 5 1 2 1 0 4 2 5
 5 1 0 0 4 2 4 2 2 4 5 5 0 0 0 4 4 0 1 5 2 4 4 5 0 0 0 2 4 2 4 2 0 5 5 4 2
 4 1 1 0 5 1 4 2 5 0 0 0 0 5 2 0 0 1 0 0 0 2 4 5 1 2 4 1 2 2 0 2 0 1 5 2 5
 5 5 5 4 2 5 0 2 0 2 5 0 5 5 2 5 0 5 2 2 2 2 5 0 2 5 5 5 1 5 0 4 1 5 0 5 5
 4 2 1 5 2 5 2 2 1 5 0 5 1 5 0 2 2 1 1 1 4 2 2 5 0 4 5 0 4 2 5 2 4 0 1 5 5
 2 0 0 5 5 0 2 0 4 0 2 0 2 2 0 0 5 5 5 5 5 5 2 0 5 5 2 5 1 5 2 1 4 0 2 1 1
 2 0 5 5 4 2 2 2 0 5 0 5 1 2 5 5 1 2 5 4 2 2 5 0 2 0 1 2 5 0 2 1 2 5 0 5 2
 2 4 0 5 0 5 4 0 0 2 4 0 2 2 0 0 2 2 5 2 5 0 2 0 0 1 5 5 2 2 5 4 0]
 Dunn Index 15 : 0.0207197773732
---------------------------------------------------------------------------------------------------------
chromosome 16 : [ 0.30682486  0.0007434  -0.16845757 ...,  0.          0.          0.        ]
 Objectives (Sil) : 0.452941700772
 Objectives (PBM) : 186.300913265
Cluster size 16 :9
Predicted Label for 16: [3 7 1 1 2 1 2 7 7 3 7 3 8 3 7 1 2 8 3 1 0 1 7 1 1 1 2 7 2 7 0 2 7 1 2 8 8
 2 1 2 1 7 2 2 2 1 7 3 1 1 2 2 7 2 1 2 2 8 1 7 0 1 1 1 7 8 8 8 1 7 0 1 2 2
 2 7 1 8 7 8 8 0 2 7 8 2 0 1 7 2 8 0 7 2 1 1 8 8 8 2 7 1 1 7 7 7 0 2 7 3 1
 0 1 2 6 1 7 0 7 7 8 1 3 1 2 4 3 2 8 8 8 8 8 2 8 0 0 7 1 7 1 3 7 7 8 0 2 2
 1 3 8 8 0 7 0 7 2 0 1 2 8 8 8 0 0 1 7 2 7 0 0 1 8 1 8 7 0 7 0 2 8 1 1 6 7
 0 3 3 8 1 3 0 7 2 8 8 8 8 1 7 8 1 3 8 1 8 7 0 2 7 7 0 3 7 2 8 7 8 3 1 7 1
 1 2 1 0 2 2 0 7 8 7 2 8 2 2 7 2 8 1 7 7 2 2 1 8 7 1 2 2 3 1 8 0 3 2 8 2 2
 0 2 7 1 7 2 2 7 3 2 1 1 3 1 8 7 7 7 3 7 0 7 7 1 8 0 1 8 0 7 2 2 0 8 7 2 1
 2 8 8 1 1 8 7 8 0 1 7 8 2 7 1 1 1 1 2 1 1 1 7 1 1 1 7 2 3 1 7 3 0 1 7 3 3
 7 8 1 1 0 2 7 2 1 1 8 2 3 7 1 1 7 2 2 0 7 2 2 8 2 8 7 7 1 8 7 3 7 2 8 1 2
 7 6 8 1 1 1 6 8 8 7 0 8 2 7 8 1 2 7 1 7 1 8 2 8 1 3 2 2 7 2 2 0 8]
 Dunn Index 16 : 0.0263343321849
---------------------------------------------------------------------------------------------------------
chromosome 17 : [ 0.30153352 -0.00134282 -0.16337406 ...,  0.          0.          0.        ]
 Objectives (Sil) : 0.538578744758
 Objectives (PBM) : 134.557314762
Cluster size 17 :3
Predicted Label for 17: [0 0 2 2 0 2 0 0 0 0 0 0 2 0 0 2 0 2 0 2 2 2 0 2 2 2 0 0 2 0 2 2 0 2 0 2 2
 2 2 2 2 0 2 0 2 2 0 0 2 2 0 0 0 0 2 0 2 2 2 0 2 2 2 2 0 2 2 2 2 0 2 2 0 0
 0 0 2 2 0 2 2 2 2 0 2 0 2 2 0 0 2 2 0 0 2 2 2 2 2 0 0 2 2 0 0 0 2 0 0 0 2
 2 2 2 2 2 0 2 0 0 2 2 0 2 2 1 0 0 2 2 2 2 2 0 2 2 2 0 2 0 2 0 0 0 2 2 0 0
 2 0 2 2 2 0 2 0 0 2 2 0 2 2 2 2 2 2 0 0 0 2 2 2 2 2 2 0 2 0 2 0 2 2 2 2 0
 2 0 0 2 2 0 2 0 2 2 2 2 2 2 0 2 2 0 2 2 2 0 2 0 0 0 2 0 0 0 2 0 2 0 2 0 2
 2 2 2 2 0 2 2 0 2 0 0 2 0 0 0 2 2 2 0 0 0 0 2 2 0 2 0 2 0 2 2 2 0 2 2 2 2
 2 0 0 2 0 2 0 0 0 0 2 2 0 2 2 0 0 0 0 0 2 0 0 2 2 2 2 2 2 0 0 0 2 2 0 2 2
 0 2 2 2 2 2 0 2 2 2 0 2 0 0 2 2 2 2 0 2 2 2 0 2 2 2 0 2 0 2 0 0 2 2 0 0 0
 0 2 2 2 2 0 0 0 2 2 2 0 0 0 2 2 0 0 2 2 0 0 0 2 0 2 0 0 2 2 0 0 0 0 2 2 0
 0 2 2 2 2 2 2 2 2 0 2 2 0 0 2 2 0 0 2 0 2 2 0 2 2 0 2 2 0 0 2 2 2]
 Dunn Index 17 : 0.0139566511573
---------------------------------------------------------------------------------------------------------
chromosome 18 : [ 0.27910316 -0.00069083 -0.15327859 ...,  0.          0.          0.        ]
 Objectives (Sil) : 0.401690019893
 Objectives (PBM) : 77.1027110988
Cluster size 18 :17
Predicted Label for 18: [ 1 15 16 14 15 14 15 15 15  1 15  1 12  1  1 16 16 12  0 16 11 16  1 16 14
 14 15  1 16  1 11 16  1 14 16 13 12 16 16 16 16 15 16 16 16 14  1  1 16 14
 16 15 15 15 14 16 16 12 14 15  9 16 13 16  1 13 13 13 16 15 10 14 15 16 16
  1 16 13  1 13 12 11 16  1 13 15 10 14 15 16 12 10  1 16 14 13 12 13 13 16
  1 14 14  1  1 15 11 16 15  0 16 10 14 16  2 14  1 11 15 15 12 14  1 14 16
  7  0 16 13 12 12 13 13 15 12  8 11 15 14  1 14  1  1  1 12 11 15 16 14  1
 13 13 11  1 11  1 16 11 14 16 12 13 12 11 11 13  1 16 15 11 11 16 12 13 13
 15 11 15 11 15 12 16 14  3 15  8  0  0 13 16  0 11 15 16 13 12 12 13 14  1
 12 14  0 12 13 13 15 10 16  1 15 11  0 15 15 12 15 13  0 14  1 14 16 16 16
 10 15 16 11 15 12  1 16 13 16 16 15 16 13 14 15 15 15 15 16 12 15 14 16 16
  1 14 12 11  1 16 12 16 16 11 15  1 14  1 16 15  1  0 16 13 16  0 14 13 15
  1  1  0  1 10 15 15 14 13 10 14 13 11  1 16 15 11 13  1 16 14 15 12 13 14
 14 13 15 13 11 14 15 13 15 15 14 13 14 14 16 16 14 14 15 13 14 14 15 16  1
 16  1  0 11 14 15  0  1  1 12 14 14  8 15 15 15 14 16 12 16  1  1 16 14  1
 15 16 11 15 15 16 13 15 13  1  1 14 12  1  0 15 16 13 14 15  1  5 13 14 13
 14  4 13 13 15 10 13 16  1 12 13 16 15 16 15 14 12 15 13 13  0 16 16 15 15
 16 10 12]
 Dunn Index 18 : 0.0341488859138
---------------------------------------------------------------------------------------------------------
chromosome 19 : [ 0.279542   -0.00057139 -0.15346959 ...,  0.          0.          0.        ]
 Objectives (Sil) : 0.431934198132
 Objectives (PBM) : 133.173092989
Cluster size 19 :12
Predicted Label for 19: [ 1  7 11 10  7 10  7  7  7  1  7  1  8  1  1 11 11  8  0 11  9 11  1 11 10
 10  7  1 11  1  9 11  1 10 11  8  8 11 11 11 11  7 11 11 11 10  1  1 11 10
 11  7  7  7 10 11 11  8 10  7  6 11 10 11  1  8  8  8 11  7  6 10  7 11 11
  1 11  8  1  8  8  9 11  1  8  7  6 10  7 11  8  6  1 11 10 10  9  8  8 11
  1 10 10  1  1  7  9 11  7  0 11  6 10 11  3 10  1  9  7  7  9 10  1 10 11
  2  0 11  8  9  8  8  8  7  8  6  9  7 10  1 10  1  1  1  9  9  7 11 10  1
  8  8  9  1  9  1 11  9 10 11  8  8  9  9  9 10  1 11  7  9  9 11  8 10  8
  7  9  7  9  7  8 11 10  4  7  6  0  0  8 11  0  9  7 11  8  8  9  8 10  1
  9 10  0  8 10  8  7  6 11  1  7  9  0  7  7  8  7  8  0 10  1 10 11 11 11
  6  7 11  9  7  8  1 11  8 11 11  7 11  8 10  7  7  7  7 11  8  7 10 11 11
  1 10  9  9  1 11  8 11 11  9  7  1 11  1 11  7  1  0 11 10 11  0 10  8  7
  1  1  0  1  6  7  7 10  8  6 10  8  9  1 11  7  9  8  1 11 10  7  8  8 10
 10  8  7  8  9 10  7  8  7  7 10 10 10 10 11 11 11 10  7 10 10 10  7 11  1
 11  1  0  9 10  7  0  1  1  8 10 11  6  7  7  7 10 11  9 11  1  1 11 10  1
  7 11  9  7  7 11  8  7  8  1  1 11  9  1  0  7 11  8 10  7  1  5  8 10 10
 10  5  8  8  7  6 10 11  1  9 10 11  7 11  7 10  8  7  8 10  0 11 11  7  7
 11  9  8]
 Dunn Index 19 : 0.0392346215151
---------------------------------------------------------------------------------------------------------
chromosome 20 : [ 0.28245995 -0.00064028 -0.15516514 ...,  0.          0.          0.        ]
 Objectives (Sil) : 0.476096229981
 Objectives (PBM) : 60.5032669772
Cluster size 20 :7
Predicted Label for 20: [6 5 4 4 5 4 5 5 5 6 5 6 2 6 6 4 5 2 3 4 1 4 6 4 4 4 5 6 4 6 1 4 6 4 5 2 2
 4 4 4 4 6 4 5 4 4 6 6 4 4 4 5 5 5 4 5 4 2 4 6 1 4 2 4 6 2 2 2 4 5 1 4 5 5
 5 6 4 2 6 2 2 1 4 6 2 5 1 4 5 5 2 1 6 5 4 2 1 2 2 5 6 4 4 6 6 6 1 5 5 3 4
 1 4 4 0 4 6 1 6 6 1 4 6 4 4 3 3 5 2 2 2 2 2 5 2 1 1 5 4 6 4 6 6 6 2 1 5 5
 4 6 2 2 1 6 1 6 5 1 4 5 2 2 2 1 1 2 6 5 5 1 1 4 2 2 2 6 1 5 1 5 2 4 4 0 5
 1 3 3 2 4 3 1 5 4 2 2 1 2 4 6 2 2 3 2 2 2 5 1 5 6 5 1 6 5 5 2 6 2 3 4 6 4
 4 4 4 1 5 4 1 5 2 6 5 2 5 5 5 4 2 4 5 5 5 5 4 2 6 4 5 4 6 4 2 1 6 4 2 4 4
 1 5 6 4 6 4 5 6 3 4 2 4 3 4 2 5 6 6 3 6 1 5 5 4 2 1 4 2 1 6 5 5 1 2 6 4 4
 5 2 2 4 4 2 6 2 1 2 5 2 5 5 4 2 4 4 5 4 4 4 5 2 4 4 6 4 6 4 6 3 1 4 5 3 6
 6 2 4 4 1 5 6 5 4 4 1 5 6 6 4 4 6 5 4 1 5 5 5 2 5 2 6 6 4 2 6 3 5 5 2 4 5
 6 0 2 4 2 4 0 2 2 5 1 2 5 6 2 2 5 5 4 6 4 2 5 2 2 3 4 4 5 5 4 1 2]
 Dunn Index 20 : 0.0107033244589
---------------------------------------------------------------------------------------------------------
chromosome 21 : [ 0.30018041 -0.00187698 -0.16897305 ...,  0.          0.          0.        ]
 Objectives (Sil) : 0.430332612534
 Objectives (PBM) : 114.282997401
Cluster size 21 :13
Predicted Label for 21: [ 0  4 12 11  4 11  4  4  4  0  4  0 10  0  0 12 12 10  1 12  8 12  0 12 11
 11  4  0 12  0  8 12  0 11 12 10 10 12 12 12 12  4 12 12 12 11  0  0 12 11
 12  4  4  4 11 12 12 10 11  4  9 12 11 12  0 10 10 10 12  4  9 11  4 12 12
  0 12 10  0 10 10  8 12  0 10  4  9 11  4 12 10  9  0 12 11 11  8 10 10 12
  0 11 11  0  0  4  8 12  4  1 12  9 11 12  3 11  0  8  4  4  8 11  0 11 12
  2  1 12 10  8 10 10 10  4 10  9  8  4 11  0 11  0  0  0  8  8  4 12 11  0
 10 10  8  0  8  0 12  8 11 12 10 10  8  8  8 11  0 12  4  8  8 12 10 11 10
  4  8  4  8  4 10 12 11  5  4  9  1  1 10 12  1  8  4 12 10 10  8 10 11  0
  8 11  1 10 11 10  4  9 12  0  4  8  1  4  4 10  4 10  1 11  0 11 12 12 12
  9  4 12  8  4 10  0 12 10 12 12  4 12 10 11  4  4  4  4 12 10  4 11 12 12
  0 11  8  8  0 12 10 12 12  8  4  0 12  0 12  4  0  1 12 11 12  1 11 10  4
  0  0  1  0  9  4  4 11 10  9 11 10  8  0 12  4  8 10  0 12 11  4 10 10 11
 11 10  4 10  8 11  4 10  4  4 11 11 11 11 12 12 12 11  4 11 11 11  4 12  0
 12  0  1  8 11  4  1  0  0 10 11 12  9  4  4  4 11 12  8 12  0  0 12 11  0
  4 12  8  4  4 12 10  4 10  0  0 12  8  0  1  4 12 10 11  4  0  7 10 11 11
 11  6 10 10  4  9 11 12  0  8 11 12  4 12  4 11 10  4 10 11  1 12 12  4  4
 12  8 10]
 Dunn Index 21 : 0.0392346215151
---------------------------------------------------------------------------------------------------------
chromosome 22 : [  3.31365758e-01   1.13766691e-04  -1.82063933e-01 ...,   0.00000000e+00
   0.00000000e+00   0.00000000e+00]
 Objectives (Sil) : 0.408033241785
 Objectives (PBM) : 123.928241547
Cluster size 22 :13
Predicted Label for 22: [ 1 11  0  7 11  7 11 11 11  1 11  1 10  1  1  0  0 10  5  0  9  0  1  0  7
  7 11  1  0  1  9  0  1  7  0 12 10  0  0  0  0 11  0  0  0  7  1  1  0  7
  0 11 11 11  7  0  0 10  7 11  3  0 12  0  1 12 12 12  0 11  6  7 11  0  0
  1  0 12  1 12 10  9  0  1 12 11  6  7 11  0 10  6  1  0  7 12 10 12 12  0
  1  7  7  1  1 11  9  0 11  5  0  6  7  0  2  7  1  9 11 11 10  7  1  7  0
  4  5  0 12 10 10 12 12 11 10  3  9 11  7  1  7  1  1  1 10  9 11  0  7  1
 12 12  9  1  9  1  0  9  7  0 10 12 10  9  9 12  1  0 11  9  9  0 10 12 12
 11  9 11  9 11 10  0  7  2 11  3  5  5 12  0  5  9 11  0 12 10 10 12  7  1
 10  7  5 10 12 12 11  6  0  1 11  9  5 11 11 10 11 12  5  7  1  7  0  0  0
  6 11  0  9 11 10  1  0 12  0  0 11  0 12  7 11 11 11 11  0 10 11  7  0  0
  1  7 10  9  1  0 10  0  0  9 11  1  7  1  0 11  1  5  0 12  0  5  7 12 11
  1  1  5  1  6 11 11  7 12  6  7 12  9  1  0 11  9 12  1  0  7 11 10 12  7
  7 12 11 12  9  7 11 12 11 11  7 12  7  7  0  0  7  7 11 12  7  7 11  0  1
  0  1  5  9  7 11  5  1  1 10  7  7  3 11 11 11  7  0 10  0  1  1  0  7  1
 11  0  9 11 11  0 12 11 12  1  1  7 10  1  5 11  0 12  7 11  1  8 12  7 12
  7  8 12 12 11  6 12  0  1 10 12  0 11  0 11  7 10 11 12 12  5  0  0 11 11
  0  6 10]
 Dunn Index 22 : 0.0341488859138
---------------------------------------------------------------------------------------------------------
chromosome 23 : [ 0.26992763 -0.00062419 -0.14822597 ...,  0.          0.          0.        ]
 Objectives (Sil) : 0.473707871443
 Objectives (PBM) : 126.342449287
Cluster size 23 :7
Predicted Label for 23: [6 0 2 2 0 2 0 0 0 6 0 6 3 6 6 2 0 3 4 2 1 2 6 2 2 2 0 6 2 6 3 2 6 2 0 3 3
 2 2 2 2 6 2 0 2 2 6 6 2 2 2 0 0 0 2 0 2 3 2 6 1 2 3 2 6 3 3 3 2 0 1 2 0 0
 0 6 2 3 6 3 3 1 2 6 3 0 1 2 0 0 3 1 6 0 2 3 3 3 3 0 6 2 2 6 6 0 1 0 0 4 2
 1 2 2 1 2 6 1 6 6 3 2 6 2 2 5 4 0 3 3 3 3 3 0 3 1 1 0 2 6 2 6 6 6 3 1 0 0
 2 6 3 3 1 6 1 6 0 1 2 0 3 3 3 1 1 3 6 0 0 1 1 2 3 3 3 0 1 0 1 0 3 2 2 1 0
 1 4 4 3 2 4 1 0 2 3 3 3 3 2 6 3 3 4 3 3 3 0 1 0 6 0 1 4 0 0 3 6 3 4 2 6 2
 2 2 2 1 0 2 3 0 3 6 0 3 0 0 0 2 3 2 0 0 0 0 2 3 0 2 0 2 6 2 3 1 6 2 3 2 2
 1 0 6 2 6 2 0 6 4 2 3 2 4 2 3 0 6 6 4 6 1 0 0 2 3 1 2 3 1 6 0 0 1 3 6 2 2
 0 3 3 2 2 3 6 3 1 3 0 3 0 0 2 3 2 2 2 2 2 2 0 3 2 2 6 2 6 2 6 4 1 2 0 4 6
 6 3 2 2 1 0 6 0 2 2 3 0 6 6 2 2 6 0 2 1 0 0 0 3 0 3 6 6 2 3 6 4 0 0 3 2 0
 6 1 3 2 3 2 1 3 3 0 1 3 0 6 3 3 0 0 2 6 2 3 0 3 3 4 2 2 0 0 2 1 3]
 Dunn Index 23 : 0.0253910412434
---------------------------------------------------------------------------------------------------------
chromosome 24 : [ 0.3029546  -0.00054613 -0.16646356 ...,  0.          0.          0.        ]
 Objectives (Sil) : 0.510017063508
 Objectives (PBM) : 165.563367611
Cluster size 24 :4
Predicted Label for 24: [0 0 1 1 1 1 1 0 0 0 0 0 3 0 0 1 1 3 0 1 3 1 0 1 1 1 1 0 1 0 3 1 0 1 1 3 3
 1 1 1 1 0 1 1 1 1 0 0 1 1 1 1 0 1 1 1 1 3 1 0 3 1 1 1 0 3 3 3 1 0 3 1 1 1
 1 0 1 3 0 3 3 3 1 0 3 1 3 1 0 1 3 3 0 1 1 1 3 3 3 1 0 1 1 0 0 0 3 1 0 0 1
 3 1 1 3 1 0 3 0 0 3 1 0 1 1 2 0 1 3 3 3 3 3 1 3 3 3 0 1 0 1 0 0 0 3 3 1 1
 1 0 3 3 3 0 3 0 1 3 1 1 3 3 3 3 3 1 0 1 0 3 3 1 3 1 3 0 3 0 3 1 3 1 1 3 0
 3 0 0 3 1 0 3 0 1 3 3 3 3 1 0 3 1 0 3 1 3 0 3 1 0 0 3 0 0 1 3 0 3 0 1 0 1
 1 1 1 3 1 1 3 0 3 0 1 3 1 1 0 1 3 1 0 0 1 1 1 3 0 1 1 1 0 1 3 3 0 1 3 1 1
 3 1 0 1 0 1 1 0 0 1 1 1 0 1 3 0 0 0 0 0 3 0 0 1 3 3 1 3 3 0 1 1 3 3 0 1 1
 1 3 3 1 1 3 0 3 3 1 0 3 1 0 1 1 1 1 1 1 1 1 0 1 1 1 0 1 0 1 0 0 3 1 0 0 0
 0 3 1 1 3 1 0 1 1 1 3 1 0 0 1 1 0 1 1 3 0 1 1 3 1 3 0 0 1 3 0 0 0 1 3 1 1
 0 3 3 1 1 1 3 3 3 0 3 1 1 0 3 1 1 0 1 0 1 3 1 3 1 0 1 1 0 1 1 3 3]
 Dunn Index 24 : 0.0280442828599
---------------------------------------------------------------------------------------------------------
chromosome 25 : [ 0.27348615  0.00048062 -0.1500984  ...,  0.          0.          0.        ]
 Objectives (Sil) : 0.421836779055
 Objectives (PBM) : 137.628723396
Cluster size 25 :14
Predicted Label for 25: [12  6  3  7  5  7  5  6  6 12  6  9  4  9 12  3  5  4  9  3  2  3 12  3  3
  7  5 12  3 12  2  3  6  3  5  4  4  3  3  3  3  6  3  5  3  7  6 12  3  7
  5  5  6  5  3  5  3  4  3  6 13  3  7  3 12  4  7  4  3  6 13  7  5  5  5
 12  3  7 12  4  4  2  3  6  4  5 13  3  6  5  4 13 12  5  3  7  2  7  7  5
 12  7  3 12  6  6  2  5  6  1  3 13  7  3  8  3  6  2  6  6  2  7 12  7  3
 10  0  5  7  4  4  7  7  5  4 13  2  6  3 12  7 12  6 12  4  2  5  5  3 12
  7  4  2 12  2  6  5  2  3  5  4  7  4  2  2  7 12  5  6  2  2  3  4  7  4
  6  2  6  2  5  4  3  3  8  6 13  0 11  4  3  9  2  6  3  7  4  2  7  3  6
  4  7  9  4  7  7  6 13  5 12  6  2  9  6  5  4  6  4  0  7  6  3  3  3  3
 13  5  3  2  6  4  6  5  7  5  5  6  3  7  3  6  6  5  5  3  4  6  7  5  3
 12  7  4  2 12  3  4  3  3  2  5 12  3  6  3  5  6  0  5  7  3  0  7  4  6
  6 12  0 12 13  6  6  7  4 13  3  7  2  6  5  5  2  4 12  3  7  5  4  7  3
  7  7  6  4  2  7  6  4  5  6  7  7  7  3  5  3  3  7  6  7  7  7  6  3 12
  3 12  0  2  7  6  9 12  6  4  3  3 13  5  6  5  7  3  2  5  9  6  3  7 12
  5  3  2  6  5  5  7  5  4 12  6  3  4  6  9  6  5  4  3  5  6  8  7  7  7
  3  8  4  4  6 13  7  5  6  4  7  5  6  3  6  3  4  5  7  7  9  3  3  6  5
  3  2  4]
 Dunn Index 25 : 0.0468391828123
---------------------------------------------------------------------------------------------------------
chromosome 26 : [ 0.29979955 -0.0020708  -0.16876274 ...,  0.          0.          0.        ]
 Objectives (Sil) : 0.510017063508
 Objectives (PBM) : 105.960555271
Cluster size 26 :4
Predicted Label for 26: [1 1 0 0 0 0 0 1 1 1 1 1 3 1 1 0 0 3 1 0 3 0 1 0 0 0 0 1 0 1 3 0 1 0 0 3 3
 0 0 0 0 1 0 0 0 0 1 1 0 0 0 0 1 0 0 0 0 3 0 1 3 0 0 0 1 3 3 3 0 1 3 0 0 0
 0 1 0 3 1 3 3 3 0 1 3 0 3 0 1 0 3 3 1 0 0 0 3 3 3 0 1 0 0 1 1 1 3 0 1 1 0
 3 0 0 3 0 1 3 1 1 3 0 1 0 0 2 1 0 3 3 3 3 3 0 3 3 3 1 0 1 0 1 1 1 3 3 0 0
 0 1 3 3 3 1 3 1 0 3 0 0 3 3 3 3 3 0 1 0 1 3 3 0 3 0 3 1 3 1 3 0 3 0 0 3 1
 3 1 1 3 0 1 3 1 0 3 3 3 3 0 1 3 0 1 3 0 3 1 3 0 1 1 3 1 1 0 3 1 3 1 0 1 0
 0 0 0 3 0 0 3 1 3 1 0 3 0 0 1 0 3 0 1 1 0 0 0 3 1 0 0 0 1 0 3 3 1 0 3 0 0
 3 0 1 0 1 0 0 1 1 0 0 0 1 0 3 1 1 1 1 1 3 1 1 0 3 3 0 3 3 1 0 0 3 3 1 0 0
 0 3 3 0 0 3 1 3 3 0 1 3 0 1 0 0 0 0 0 0 0 0 1 0 0 0 1 0 1 0 1 1 3 0 1 1 1
 1 3 0 0 3 0 1 0 0 0 3 0 1 1 0 0 1 0 0 3 1 0 0 3 0 3 1 1 0 3 1 1 1 0 3 0 0
 1 3 3 0 0 0 3 3 3 1 3 0 0 1 3 0 0 1 0 1 0 3 0 3 0 1 0 0 1 0 0 3 3]
 Dunn Index 26 : 0.0280442828599
---------------------------------------------------------------------------------------------------------
chromosome 27 : [ 0.33136576 -0.00335841 -0.18253572 ...,  0.          0.          0.        ]
 Objectives (Sil) : 0.447764446709
 Objectives (PBM) : 92.2573953642
Cluster size 27 :8
Predicted Label for 27: [1 0 4 3 0 3 0 0 0 1 0 1 5 1 1 4 0 5 7 4 5 4 1 4 4 3 0 1 4 1 5 4 1 4 0 3 5
 4 4 4 4 1 4 0 4 3 1 1 4 3 4 0 0 0 4 4 4 5 4 0 6 4 3 4 1 3 3 3 4 0 6 3 0 0
 0 1 4 3 1 3 5 5 4 1 3 0 6 4 0 0 5 6 1 0 4 3 5 3 3 4 1 3 4 1 1 0 5 0 0 7 4
 6 3 4 2 4 1 6 1 1 5 3 1 4 4 7 7 0 3 5 5 3 3 0 5 6 5 0 4 1 3 1 1 1 5 5 0 0
 4 1 3 3 5 1 6 1 0 6 4 4 5 3 5 6 5 3 1 0 0 6 5 4 5 3 3 0 5 0 6 0 5 4 4 2 0
 6 7 7 3 4 7 5 0 4 3 5 5 3 4 1 5 3 7 5 3 3 0 6 4 1 0 6 1 0 0 5 1 3 7 3 1 4
 4 4 4 6 0 4 5 0 5 1 0 3 0 0 0 4 3 4 0 0 0 0 4 5 0 3 0 4 1 3 5 5 1 4 5 4 4
 6 0 1 4 1 4 0 1 7 4 3 4 7 3 3 0 1 1 7 1 6 0 0 3 3 6 4 3 6 1 0 0 5 3 1 4 4
 0 5 3 4 3 3 0 3 5 3 0 3 0 0 3 3 3 4 4 4 4 3 0 3 3 3 1 4 1 4 1 7 6 3 0 7 1
 1 5 4 4 6 0 1 0 3 4 5 4 1 1 4 4 1 0 4 5 0 0 0 3 0 3 1 1 4 5 1 7 0 0 3 4 0
 1 2 3 3 3 4 2 3 3 0 6 3 0 1 5 3 0 0 4 1 4 5 0 3 3 7 4 4 0 0 4 6 5]
 Dunn Index 27 : 0.00909152186194
---------------------------------------------------------------------------------------------------------
chromosome 28 : [ 0.27341932  0.00050715 -0.1500751  ...,  0.          0.          0.        ]
 Objectives (Sil) : 0.447764446709
 Objectives (PBM) : 70.6345683257
Cluster size 28 :8
Predicted Label for 28: [3 1 7 4 1 4 1 1 1 3 1 3 5 3 3 7 1 5 0 7 5 7 3 7 7 4 1 3 7 3 5 7 3 7 1 4 5
 7 7 7 7 3 7 1 7 4 3 3 7 4 7 1 1 1 7 7 7 5 7 1 6 7 4 7 3 4 4 4 7 1 6 4 1 1
 1 3 7 4 3 4 5 5 7 3 4 1 6 7 1 1 5 6 3 1 7 4 5 4 4 7 3 4 7 3 3 1 5 1 1 0 7
 6 4 7 2 7 3 6 3 3 5 4 3 7 7 0 0 1 4 5 5 4 4 1 5 6 5 1 7 3 4 3 3 3 5 5 1 1
 7 3 4 4 5 3 6 3 1 6 7 7 5 4 5 6 5 4 3 1 1 6 5 7 5 4 4 1 5 1 6 1 5 7 7 2 1
 6 0 0 4 7 0 5 1 7 4 5 5 4 7 3 5 4 0 5 4 4 1 6 7 3 1 6 3 1 1 5 3 4 0 4 3 7
 7 7 7 6 1 7 5 1 5 3 1 4 1 1 1 7 4 7 1 1 1 1 7 5 1 4 1 7 3 4 5 5 3 7 5 7 7
 6 1 3 7 3 7 1 3 0 7 4 7 0 4 4 1 3 3 0 3 6 1 1 4 4 6 7 4 6 3 1 1 5 4 3 7 7
 1 5 4 7 4 4 1 4 5 4 1 4 1 1 4 4 4 7 7 7 7 4 1 4 4 4 3 7 3 7 3 0 6 4 1 0 3
 3 5 7 7 6 1 3 1 4 7 5 7 3 3 7 7 3 1 7 5 1 1 1 4 1 4 3 3 7 5 3 0 1 1 4 7 1
 3 2 4 4 4 7 2 4 4 1 6 4 1 3 5 4 1 1 7 3 7 5 1 4 4 0 7 7 1 1 7 6 5]
 Dunn Index 28 : 0.00909152186194
---------------------------------------------------------------------------------------------------------
chromosome 29 : [ 0.02071291 -0.00217569 -0.01356518 ...,  0.          0.          0.        ]
 Objectives (Sil) : 0.537275934809
 Objectives (PBM) : 135.088409334
Cluster size 29 :3
Predicted Label for 29: [0 0 1 1 0 1 0 0 0 0 0 0 1 0 0 1 0 1 0 1 1 1 0 1 1 1 0 0 1 0 1 1 0 1 0 1 1
 1 1 1 1 0 1 0 1 1 0 0 1 1 0 0 0 0 1 0 1 1 1 0 1 1 1 1 0 1 1 1 1 0 1 1 0 0
 0 0 1 1 0 1 1 1 1 0 1 0 1 1 0 0 1 1 0 0 1 1 1 1 1 0 0 1 1 0 0 0 1 0 0 0 1
 1 1 1 1 1 0 1 0 0 1 1 0 1 1 2 0 0 1 1 1 1 1 0 1 1 1 0 1 0 1 0 0 0 1 1 0 0
 1 0 1 1 1 0 1 0 0 1 1 0 1 1 1 1 1 1 0 0 0 1 1 1 1 1 1 0 1 0 1 0 1 1 1 1 0
 1 0 0 1 1 0 1 0 1 1 1 1 1 1 0 1 1 0 1 1 1 0 1 0 0 0 1 0 0 0 1 0 1 0 1 0 1
 1 1 1 1 0 1 1 0 1 0 0 1 0 0 0 1 1 1 0 0 0 0 1 1 0 1 0 0 0 1 1 1 0 1 1 1 1
 1 0 0 1 0 1 0 0 0 0 1 1 0 1 1 0 0 0 0 0 1 0 0 1 1 1 1 1 1 0 0 0 1 1 0 1 1
 0 1 1 1 1 1 0 1 1 1 0 1 0 0 1 1 1 1 0 1 1 1 0 1 1 1 0 0 0 1 0 0 1 1 0 0 0
 0 1 1 1 1 0 0 0 1 1 1 0 0 0 1 1 0 0 1 1 0 0 0 1 0 1 0 0 1 1 0 0 0 0 1 1 0
 0 1 1 1 1 1 1 1 1 0 1 1 0 0 1 1 0 0 1 0 1 1 0 1 1 0 1 0 0 0 1 1 1]
 Dunn Index 29 : 0.0158376500921
---------------------------------------------------------------------------------------------------------
chromosome 30 : [ 0.27834144 -0.00107848 -0.15285798 ...,  0.          0.          0.        ]
 Objectives (Sil) : 0.382224138845
 Objectives (PBM) : 71.7026080402
Cluster size 30 :19
Predicted Label for 30: [14  1 11 10  1 10  1  1  1 14  1 14 12 14  9 11 11 12  0 11  4 11  9 11 10
 10  1 14 11  9  4 11  9 10 11  7 12 11 11 11 11  9 11 11 11 10  9 14 11 10
 11  1  1  1 10 11 11 12 10  9  3 11  7 11  9  7  7  7 11  1  5 10  1 11 11
  9 11  7 14  7 12  4 11  9  7  1  5 10  1 11 12  5 14 11 10  7 12  7  7 11
  9 10 10 14  9  9  4 11  1 18 11  5 10 11  8 10  9  4  9  9 12 10 14 10 11
 16  2 11  7 12 12  7  7  1 12  3  4  9 10  9 10 14  9  9 12  4  1 11 10 14
  7 12  4  9  4  9  1  4 10 11 12  7 12  4  4  7  9 11  1  4  4 11 12  7  7
  9  4  1  4  1 12 11 10  8  1  3 13 18  7 11  0  4  1 11  7 12 12  7 10  9
 12  7  0 12  7  7  1  5 11  9  1  4  0  1  1 12  9  7 17 10  9 10 11 11 11
  5  1 11  4  1 12  9 11  7 11 11  1 11  7 10  1  1  1  1 11 12  9 10 11 11
 14 10 12  4 14 11 12 11 11  4  1 14 10  9 11  1  9  6 11  7 11  2 10  7  1
  9  9 15 14  5  1  1 10  7  5 10  7  4  9 11  1  4  7 14 11 10  1 12  7 10
 10  7  9  7  4  7  1 12  1  1 10  7 10 10 11 11 10 10  1  7 10 10  9 11 14
 11  9  0  4 10  1  0 14  9 12 10 10  3  1  9  1 10 11 12 11 14  9 11 10 14
  1 11  4  1  1 11  7  1  7 14  9 10 12  9  0  1 11  7 10  1  9  8  7 10  7
 10  8  7  7  1  5  7  1  9 12  7  1  1 11  9 10 12  1  7  7  0 11 11  1  1
 11  5 12]
 Dunn Index 30 : 0.0433573408221
---------------------------------------------------------------------------------------------------------
chromosome 31 : [ 0.26864201  0.0007434  -0.14747401 ...,  0.          0.          0.        ]
 Objectives (Sil) : 0.420708347129
 Objectives (PBM) : 152.38520744
Cluster size 31 :12
Predicted Label for 31: [10  6  1  7  6  7  6  6  6 10  6 10  4 10  9  1  1  4 11  1  3  1 10  1  7
  7  6 10  1 10  3  1  9  7  1  4  4  1  1  1  1  9  1  6  1  7  9 10  1  7
  1  6  6  6  7  1  1  4  7  9  8  1  7  1 10  4  4  4  1  9  8  7  6  1  1
  9  1  4 10  4  4  3  1  9  4  6  8  7  6  6  4  8 10  1  7  7  3  4  4  1
 10  7  7 10  9  9  3  1  6  0  1  8  7  1  2  7  9  3  9  9  3  7 10  7  1
  5 11  1  4  3  4  4  4  6  4  8  3  9  7 10  7 10  9 10  3  3  6  1  7 10
  4  4  3  9  3  9  6  3  7  1  4  4  3  3  3  7 10  1  9  3  3  1  4  7  4
  9  3  6  3  6  4  1  7  2  6  8  0  0  4  1 11  3  6  1  4  4  3  4  7  9
  3  7 11  4  7  4  6  8  1 10  9  3 11  6  6  4  9  4 11  7  9  1  1  1  1
  8  6  1  3  9  4  9  1  4  1  1  9  1  4  7  6  6  6  6  1  4  9  7  1  1
 10  7  3  3 10  1  4  1  1  3  6 10  1  9  1  6  9  0  1  7  1  0  7  4  9
  9 10  0 10  8  6  9  7  4  8  7  4  3  9  1  6  3  4 10  1  7  6  4  4  7
  7  4  9  4  3  7  9  4  6  6  7  7  7  7  1  1  1  7  6  7  7  7  9  1 10
  1  9 11  3  7  6 11 10  9  4  7  1  8  6  9  6  7  1  3  1 10  9  1  7 10
  6  1  3  6  6  6  4  6  4 10  9  1  3  9 11  6  1  4  7  6  9  2  4  7  7
  7  2  4  4  6  8  7  6  9  3  7  6  6  1  9  7  4  6  4  7 11  1  1  6  6
  1  3  4]
 Dunn Index 31 : 0.0609514196112
---------------------------------------------------------------------------------------------------------
chromosome 32 : [  2.92762320e-01   1.67818050e-04  -1.60724674e-01 ...,   0.00000000e+00
   0.00000000e+00   0.00000000e+00]
 Objectives (Sil) : 0.389584684828
 Objectives (PBM) : 93.5028069925
Cluster size 32 :17
Predicted Label for 32: [ 6  1  2 11  1 11  1  1  1  6  1  6  7  6  0  2  2  7  4  2 12  2  0  2 11
 11  1  6  2  0 12  2  0 11  2 13  7  2  2  2  2  0  2  2  2 11  0  6  2 11
  2  1  1  1 11  2  2  7 11  0 14  2 13  2  0 13 13 13  2  1 10 11  1  2  2
  0  2 13  6 13  7 12  2  0 13  1 10 11  1  2  7 10  6  2 11 13  7 13 13  2
  0 11 11  6  0  0 12  2  1  4  2 10 11  2 16 11  0 12  0  0  7 11  6 11  2
  3  4  2 13  7  7 13 13  1  7 14 12  0 11  0 11  6  0  0  7 12  1  2 11  6
 13 13 12  0 12  0  1 10 11  2  7 13  7 12 12 13  0  2  1 12 12  2  7 13 13
  0 12  1 10  1  7  2 11  8  1  9  4  4 13  2  4 12  1  2 13  7  7 13 11  0
  7 11  4  7 13 13  1  9  2  0  1 12  6  1  1  7  0 13  4 11  0 11  2  2  2
 10  1  2 12  1  7  0  2 13  2  2  1  2 13 11  1  1  1  1  2  7  0 11  2  2
  6 11  7 12  6  2  7  2  2 12  1  6 11  0  2  1  0  4  2 13  2  4 11 13  1
  0  0  4  6  9  1  1 11 13 10 11 13 12  0  2  1 12 13  6  2 11  1  7 13 11
 11 13  0 13 12 11  1 13  1  1 11 13 11 11  2  2  2 11  1 13 11 11  0  2  6
  2  0  4 12 11  1  4  6  0  7 11 11  5  1  0  1 11  2  7  2  6  0  2 11  6
  1  2 12  1  1  2 13  1 13  6  0 11  7  0  4  1  2 13 11  1  0 15 13 11 13
 11  8 13 13  1 10 13  1  0  7 13  1  1  2  0 11  7  1 13 13  4  2  2  1  1
  2 10  7]
 Dunn Index 32 : 0.0400486975046
---------------------------------------------------------------------------------------------------------
chromosome 33 : [ 0.29902116 -0.00090415 -0.16413309 ...,  0.18881859 -0.018122    0.38487932]
 Objectives (Sil) : 0.383955037942
 Objectives (PBM) : 123.393338681
Cluster size 33 :19
Predicted Label for 33: [17  4  1 11  0 11 16  4 16 17 16 17 12 17  7  1  0 12  2  1 10  1  7  1 11
 11  0  8  1  7 10  1  6 11  0 18 12  1  1  1  1  6  1  0  1 11  6 17  1 11
  1  4 16  0  1  0  1 12 11  6  9  1 18  1  7 18 18 18  1  4 10 11  0  0  0
  7  1 18  8 18 12 10  1  6 18  0  9 11 16  0 12  9  8  0 11 18 12 18 18  0
  7 11 11  8  6  6 10  0  4 13  1  9 11  1  3  1  6 10  6  6 12 11 17 11  1
 14 13  0 18 12 12 18 18  0 12  9 10 16 11  7 11 17  6  7 12 10  0  0 11 17
 18 18 10  7 10  6  0 10 11  0 12 18 12 10 10 18  7  0  4 10 10  1 12 11 18
 16 10 16 10  0 12  1 11  5 16  9 13 13 18  1  2 10 16  1 18 12 12 18 11  6
 12 11  2 12 18 18 16  9  0  7 16 10  2 16  0 12  6 18 13 11  6  1  1  1  1
  9  0  1 10 16 12  6  0 18  0  0 16  1 18 11 16 16  0  0  1 12  6 11  0  1
 15 11 12 10 17  1 12  1  1 10  0  8  1  6  1  0  6 13  1 18  1 13 11 18 16
  6  7 13  8  9  4 16 11 18  9 11 18 10  6  0  0 10 18  8  1 11  0 12 18 11
 11 18 16 18 10 11 16 18  0 16 11 18 11 11  0  1  1 11 16 18 11 11  6  1 17
  1  7  2 10 11  4  2 15  6 12 11  1  9  0  6  0 11  1 12  0 17  6  1 11  8
  0  1 10 16  0  0 18  0 18  7  6  1 12  6  2  4  0 18 11  4  6  5 18 11 18
 11  5 18 18 16  9 18  0  6 12 18  0 16  1  6 11 12  0 18 18  2  1  1 16  0
  1 10 12]
 Dunn Index 33 : 0.0919673479257
---------------------------------------------------------------------------------------------------------
chromosome 34 : [ 0.32034766 -0.00075546 -0.17616568 ...,  0.          0.          0.        ]
 Objectives (Sil) : 0.463976551495
 Objectives (PBM) : 161.492810195
Cluster size 34 :8
Predicted Label for 34: [6 7 0 1 0 1 7 7 7 6 7 6 3 6 6 0 0 3 5 0 3 0 6 0 0 1 0 6 0 6 3 0 7 0 0 1 1
 0 0 0 0 7 0 0 0 1 7 6 0 1 0 7 7 0 0 0 0 1 1 7 2 0 1 0 6 1 1 1 0 7 3 1 0 0
 0 6 0 1 6 1 3 3 0 7 1 7 3 1 7 0 3 3 6 0 1 1 3 1 1 0 6 1 1 6 7 7 3 0 7 5 0
 3 1 0 2 0 7 3 7 7 3 1 6 1 0 4 5 0 1 3 3 1 1 0 3 2 3 7 1 6 1 6 7 6 3 3 7 0
 1 6 1 1 3 6 3 7 0 3 0 0 3 1 3 3 3 1 6 0 7 3 3 0 1 1 1 7 3 7 3 0 3 0 1 2 7
 2 5 5 1 0 5 3 7 0 1 3 3 1 1 7 3 1 5 3 1 1 7 2 0 6 7 3 6 7 0 3 7 1 5 1 7 0
 0 0 0 3 0 0 3 7 3 7 0 1 0 0 7 0 1 1 7 7 0 0 0 3 7 1 0 0 6 1 3 3 6 0 3 0 0
 3 0 6 0 7 0 0 7 5 0 1 0 5 1 1 7 7 6 5 6 2 7 7 1 1 3 0 1 3 7 0 0 3 1 6 0 1
 0 1 1 1 1 1 7 1 3 1 7 1 0 7 1 1 1 1 0 0 0 1 7 1 1 1 7 0 6 0 6 5 3 1 7 5 6
 7 3 1 0 2 0 7 0 1 0 3 0 6 7 0 1 6 0 0 3 7 0 0 1 0 1 6 7 0 3 7 5 7 0 1 0 7
 7 2 1 1 1 0 2 1 1 7 3 1 0 7 3 1 0 7 0 7 1 3 0 1 1 5 0 0 7 0 0 3 3]
 Dunn Index 34 : 0.020425896357
---------------------------------------------------------------------------------------------------------
chromosome 35 : [ 0.30295116  0.00037622 -0.16636168 ...,  0.          0.          0.        ]
 Objectives (Sil) : 0.362272806531
 Objectives (PBM) : 108.746050566
Cluster size 35 :18
Predicted Label for 35: [ 3  7 17 11  8 11  7  7  7  3  7  3  0  3  4 17  8  0  5  1  6 17  3  1 11
 11  8  3 17  3 13  1  4 17  8  0  0  1 17 17 17  4 17  8  1 11  4  3 17 11
 17  7  7  8 17  8  1  0 11  4 14 17  9 17  3  0  9  0  1  7  2 11  8  8  8
  4 17  9  3  0  0  6  1  4  0  8  2 11  7  8  0  2  3  8 11  9 13  9  9  8
  3 11 11  3  4  4  6  8  7  5  1 12 11  1 16  1  4  6  4  4 13 11  3 11 17
 10  5  8  9 13  0  9  9  8  0 14 13  7 11  3 11  3  4  3 13  6  8  8 11  3
  9  0 13  4  6  4  8  6 11  8  0  9 13  6  6  9  3  8  7  6 13 17  0  9  9
  4 13  7  6  8  0  1 11 16  7 12  5  5  0  1  5  6  7 17  9  0 13  9 11  4
 13  9  5  0  9  9  7 12  8  3  7  6  3  7  8  0  4  9  5 11  4 17  1 17 17
 12  8 17 13  7  0  4  8  9  8  8  7  1  9 11  7  7  8  8 17  0  4 11  8  1
  3 11 13 13  3 17  0 17  1  6  8  3 17  4 17  8  4  5  1  9 17  5 11  0  7
  4  3  5  3 12  7  7 11  9  2 11  9  6  4  8  8  6  0  3 17 11  8  0  9 11
 11  9  4  0 13  9  7  0  8  7 11  9 11 11  8  1 17 11  7  9 11 11  4  1  3
  1  4  5  6 11  7  5  3  4  0 11 17 14  8  4  8 11 17 13  8  3  4  1 11  3
  8 17 13  7  8  8  9  8  0  3  4 17 13  4  5  7  8  0 17  7  4 15  9 11  9
 11 15  9  0  7 12  9  8  4 13  9  8  7  1  4 11  0  8  9  9  5 17 17  7  8
  1  6  0]
 Dunn Index 35 : 0.0449295734834
---------------------------------------------------------------------------------------------------------
chromosome 36 : [ 0.27669241  0.000454   -0.15184102 ...,  0.          0.          0.        ]
 Objectives (Sil) : 0.435170186468
 Objectives (PBM) : 154.600355075
Cluster size 36 :10
Predicted Label for 36: [8 6 7 5 0 5 6 6 6 8 6 8 5 8 9 7 0 4 1 7 4 7 8 7 7 5 0 8 7 8 4 7 9 7 0 5 5
 7 7 7 7 9 7 0 7 7 9 8 7 5 0 0 6 0 7 0 7 5 7 9 3 7 5 7 8 5 5 5 7 6 4 7 0 0
 0 9 7 5 8 5 4 4 7 9 5 0 4 7 6 0 4 3 8 0 7 5 4 5 5 0 8 5 7 8 9 6 4 0 6 1 7
 3 5 7 3 7 9 4 9 9 4 5 8 7 7 2 1 0 5 4 5 5 5 0 4 3 4 6 7 8 7 8 9 8 4 4 0 0
 7 8 5 5 4 9 4 9 0 4 7 0 4 5 4 4 4 5 9 0 6 4 4 7 5 5 5 6 4 6 4 0 4 7 7 3 6
 3 1 1 5 7 1 4 6 7 5 4 4 5 7 9 4 5 1 5 5 5 6 3 0 8 6 4 8 6 0 4 9 5 1 5 9 7
 7 7 7 3 0 7 4 6 4 9 0 5 0 0 6 7 5 7 6 6 0 0 7 5 6 5 0 7 8 5 4 4 8 7 4 7 7
 4 0 8 7 9 7 0 9 1 0 5 7 1 5 5 6 9 8 1 8 3 6 6 7 5 3 7 5 4 9 0 0 4 5 8 7 7
 0 5 5 7 5 5 9 5 4 5 6 5 0 6 5 5 7 7 0 7 7 5 6 5 5 5 9 7 8 7 9 1 4 5 6 1 8
 9 5 7 7 3 0 9 0 5 7 4 0 8 9 7 7 8 0 7 4 6 0 0 5 0 5 8 9 7 4 9 1 6 0 5 7 0
 9 3 5 5 5 7 3 5 5 6 3 5 0 9 4 5 0 6 7 9 7 4 0 5 5 1 7 0 6 0 7 4 4]
 Dunn Index 36 : 0.027235424999
---------------------------------------------------------------------------------------------------------
chromosome 37 : [ 0.30153352 -0.00134282 -0.16337406 ...,  0.          0.          0.        ]
 Objectives (Sil) : 0.538578744758
 Objectives (PBM) : 134.557314762
Cluster size 37 :3
Predicted Label for 37: [1 1 2 2 1 2 1 1 1 1 1 1 2 1 1 2 1 2 1 2 2 2 1 2 2 2 1 1 2 1 2 2 1 2 1 2 2
 2 2 2 2 1 2 1 2 2 1 1 2 2 1 1 1 1 2 1 2 2 2 1 2 2 2 2 1 2 2 2 2 1 2 2 1 1
 1 1 2 2 1 2 2 2 2 1 2 1 2 2 1 1 2 2 1 1 2 2 2 2 2 1 1 2 2 1 1 1 2 1 1 1 2
 2 2 2 2 2 1 2 1 1 2 2 1 2 2 0 1 1 2 2 2 2 2 1 2 2 2 1 2 1 2 1 1 1 2 2 1 1
 2 1 2 2 2 1 2 1 1 2 2 1 2 2 2 2 2 2 1 1 1 2 2 2 2 2 2 1 2 1 2 1 2 2 2 2 1
 2 1 1 2 2 1 2 1 2 2 2 2 2 2 1 2 2 1 2 2 2 1 2 1 1 1 2 1 1 1 2 1 2 1 2 1 2
 2 2 2 2 1 2 2 1 2 1 1 2 1 1 1 2 2 2 1 1 1 1 2 2 1 2 1 2 1 2 2 2 1 2 2 2 2
 2 1 1 2 1 2 1 1 1 1 2 2 1 2 2 1 1 1 1 1 2 1 1 2 2 2 2 2 2 1 1 1 2 2 1 2 2
 1 2 2 2 2 2 1 2 2 2 1 2 1 1 2 2 2 2 1 2 2 2 1 2 2 2 1 2 1 2 1 1 2 2 1 1 1
 1 2 2 2 2 1 1 1 2 2 2 1 1 1 2 2 1 1 2 2 1 1 1 2 1 2 1 1 2 2 1 1 1 1 2 2 1
 1 2 2 2 2 2 2 2 2 1 2 2 1 1 2 2 1 1 2 1 2 2 1 2 2 1 2 2 1 1 2 2 2]
 Dunn Index 37 : 0.0139566511573
---------------------------------------------------------------------------------------------------------
chromosome 38 : [ 0.3207658  -0.00297121 -0.17616352 ...,  0.          0.          0.        ]
 Objectives (Sil) : 0.40143602698
 Objectives (PBM) : 31.8155439658
Cluster size 38 :14
Predicted Label for 38: [12 13 11 10 13 10 13 13 13 12 13 12  8 12 12 11 11  8  0 11  7 11 12 11 10
 10 13 12 11 12  7 11 12 10 11  9  8 11 11 11 11 13 11 11 11 10 12 12 11 10
 11 13 13 13 10 11 11  8 10 13  6 11  9 11 12  9  9  9 11 13  5 10 13 11 11
 12 11  9 12  9  8  7 11 12  9 13  5 10 13 11  8  5 12 11 10  9  8  9  9 11
 12 10 10 12 12 13  7 11 13  0 11  5 10 11  1 10 12  7 13 13  8 10 12 10 11
  0  0 11  9  8  8  9  9 13  8  6  7 13 10 12 10 12 12 12  8  7 13 11 10 12
  9  9  7 12  7 12 11  7 10 11  8  9  8  7  7  9 12 11 13  7  7 11  8  9  9
 13  7 13  7 13  8 11 10  2 13  6  0  0  9 11  0  7 13 11  9  8  8  9 10 12
  8 10  0  8  9  9 13  5 11 12 13  7 12 13 13  8 13  9  0 10 12 10 11 11 11
  5 13 11  7 13  8 12 11  9 11 11 13 11  9 10 13 13 13 13 11  8 13 10 11 11
 12 10  8  7 12 11  8 11 11  7 13 12 10 12 11 13 12  0 11  9 11  0 10  9 13
 12 12  0 12  5 13 13 10  9  5 10  9  7 12 11 13  7  9 12 11 10 13  8  9 10
 10  9 13  9  7 10 13  9 13 13 10  9 10 10 11 11 10 10 13  9 10 10 13 11 12
 11 12  0  7 10 13  0 12 12  8 10 10  6 13 13 13 10 11  8 11 12 12 11 10 12
 13 11  7 13 13 11  9 13  9 12 12 10  8 12  0 13 11  9 10 13 12  4  9 10  9
 10  3  9  9 13  5  9 11 12  8  9 11 13 11 13 10  8 13  9  9  0 11 11 13 13
 11  5  8]
 Dunn Index 38 : 0.00763979441137
---------------------------------------------------------------------------------------------------------
chromosome 39 : [ 0.31777554 -0.00335841 -0.17873772 ...,  0.          0.          0.        ]
 Objectives (Sil) : 0.501865095806
 Objectives (PBM) : 17.0569813055
Cluster size 39 :3
Predicted Label for 39: [1 1 0 0 0 0 0 1 1 1 1 1 2 1 1 0 0 2 1 0 2 0 1 0 0 0 0 1 0 1 2 0 1 0 0 2 2
 0 0 0 0 1 0 0 0 0 1 1 0 0 0 0 0 0 0 0 0 2 0 1 2 0 0 0 1 2 2 2 0 1 2 0 0 0
 0 1 0 2 1 2 2 2 0 1 2 0 2 0 0 0 2 2 1 0 0 0 2 2 2 0 1 0 0 1 1 1 2 0 1 1 0
 2 0 0 2 0 1 2 1 1 2 0 1 0 0 1 1 0 2 2 2 2 2 0 2 2 2 1 0 1 0 1 1 1 2 2 0 0
 0 1 2 2 2 1 2 1 0 2 0 0 2 2 2 2 2 0 1 0 1 2 2 0 2 0 2 1 2 0 2 0 2 0 0 2 0
 2 1 1 2 0 1 2 1 0 2 2 2 2 0 1 2 0 1 2 0 2 1 2 0 1 1 2 1 0 0 2 1 2 1 0 1 0
 0 0 0 2 0 0 2 1 2 1 0 2 0 0 1 0 2 0 1 0 0 0 0 2 1 0 0 0 1 0 2 2 1 0 2 0 0
 2 0 1 0 1 0 0 1 1 0 0 0 1 0 2 1 1 1 1 1 2 1 1 0 2 2 0 2 2 1 0 0 2 2 1 0 0
 0 2 2 0 0 2 1 2 2 0 1 2 0 1 0 0 0 0 0 0 0 0 1 0 0 0 1 0 1 0 1 1 2 0 1 1 1
 1 2 0 0 2 0 1 0 0 0 2 0 1 1 0 0 1 0 0 2 0 0 0 2 0 2 1 1 0 2 1 1 1 0 2 0 0
 1 2 2 0 0 0 2 2 2 0 2 2 0 1 2 0 0 0 0 1 0 2 0 2 0 1 0 0 0 0 0 2 2]
 Dunn Index 39 : 0.00617918515858
---------------------------------------------------------------------------------------------------------
chromosome 40 : [ 0.27910316 -0.00069083 -0.15327859 ...,  0.          0.          0.        ]
 Objectives (Sil) : 0.434321261371
 Objectives (PBM) : 108.125794078
Cluster size 40 :12
Predicted Label for 40: [11  0  2  1  0  1  0  0  0 11  0 11  3 11 11  2  2  3  9  2  7  2 11  2  1
  1  0 11  2 11  7  2 11  1  2  3  3  2  2  2  2  0  2  2  2  1 11 11  2  1
  2  0  0  0  1  2  2  3  1  0  4  2  1  2 11  3  3  3  2  0  4  1  0  2  2
 11  2  3 11  3  3  7  2 11  3  0  4  1  0  2  3  4 11  2  1  1  7  3  3  2
 11  1  1 11 11  0  7  2  0  9  2  4  1  2 10  1 11  7  0  0  7  1 11  1  2
  5  9  2  3  7  3  3  3  0  3  4  7  0  1 11  1 11 11 11  7  7  0  2  1 11
  3  3  7 11  7 11  2  7  1  2  3  3  7  7  7  1 11  2  0  7  7  2  3  1  3
  0  7  0  7  0  3  2  1 10  0  4  9  9  3  2  9  7  0  2  3  3  7  3  1 11
  7  1  9  3  1  3  0  4  2 11  0  7  9  0  0  3  0  3  9  1 11  1  2  2  2
  4  0  2  7  0  3 11  2  3  2  2  0  2  3  1  0  0  0  0  2  3  0  1  2  2
 11  1  7  7 11  2  3  2  2  7  0 11  2 11  2  0 11  9  2  1  2  9  1  3  0
 11 11  9 11  4  0  0  1  3  4  1  3  7 11  2  0  7  3 11  2  1  0  3  3  1
  1  3  0  3  7  1  0  3  0  0  1  1  1  1  2  2  2  1  0  1  1  1  0  2 11
  2 11  9  7  1  0  9 11 11  3  1  2  4  0  0  0  1  2  7  2 11 11  2  1 11
  0  2  7  0  0  2  3  0  3 11 11  2  7 11  9  0  2  3  1  0 11  6  3  1  1
  1  6  3  3  0  4  1  2 11  7  1  2  0  2  0  1  3  0  3  1  9  2  2  0  0
  2  7  3]
 Dunn Index 40 : 0.0392346215151
---------------------------------------------------------------------------------------------------------
chromosome 41 : [ 0.32439529  0.0007434  -0.17821096 ...,  0.          0.          0.        ]
 Objectives (Sil) : 0.476449031813
 Objectives (PBM) : 167.541129012
Cluster size 41 :6
Predicted Label for 41: [5 1 4 2 4 2 1 1 1 5 1 5 2 5 1 4 4 2 5 4 3 4 1 4 4 2 1 1 4 1 3 4 1 4 4 2 2
 4 4 4 4 1 4 4 4 2 1 5 4 2 4 1 1 1 4 4 4 2 4 1 3 4 2 4 1 2 2 2 4 1 3 4 4 4
 4 1 4 2 5 2 2 3 4 1 2 1 3 4 1 4 2 3 5 4 4 2 2 2 2 4 1 2 4 5 1 1 3 4 1 5 4
 3 2 4 3 4 1 3 1 1 2 2 5 4 4 0 5 4 2 2 2 2 2 1 2 3 3 1 4 1 4 5 1 1 2 3 1 4
 4 5 2 2 3 1 3 1 4 3 4 4 2 2 2 3 3 2 1 4 1 3 3 4 2 2 2 1 3 1 3 1 2 4 4 3 1
 3 5 5 2 4 5 3 1 4 2 2 2 2 4 1 2 2 5 2 2 2 1 3 4 1 1 3 5 1 1 2 1 2 5 2 1 4
 4 4 4 3 4 4 3 1 2 1 4 2 4 4 1 4 2 4 1 1 1 1 4 2 1 2 4 4 5 2 2 3 5 4 2 4 4
 3 1 5 4 1 4 1 1 5 4 2 4 5 2 2 1 1 1 5 5 3 1 1 4 2 3 4 2 3 1 4 4 3 2 5 4 4
 4 2 2 4 2 2 1 2 3 2 1 2 1 1 2 2 4 4 4 4 4 2 1 2 2 2 1 4 5 4 1 5 3 2 1 5 5
 1 2 4 4 3 4 1 4 2 4 2 4 5 1 4 4 5 4 4 3 1 4 4 2 1 2 1 1 4 2 1 5 1 4 2 4 1
 1 3 2 2 2 4 3 2 2 1 3 2 4 1 2 2 4 1 4 1 4 2 1 2 2 5 4 4 1 4 4 3 2]
 Dunn Index 41 : 0.0160576877503
---------------------------------------------------------------------------------------------------------
chromosome 42 : [ 0.28724108 -0.00204491 -0.18253572 ...,  0.          0.          0.        ]
 Objectives (Sil) : 0.396514972436
 Objectives (PBM) : 78.4644865354
Cluster size 42 :18
Predicted Label for 42: [ 0 16 13 15 16 15 16 16 16  0 16  0 12  0  0 13 13 12 17 13 11 13  0 13 15
 15 16  0 13  0 11 13  0 15 13 14 12 13 13 13 13 16 13 13 13 15  0  0 13 15
 13 16 16 16 15 13 13 12 15 16  7 13 14 13  0 14 14 14 13 16 10 15 16 13 13
  0 13 14  0 14 12 11 13  0 14 16 10 15 16 13 12 10  0 13 15 14 12 14 14 13
  0 15 15  0  0 16 11 13 16 17 13 10 15 13  2 15  0 11 16 16 12 15  0 15 13
  1 17 13 14 12 12 14 14 16 12  6 11 16 15  0 15  0  0  0 12 11 16 13 15  0
 14 14 11  0 11  0 13 10 15 13 12 14 12 11 11 14  0 13 16 11 11 13 12 14 14
 16 11 16 10 16 12 13 15  3 16  9 17 17 14 13 17 11 16 13 14 12 12 14 15  0
 12 15 17 12 14 14 16  9 13  0 16 11 17 16 16 12 16 14 17 15  0 15 13 13 13
 10 16 13 11 16 12  0 13 14 13 13 16 13 14 15 16 16 16 16 13 12 16 15 13 13
  0 15 12 11  0 13 12 13 13 11 16  0 15  0 13 16  0 17 13 14 13 17 15 14 16
  0  0 17  0  9 16 16 15 14 10 15 14 11  0 13 16 11 14  0 13 15 16 12 14 15
 15 14 16 14 11 15 16 14 16 16 15 14 15 15 13 13 15 15 16 14 15 15 16 13  0
 13  0 17 11 15 16 17  0  0 12 15 15  8 16 16 16 15 13 12 13  0  0 13 15  0
 16 13 11 16 16 13 14 16 14  0  0 15 12  0 17 16 13 14 15 16  0  5 14 15 14
 15  4 14 14 16 10 14 13  0 12 14 13 16 13 16 15 12 16 14 14 17 13 13 16 16
 13 10 12]
 Dunn Index 42 : 0.0341488859138
---------------------------------------------------------------------------------------------------------
chromosome 43 : [  5.88219696e-316   6.02899454e-316   9.53168045e-317 ...,
   5.92712492e-316   5.92712374e-316   5.92712255e-316]
 Objectives (Sil) : 0.479053373428
 Objectives (PBM) : 63.4285378936
Cluster size 43 :6
Predicted Label for 43: [5 5 4 3 4 3 4 5 5 5 5 2 1 2 5 4 4 1 2 4 1 4 5 4 4 3 4 5 4 5 1 4 5 4 4 3 3
 4 4 4 4 5 4 4 4 3 5 5 4 3 4 4 5 4 4 4 4 3 3 5 0 4 3 4 5 3 3 3 4 5 1 3 4 4
 4 5 4 3 5 3 1 1 4 5 3 4 1 3 5 4 1 1 5 4 3 3 1 3 3 4 5 3 3 5 5 5 1 4 5 2 4
 1 3 4 0 4 5 1 5 5 1 3 5 3 4 2 2 4 3 1 3 3 3 4 1 0 1 5 3 5 3 5 5 5 1 1 4 4
 3 5 3 3 1 5 1 5 4 1 4 4 1 3 1 1 1 3 5 4 5 1 1 4 3 3 3 5 1 5 1 4 1 4 3 0 5
 0 2 2 3 4 2 1 5 4 3 1 1 3 3 5 1 3 2 3 3 3 5 0 4 5 5 1 2 5 4 1 5 3 2 3 5 4
 4 4 4 1 4 4 1 5 1 5 4 3 4 4 5 4 3 4 5 5 4 4 4 3 5 3 4 4 5 3 1 1 5 4 1 4 4
 1 4 5 4 5 4 4 5 2 4 3 4 2 3 3 5 5 5 2 5 0 5 5 3 3 1 4 3 1 5 4 4 1 3 5 4 3
 4 3 3 3 3 3 5 3 1 3 5 3 4 5 3 3 3 3 4 4 4 3 5 3 3 3 5 4 5 4 5 2 1 3 5 2 5
 5 3 3 4 0 4 5 4 3 4 1 4 5 5 4 3 5 4 4 1 5 4 4 3 4 3 5 5 4 1 5 2 5 4 3 4 4
 5 0 3 3 3 4 0 3 3 5 1 3 4 5 1 3 4 5 4 5 3 1 4 3 3 2 4 4 5 4 4 1 1]
 Dunn Index 43 : 0.0063203641687
---------------------------------------------------------------------------------------------------------
chromosome 44 : [ 0.30441326 -0.00335841 -0.18253572 ...,  0.          0.          0.        ]
 Objectives (Sil) : 0.46955920606
 Objectives (PBM) : 164.871089391
Cluster size 44 :7
Predicted Label for 44: [1 6 0 0 6 0 6 6 6 1 6 5 3 5 1 0 6 3 5 0 2 0 1 0 0 0 6 1 0 1 3 0 1 0 6 3 3
 0 0 0 0 1 0 6 0 0 1 1 0 0 0 6 6 6 0 6 0 3 0 1 2 0 3 0 1 3 3 3 0 6 2 0 6 6
 6 1 0 3 1 3 3 2 0 1 3 6 2 0 6 6 3 2 1 6 0 3 3 3 3 6 1 0 0 1 1 1 2 6 6 5 0
 2 0 0 2 0 1 2 1 1 3 0 1 0 0 4 5 6 3 3 3 3 3 6 3 2 2 6 0 1 0 1 1 1 3 2 6 6
 0 1 3 3 3 1 2 1 6 2 0 6 3 3 3 2 2 3 1 6 6 2 3 0 3 0 3 1 3 6 2 6 3 0 0 2 6
 2 5 5 3 0 5 2 6 0 3 3 3 3 0 1 3 0 5 3 3 3 6 2 6 1 6 2 5 6 6 3 1 3 5 0 1 0
 0 0 0 2 6 0 3 6 3 1 6 3 6 6 6 0 3 0 6 6 6 6 0 3 1 0 6 0 1 0 3 3 1 0 3 0 0
 2 6 1 0 1 0 6 1 5 0 3 0 5 0 3 6 1 1 5 1 2 6 6 0 3 2 0 3 2 1 6 6 2 3 1 0 0
 6 3 3 0 0 3 1 3 3 0 6 3 6 6 0 3 0 0 6 0 0 0 6 3 0 0 1 0 1 0 1 5 2 0 6 5 1
 1 3 0 0 2 6 1 6 0 0 3 6 1 1 0 0 1 6 0 3 6 6 6 3 6 3 1 1 0 3 1 5 6 6 3 0 6
 1 2 3 0 3 0 2 3 3 6 2 3 6 1 3 3 6 6 0 1 0 3 6 3 3 5 0 0 6 6 0 2 3]
 Dunn Index 44 : 0.0228829184154
---------------------------------------------------------------------------------------------------------
chromosome 45 : [ 0.07106931  0.00047092 -0.0389495  ...,  0.          0.          0.        ]
 Objectives (Sil) : 0.476096229981
 Objectives (PBM) : 60.5032669772
Cluster size 45 :7
Predicted Label for 45: [6 5 4 4 5 4 5 5 5 6 5 6 3 6 6 4 5 3 1 4 2 4 6 4 4 4 5 6 4 6 2 4 6 4 5 3 3
 4 4 4 4 6 4 5 4 4 6 6 4 4 4 5 5 5 4 5 4 3 4 6 2 4 3 4 6 3 3 3 4 5 2 4 5 5
 5 6 4 3 6 3 3 2 4 6 3 5 2 4 5 5 3 2 6 5 4 3 2 3 3 5 6 4 4 6 6 6 2 5 5 1 4
 2 4 4 0 4 6 2 6 6 2 4 6 4 4 1 1 5 3 3 3 3 3 5 3 2 2 5 4 6 4 6 6 6 3 2 5 5
 4 6 3 3 2 6 2 6 5 2 4 5 3 3 3 2 2 3 6 5 5 2 2 4 3 3 3 6 2 5 2 5 3 4 4 0 5
 2 1 1 3 4 1 2 5 4 3 3 2 3 4 6 3 3 1 3 3 3 5 2 5 6 5 2 6 5 5 3 6 3 1 4 6 4
 4 4 4 2 5 4 2 5 3 6 5 3 5 5 5 4 3 4 5 5 5 5 4 3 6 4 5 4 6 4 3 2 6 4 3 4 4
 2 5 6 4 6 4 5 6 1 4 3 4 1 4 3 5 6 6 1 6 2 5 5 4 3 2 4 3 2 6 5 5 2 3 6 4 4
 5 3 3 4 4 3 6 3 2 3 5 3 5 5 4 3 4 4 5 4 4 4 5 3 4 4 6 4 6 4 6 1 2 4 5 1 6
 6 3 4 4 2 5 6 5 4 4 2 5 6 6 4 4 6 5 4 2 5 5 5 3 5 3 6 6 4 3 6 1 5 5 3 4 5
 6 0 3 4 3 4 0 3 3 5 2 3 5 6 3 3 5 5 4 6 4 3 5 3 3 1 4 4 5 5 4 2 3]
 Dunn Index 45 : 0.0107033244589
---------------------------------------------------------------------------------------------------------
chromosome 46 : [ 0.30761802 -0.00284653 -0.16906845 ...,  0.          0.          0.        ]
 Objectives (Sil) : 0.403147594884
 Objectives (PBM) : 94.2848727616
Cluster size 46 :14
Predicted Label for 46: [13 11  1  0 11  0 11 11 11 13 11 13 12 13 13  1  1 12  6  1 10  1 13  1  0
  0 11 13  1 13 10  1 13  0  1  7 12  1  1  1  1 11  1  1  1  0 13 13  1  0
  1 11 11 11  0  1  1 12  0 11  3  1  7  1 13  7  7  7  1 11  9  0 11  1  1
 13  1  7 13  7 12 10  1 13  7 11  9  0 11  1 12  9 13  1  0  7 12  7  7  1
 13  0  0 13 13 11 10  1 11  6  1  9  0  1  2  0 13 10 11 11 12  0 13  0  1
  4  6  1  7 12 12  7  7 11 12  3 10 11  0 13  0 13 13 13 12 10 11  1  0 13
  7  7 10 13 10 13  1  9  0  1 12  7 12 10 10  7 13  1 11 10 10  1 12  7  7
 11 10 11  9 11 12  1  0  2 11  5  6  6  7  1  6 10 11  1  7 12 12  7  0 13
 12  0  6 12  7  7 11  5  1 13 11 10  6 11 11 12 11  7  6  0 13  0  1  1  1
  9 11  1 10 11 12 13  1  7  1  1 11  1  7  0 11 11 11 11  1 12 11  0  1  1
 13  0 12 10 13  1 12  1  1 10 11 13  0 13  1 11 13  6  1  7  1  6  0  7 11
 13 13  6 13  5 11 11  0  7  9  0  7 10 13  1 11 10  7 13  1  0 11 12  7  0
  0  7 11  7 10  0 11  7 11 11  0  7  0  0  1  1  0  0 11  7  0  0 11  1 13
  1 13  6 10  0 11  6 13 13 12  0  0  5 11 11 11  0  1 12  1 13 13  1  0 13
 11  1 10 11 11  1  7 11  7 13 13  0 12 13  6 11  1  7  0 11 13  8  7  0  7
  0  8  7  7 11  9  7  1 13 12  7  1 11  1 11  0 12 11  7  7  6  1  1 11 11
  1  9 12]
 Dunn Index 46 : 0.0341488859138
---------------------------------------------------------------------------------------------------------
chromosome 47 : [ 0.27724295  0.00062527 -0.15223544 ...,  0.          0.          0.        ]
 Objectives (Sil) : 0.472165754245
 Objectives (PBM) : 163.461027644
Cluster size 47 :5
Predicted Label for 47: [1 0 0 4 0 4 0 0 0 1 0 1 4 1 1 0 0 4 1 0 2 0 1 0 4 4 0 1 0 1 2 0 1 4 0 4 4
 0 0 0 0 1 0 0 0 4 1 1 0 4 0 0 0 0 4 0 0 4 4 1 2 0 4 0 1 4 4 4 0 0 2 4 0 0
 0 1 0 4 1 4 4 2 0 1 4 0 2 4 0 0 4 2 1 0 4 4 2 4 4 0 1 4 4 1 1 0 2 0 0 1 0
 2 4 0 2 4 1 2 1 1 2 4 1 4 0 3 1 0 4 2 4 4 4 0 4 2 2 0 4 1 4 1 1 1 2 2 0 0
 4 1 4 4 2 1 2 1 0 2 4 0 4 4 2 2 2 4 1 0 0 2 2 0 4 4 4 0 2 0 2 0 4 0 4 2 0
 2 1 1 4 0 1 2 0 0 4 4 2 4 4 1 2 4 1 4 4 4 0 2 0 1 0 2 1 0 0 4 1 4 1 4 1 4
 0 0 0 2 0 0 2 0 4 1 0 4 0 0 0 0 4 4 0 0 0 0 0 4 0 4 0 0 1 4 2 2 1 0 4 0 0
 2 0 1 0 1 0 0 1 1 0 4 0 1 4 4 0 1 1 1 1 2 0 0 4 4 2 4 4 2 1 0 0 2 4 1 0 4
 0 4 4 4 4 4 1 4 2 4 0 4 0 0 4 4 4 4 0 0 0 4 0 4 4 4 1 0 1 0 1 1 2 4 0 1 1
 1 4 4 0 2 0 1 0 4 0 2 0 1 1 0 4 1 0 0 2 0 0 0 4 0 4 1 1 0 2 1 1 0 0 4 4 0
 1 2 4 4 4 4 2 4 4 0 2 4 0 1 2 4 0 0 0 1 4 4 0 4 4 1 0 0 0 0 0 2 4]
 Dunn Index 47 : 0.0172215173502
---------------------------------------------------------------------------------------------------------
chromosome 48 : [ 0.0075228  -0.00088671 -0.00422136 ...,  0.          0.          0.        ]
 Objectives (Sil) : 0.40587783264
 Objectives (PBM) : 35.7409516217
Cluster size 48 :13
Predicted Label for 48: [12 11 10  9 11  9 11 11 11 12 11 12  7 12 12 10 10  7  2 10  5 10 12 10  9
  9 11 12 10 12  5 10 12  9 10  8  7 10 10 10 10 11 10 10 10  9 12 12 10  9
 10 11 11 11  9 10 10  7  9 11  6 10  8 10 12  8  8  8 10 11  5  9 11 10 10
 12 10  8 12  8  7  5 10 12  8 11  6  9 11 10  7  6 12 10  9  8  7  8  8 10
 12  9  9 12 12 11  5 10 11  2 10  6  9 10  0  9 12  5 11 11  7  9 12  9 10
  2  2 10  8  7  7  8  8 11  7  6  5 11  9 12  9 12 12 12  7  5 11 10  9 12
  8  8  5 12  5 12 10  5  9 10  7  8  7  5  5  8 12 10 11  5  5 10  7  8  8
 11  5 11  5 11  7 10  9  1 11  6  2  2  8 10  2  5 11 10  8  7  7  8  9 12
  7  9  2  7  8  8 11  6 10 12 11  5 12 11 11  7 11  8  2  9 12  9 10 10 10
  6 11 10  5 11  7 12 10  8 10 10 11 10  8  9 11 11 11 11 10  7 11  9 10 10
 12  9  7  5 12 10  7 10 10  5 11 12  9 12 10 11 12  2 10  8 10  2  9  8 11
 12 12  2 12  6 11 11  9  8  6  9  8  5 12 10 11  5  8 12 10  9 11  7  8  9
  9  8 11  8  5  9 11  8 11 11  9  8  9  9 10 10  9  9 11  8  9  9 11 10 12
 10 12  2  5  9 11  2 12 12  7  9  9  6 11 11 11  9 10  7 10 12 12 10  9 12
 11 10  5 11 11 10  8 11  8 12 12  9  7 12  2 11 10  8  9 11 12  4  8  9  8
  9  3  8  8 11  6  8 10 12  7  8 10 11 10 11  9  7 11  8  8  2 10 10 11 11
 10  5  7]
 Dunn Index 48 : 0.00763979441137
---------------------------------------------------------------------------------------------------------
chromosome 49 : [ 0.30357786 -0.00134282 -0.1665988  ...,  0.          0.          0.        ]
 Objectives (Sil) : 0.471832217757
 Objectives (PBM) : 124.596919527
Cluster size 49 :6
Predicted Label for 49: [5 0 4 4 0 4 0 0 0 5 0 5 2 5 0 4 4 2 5 4 1 4 5 4 4 4 0 5 4 5 2 4 0 4 4 2 2
 4 4 4 4 0 4 4 4 4 0 5 4 4 4 0 0 0 4 4 4 2 4 0 1 4 2 4 5 2 2 2 4 0 1 4 0 4
 4 0 4 2 5 2 2 1 4 0 2 0 1 4 0 4 2 1 5 4 4 2 2 2 2 4 5 4 4 5 0 0 1 4 0 5 4
 1 4 4 1 4 0 1 0 0 2 4 5 4 4 3 5 4 2 2 2 2 2 0 2 1 1 0 4 5 4 5 0 5 2 1 0 4
 4 5 2 2 1 0 1 0 0 1 4 4 2 2 2 1 1 2 5 4 0 1 1 4 2 2 2 0 1 0 1 0 2 4 4 1 0
 1 5 5 2 4 5 1 0 4 2 2 2 2 4 0 2 2 5 2 2 2 0 1 4 5 0 1 5 0 0 2 0 2 5 4 0 4
 4 4 4 1 0 4 2 0 2 0 4 2 4 4 0 4 2 4 0 0 0 0 4 2 0 4 4 4 5 4 2 1 5 4 2 4 4
 1 0 5 4 0 4 0 0 5 4 2 4 5 4 2 0 0 5 5 5 1 0 0 4 2 1 4 2 1 0 4 0 1 2 5 4 4
 0 2 2 4 4 2 0 2 1 2 0 2 0 0 2 2 4 4 4 4 4 4 0 2 4 4 0 4 5 4 0 5 1 2 0 5 5
 0 2 4 4 1 0 0 0 2 4 2 4 5 0 4 4 5 0 4 1 0 0 4 2 0 2 5 0 4 2 0 5 0 4 2 4 0
 0 1 2 4 2 4 1 2 2 0 1 2 0 0 2 2 0 0 4 0 4 2 0 2 2 5 4 4 0 0 4 1 2]
 Dunn Index 49 : 0.0207197773732
---------------------------------------------------------------------------------------------------------

-------------------------------------------------------------------------------------------------------------

-------------------------------------------------------------------------------------------------------------

 Maximum dunn_index for 2th chromosome : 0.0969389086523

 Maximum silhouette score : 0.538578744758

 Maximum pbm index : 186.300913265
Final label corresponding to max Dunn for 2 chromosome : [ 2 16  0  6  3  6 16 16 16  2 16  2  1  2 15  0  3  1 13  0  7  0 15  0  6
  6  3 17  0 15  7  0 18  6  3  4  1  0  0  0  0 18  0  3  0  6 18  2  0  6
  0  3 16  3  0  3  0  1  6 18  5  0  4  0 15  4  4  4  0 16  7  6  3  3  3
 15  0  4 17  4  1  7  0 18  4  3  5  6 16  3  1  5 17  3  6  4  1  4  4  3
 15  6  6 17 15 18  7  3 16 12  0  5  6  0 10  0 18  7 18 18  1  6  2  6  0
  8 13  3  4  1  1  4  4  3  1  5  7 16  6 15  6  2 15 15  1  7  3  3  6  2
  4  4  7 15  7 18  3  7  6  3  1  4  1  7  7  4 15  3 16  7  7  0  1  6  4
 18  7 16  7  3  1  0  6 11 16  5 12 12  4  0 13  7 16  0  4  1  1  4  6 18
  1  6 13  1  4  4 16  5  3 15 16  7  2 16  3  1 18  4 13  6 18  0  0  0  0
  5  3  0  7 16  1 18  3  4  3  3 16  0  4  6 16 16  3  3  0  1 18  6  3  0
 17  6  1  7  2  0  1  0  0  7  3 17  0 18  0  3 18 12  0  4  0 12  6  4 16
 18 15 12 17  5 16 16  6  4  5  6  4  7 18  3  3  7  4 17  0  6  3  1  4  6
  6  4 18  4  7  6 16  4  3 16  6  4  6  6  3  0  0  6 16  4  6  6 18  0  2
  0 15 13  7  6 16 13  2 18  1  6  0  5  3 18  3  6  0  1  3  2 15  0  6 17
  3  0  7 16  3  3  4  3  4 17 18  0  1 15 13 16  3  4  6  3 18 14  4  6  4
  6 14  4  4 16  5  4  3 15  1  4  3 16  0 18  6  1  3  4  4 13  0  0 16  3
  0  7  1]

 No of clusters detected automatically : 19
 For chromosome : 2