Initial Clusters : [2, 13, 5, 3, 9, 4, 7, 12, 5, 6, 13, 16, 2, 10, 20, 2, 10, 10, 6, 15, 11, 19, 12, 16, 18, 14, 8, 2, 18, 14, 9, 14, 3, 15, 8, 7, 10, 9, 14, 17, 17, 4, 8, 13, 17, 13, 5, 16, 11, 17, 18, 2, 8, 2, 16]
Initial PBM : [0.6298974235318104, 0.2933493466889758, 0.49669573507272996, 0.07626544410791071, 0.32340266245861016, 1.194618131498943, 0.3465867166026907, 0.21420844434535408, 0.7460178614259171, 0.6419143748075832, 0.2101314960867291, 0.15515988459763555, 0.6050522121114325, 0.19099392643015384, 0.10124680290594254, 0.3882774145324805, 0.35009873518738416, 0.33825634680752564, 0.6178243183280092, 0.18608187197040627, 0.20435201295238153, 0.10437817299134595, 0.20700984993016602, 0.149380472141668, 0.11950124975485472, 0.19088272674533768, 0.26258499398812635, 2.2720131901374985, 0.14412668241727614, 0.17891827144894878, 0.20467180456900988, 0.16596492767439355, 1.2047612426724883, 0.14756160802385448, 0.41550894650038683, 0.3060129830054222, 0.16931978368803688, 0.3209794462438112, 0.20699994860672968, 0.08706339678868304, 0.14109913005664304, 1.102158362183577, 0.27971108705506115, 0.1806234150674544, 0.1364841822274173, 0.20068541204097834, 0.04946822990915186, 0.13190552301387837, 0.2979061297787518, 0.13733616894368308, 0.11682118253219745, 0.0860126449897637, 0.41815283678065523, 0.051808466087134825, 0.14312206866138538]
Initial Sil score : [0.53051920773034278, 0.13634582472465512, 0.31583315629835895, 0.058940336816648571, 0.12040317109177057, 0.34596903100065335, 0.066437328285393865, 0.15430502644021757, 0.29582309428653164, 0.20523933715611739, 0.11363190358957351, 0.16249198897328893, 0.52541341940586728, 0.079485475848234857, 0.12819048120368304, 0.49976227362275927, 0.18455353085228499, 0.16176672751552126, 0.23306519913960022, 0.13821407944473951, 0.15192995581228222, 0.11517433385753116, 0.18324349133595907, 0.13856974461572741, 0.15809899639763522, 0.16831416951961126, 0.13037743759564052, 0.5339878240493654, 0.15724660401054832, 0.14549868002794036, 0.11441696029724806, 0.13038245180563457, 0.26849588473553404, 0.11533632910843969, 0.19976509698442366, 0.137496823379094, 0.094628515440168565, 0.18544723402765723, 0.17092219233170336, 0.13915302217226072, 0.11396376407028838, 0.30969360625825298, 0.073275954979016136, 0.15887573854101214, 0.14045049244497215, 0.16135954924564494, 0.013207020166604985, 0.13730002906764499, 0.18235085939467824, 0.15348770648155766, 0.087292592167706504, 0.28419203263645759, 0.1658278111454751, 0.067874922327231371, 0.14174042194661596]
Initial Dunn : [0.26969583110044387, 0.13834217731758, 0.089860575315110131, 0.088443782064490495, 0.096443418450425963, 0.13275981015361868, 0.091671436073181373, 0.10446035831056789, 0.1619904316047347, 0.085831220069863517, 0.12400638011781623, 0.105240560692154, 0.1735502932638214, 0.11098570127698303, 0.11740271904891539, 0.10259319743496643, 0.11560554090387759, 0.12097366272917587, 0.10446035831056789, 0.11384540901121577, 0.11289042834233846, 0.12447395937735829, 0.10903038591053957, 0.10954522083054452, 0.10037997650082754, 0.14442234017507408, 0.12041031863615496, 0.73839330931601899, 0.11041883516296497, 0.12829001724253153, 0.10577800518124729, 0.1116889927283076, 0.092627501596220976, 0.11735156390094469, 0.13263760680840292, 0.1071049342656664, 0.099873673573899216, 0.12629655035814361, 0.12447395937735829, 0.11676244800516436, 0.10720367935813821, 0.10506508726377746, 0.11093499555911467, 0.14235389467809975, 0.11499153083061601, 0.1213542020276821, 0.087338529426740946, 0.11482545259342999, 0.13883645468152095, 0.1150798048847471, 0.1195535559662462, 0.085773042251189827, 0.11301953217224692, 0.10139083679705699, 0.11033145017669711]
Max Dunn and corresponding cluster, PBM, Sil : 0.738393309316,2,2.27201319014,0.533987824049
------------------------------------------------------------------------------------------
-------------------------------------------------------------------------------------------------------------------------

-------------------------------------------------------------------------------------------------------------------------

-------------------------------------------------------------------------------------------------------------------------

-------------------------------------------------------------------------------------------------------------------------

-------------------------------------------------------------------------------------------------------------------------

-------------------------------------------------------------------------------------------------------------------------

-------------------------------------------------------------------------------------------------------------------------

-------------------------------------------------------------------------------------------------------------------------

-------------------------------------------------------------------------------------------------------------------------

-------------------------------------------------------------------------------------------------------------------------

-------------------------------------------------------------------------------------------------------------------------

-------------------------------------------------------------------------------------------------------------------------

-------------------------------------------------------------------------------------------------------------------------

-------------------------------------------------------------------------------------------------------------------------

-------------------------------------------------------------------------------------------------------------------------

-------------------------------------------------------------------------------------------------------------------------

-------------------------------------------------------------------------------------------------------------------------

-------------------------------------------------------------------------------------------------------------------------

-------------------------------------------------------------------------------------------------------------------------

-------------------------------------------------------------------------------------------------------------------------

-------------------------------------------------------------------------------------------------------------------------

-------------------------------------------------------------------------------------------------------------------------

-------------------------------------------------------------------------------------------------------------------------

-------------------------------------------------------------------------------------------------------------------------

-------------------------------------------------------------------------------------------------------------------------

-------------------------------------------------------------------------------------------------------------------------

-------------------------------------------------------------------------------------------------------------------------

-------------------------------------------------------------------------------------------------------------------------

-------------------------------------------------------------------------------------------------------------------------

-------------------------------------------------------------------------------------------------------------------------

-------------------------------------------------------------------------------------------------------------------------

-------------------------------------------------------------------------------------------------------------------------

-------------------------------------------------------------------------------------------------------------------------

-------------------------------------------------------------------------------------------------------------------------

-------------------------------------------------------------------------------------------------------------------------

-------------------------------------------------------------------------------------------------------------------------

-------------------------------------------------------------------------------------------------------------------------

-------------------------------------------------------------------------------------------------------------------------

-------------------------------------------------------------------------------------------------------------------------

-------------------------------------------------------------------------------------------------------------------------

-------------------------------------------------------------------------------------------------------------------------

-------------------------------------------------------------------------------------------------------------------------

-------------------------------------------------------------------------------------------------------------------------

-------------------------------------------------------------------------------------------------------------------------

-------------------------------------------------------------------------------------------------------------------------

-------------------------------------------------------------------------------------------------------------------------

-------------------------------------------------------------------------------------------------------------------------

-------------------------------------------------------------------------------------------------------------------------

-------------------------------------------------------------------------------------------------------------------------

-------------------------------------------------------------------------------------------------------------------------

chromosome 0 : [-0.11695159 -0.11179966 -0.00341689 ...,  0.          0.          0.        ]
 Objectives (Sil) : 0.412718978757
 Objectives (PBM) : 0.346929866204
Cluster size 0 :8
Predicted Label for 0: [3 4 3 6 3 7 3 3 3 3 0 3 3 3 2 3 6 6 0 6 6 3 3 3 3 3 7 3 3 6 3 7 5 7 3 3 3
 3 3 6 6 6 3 3 3 3 7 3 3 6 3 4 7 5 0 7 3 3 3 5 5 3 7 4 2 4 2 3 3 6 6 3 5 3
 5 6 7 3 2 3 3 3 3 3 3 3 3 5 6 6 7 3 7 3 3 6 3 7 6 3 6 0 6 6 6 7 3 3 4 6 3
 3 3 3 3 3 3 7 3 3 6 7 3 7 3 3 6 3 3 3 6 3 2 7 3 3 3 7 3 3 3 5 3 3 3 3 0 3
 7 3 3 4 3 3 6 3 3 6 7 4 3 3 3 3 3 6 6 6 5 7 6 0 3 0 3 6 6 7 3 4 5 3 3 3 7
 3 5 3 3 3 4 0 7 0 6 7 7 0 4 3 2 3 0 7 3 7 6 4 3 6 3 7 3 3 3 0 6 7 3 3 2 3
 3 0 7 3 7 7 3 6 6 7 6 3 3 2 3 3 0 5 2 7 3 3 3 3 6 3 0 3 3 6 7 7 3 7 3 7 4
 7 3 3 3 4 7 0 7 3 6 3 7 6 3 7 3 3 7 4 3 7 0 7 3 3 7 0 6 3 3 3 0 0 7 4 3 3
 6 4 2 6 3 3 6 5 5 7 3 3 3 3 4 2 7 7 3 3 0 3 3 3 3 3 4 5 3 6 4 0 7 0 4 3 3
 5 3 3 2 3 4 3 0 0 3 3 6 6 6 3 5 5 7 3 0 2 4 3 1 2 4 3 3 3 3 6 3 5 3 3 7 3
 3 3 3 2 7 7 0 3 3 3 3 3 5 7 3 6 3 7 3 4 7 6 6 5 5 2 2 3 6 3 5 3 3]
 Dunn Index 0 : 0.101572364645
---------------------------------------------------------------------------------------------------------
chromosome 1 : [  5.55111512e-17   2.77555756e-17   0.00000000e+00 ...,   0.00000000e+00
   0.00000000e+00   0.00000000e+00]
 Objectives (Sil) : 0.19197595933
 Objectives (PBM) : 0.739736676957
Cluster size 1 :8
Predicted Label for 1: [0 6 5 1 5 2 5 0 0 0 6 7 0 0 6 5 4 4 6 4 4 0 5 7 5 0 2 5 0 4 5 2 6 2 0 0 5
 0 0 4 4 4 5 7 7 5 2 7 5 4 5 6 2 6 6 2 0 5 5 2 6 5 2 6 2 6 6 0 0 4 4 5 6 7
 2 4 2 0 6 7 5 7 5 5 7 5 5 6 1 4 2 7 2 0 0 1 5 2 1 7 4 6 4 4 1 2 7 0 6 4 0
 0 5 7 5 0 7 2 5 7 4 2 7 2 0 3 4 5 7 5 1 5 6 2 5 5 0 2 5 7 7 6 7 5 5 5 6 7
 2 0 0 6 5 5 1 7 7 1 2 6 5 5 5 0 5 4 4 1 2 2 4 2 5 6 5 4 4 2 5 6 2 7 5 5 2
 7 6 5 5 0 6 6 2 6 4 2 2 2 6 7 2 7 6 2 0 2 4 6 7 4 5 2 7 7 0 2 4 2 0 7 6 0
 7 6 2 5 2 2 0 1 4 2 4 5 5 6 7 7 6 2 6 2 5 5 5 0 4 0 6 7 7 4 2 2 0 2 5 2 6
 2 5 0 5 6 2 6 2 7 4 5 2 4 0 2 0 7 2 2 7 2 6 2 0 0 2 2 4 5 5 7 6 6 2 6 5 5
 4 2 2 1 7 0 1 6 2 2 7 7 0 0 6 6 2 2 7 0 2 5 5 0 5 7 6 2 7 4 6 2 2 6 6 0 7
 6 5 0 6 5 6 5 6 6 7 0 1 1 4 0 2 2 2 5 6 6 6 7 6 6 6 0 7 7 5 1 0 6 5 7 2 0
 7 5 7 6 2 2 6 5 0 5 5 7 2 2 7 1 5 2 7 6 2 1 4 6 6 2 6 7 1 5 2 5 0]
 Dunn Index 1 : 0.151426854468
---------------------------------------------------------------------------------------------------------
chromosome 2 : [ 1.         -0.02794991 -0.00185247 ...,  0.          0.          0.        ]
 Objectives (Sil) : 0.197975091255
 Objectives (PBM) : 0.304520844214
Cluster size 2 :11
Predicted Label for 2: [ 2  8 10  5 10  0 10  2  2  2  8  6  2  2  8 10  7  7  8  7  7  2 10  6 10
  2  0 10  2  5 10  0  8  0  2  2 10  2  2  7  7  7 10  6  6 10  0  6 10  7
 10  8  0  8  8  0  2 10 10  0  0 10  0  8  0  8  8  6 10  7  7 10  8  6  0
  7  0  2  8  6 10  6 10 10  6 10 10  8  5  7  0  6  0 10  2  4 10  0  3  6
  7  8  7  7  5  0 10  2  8  7  2  2 10  6 10  2  6  0 10 10  7  0  6  0  2
 10  9 10  6 10  5 10  8  0 10 10 10  0 10  6 10  8 10 10 10 10  8 10  0  6
  2  8 10 10  5  6  6  5  0  8 10 10 10  2 10  7  7  5  0  0  7  8 10  8 10
  7  7  0 10  8  0  6 10 10  0  6  8 10 10  2  8  8  0  8  7  0  0  8  8  6
  0  6  8  0 10  0  7  8  6  7 10  0 10  6 10  8  7  0  2  6  8  2  6  8  0
 10  0  0  2  5  5  0  7 10 10  8  6  6  8  0  8  0 10 10 10 10  7  2  8  6
  6  5  0  0  2  0 10  0  8  0 10  2 10  8  0  8  0  6  1 10  0  7  2  0  2
  6  0  0  6  0  8  0  2  2  0  8  7 10 10  6  8  8  0  8 10 10  7  0  0  5
  6 10  5  0  0  0  6  6  2 10  8  8  0  0  6  2  0 10 10  2 10  6  8  0  6
  7  8  0  0  8  8  2  6  8 10  2  8 10  8 10  8  8  6  2  5  5  7  2  0  0
  0 10  8  8  8  6  8  8  8  2  6  6 10  5  2  8 10 10  0  2 10 10  6  0  0
  0  8 10  2 10 10  6  0  0  6  5 10  0  6  8  0  5  7  0  8  0  8 10  5 10
  0 10  2]
 Dunn Index 2 : 0.122496762176
---------------------------------------------------------------------------------------------------------
chromosome 3 : [ 0.47184788  0.39480891  0.02898732 ...,  0.          0.          0.        ]
 Objectives (Sil) : 0.42162673686
 Objectives (PBM) : 1.63725623076
Cluster size 3 :6
Predicted Label for 3: [5 0 5 4 5 3 5 5 5 5 1 5 5 5 0 5 4 4 1 4 4 5 5 5 5 5 3 5 5 4 5 3 0 3 5 5 5
 5 5 4 4 4 5 5 5 5 3 5 5 4 5 0 3 1 1 3 5 5 5 3 3 5 3 0 3 0 0 5 5 4 4 5 3 5
 3 4 3 5 0 5 5 5 5 5 5 5 5 3 4 4 3 5 3 5 5 4 5 3 4 5 4 1 4 4 4 3 5 5 0 4 5
 5 5 5 5 5 5 3 5 5 4 3 5 3 5 2 4 5 5 5 4 5 0 3 5 5 5 3 5 5 5 3 5 5 5 5 1 5
 3 5 5 0 5 5 4 5 5 4 3 0 5 5 5 5 5 4 4 4 3 3 4 1 5 1 5 4 4 3 5 0 3 5 5 5 3
 5 0 5 5 5 0 1 3 1 4 3 3 1 1 5 0 5 1 3 5 3 4 0 5 4 5 3 5 5 5 1 4 3 5 5 0 5
 5 1 3 5 3 3 5 4 4 3 4 5 5 0 5 5 1 3 0 3 5 5 5 5 4 5 1 5 5 4 3 3 5 3 5 3 0
 3 5 5 5 1 3 1 3 5 4 5 3 4 5 3 5 5 3 3 5 3 1 3 5 5 3 1 4 5 5 5 1 1 3 0 5 5
 4 3 0 4 5 5 4 3 3 3 5 5 5 5 0 3 3 3 5 5 3 5 5 5 5 5 0 3 5 4 0 1 3 1 1 5 5
 1 5 5 0 5 0 5 1 1 5 5 4 4 4 5 3 3 3 5 1 0 0 5 0 0 0 5 5 5 5 4 5 1 5 5 3 5
 5 5 5 0 3 3 1 5 5 5 5 5 3 3 5 4 5 3 5 0 3 4 4 3 3 0 0 5 4 5 3 5 5]
 Dunn Index 3 : 0.133464268057
---------------------------------------------------------------------------------------------------------
chromosome 4 : [ -7.21644966e-16  -8.32667268e-17   8.67361738e-19 ...,   0.00000000e+00
   0.00000000e+00   0.00000000e+00]
 Objectives (Sil) : 0.280147055369
 Objectives (PBM) : 0.58498294056
Cluster size 4 :6
Predicted Label for 4: [0 1 4 2 4 1 4 0 0 4 1 0 0 0 1 0 5 5 1 5 5 0 4 0 4 4 1 4 4 2 4 1 1 1 0 0 4
 0 4 5 5 5 4 0 0 4 1 0 4 5 4 1 1 1 1 1 4 0 4 1 1 4 1 1 1 1 1 0 0 5 3 4 1 0
 1 3 1 0 1 0 4 0 4 4 0 4 4 1 2 5 1 0 1 0 4 2 4 1 2 0 3 1 5 5 2 1 4 4 1 3 0
 4 4 0 4 0 0 1 4 0 5 1 0 1 0 4 2 4 0 4 2 4 1 1 4 4 0 1 4 0 4 1 0 4 4 4 1 0
 1 0 0 1 4 4 2 0 0 2 1 1 4 4 4 0 4 5 5 2 1 1 5 1 4 1 4 5 5 1 4 1 1 0 4 4 1
 0 1 4 4 0 1 1 1 1 5 1 1 1 1 0 1 0 1 1 4 1 5 1 0 3 4 1 0 0 0 1 3 1 0 0 1 0
 0 1 1 4 1 1 0 2 2 1 5 4 4 1 0 0 1 1 1 1 4 4 4 4 5 4 1 0 0 2 1 1 0 1 4 1 1
 1 4 0 4 1 1 1 1 0 2 4 1 3 0 1 0 0 1 1 0 1 1 1 0 4 1 1 3 4 4 0 1 1 1 1 4 4
 3 1 1 2 0 0 2 1 1 1 0 0 0 4 1 1 1 1 0 0 1 4 4 0 4 0 1 1 0 5 1 1 1 1 1 0 0
 1 0 0 1 4 1 4 1 1 0 4 3 2 3 0 1 1 1 4 1 1 1 0 1 1 1 0 0 4 4 2 0 1 4 0 1 0
 0 4 0 1 1 1 1 4 4 4 4 0 1 1 0 2 4 1 0 1 1 2 5 1 1 1 1 0 3 4 1 4 4]
 Dunn Index 4 : 0.138836454682
---------------------------------------------------------------------------------------------------------
chromosome 5 : [ -1.11022302e-16  -1.45716772e-16  -6.07153217e-18 ...,   0.00000000e+00
   0.00000000e+00   0.00000000e+00]
 Objectives (Sil) : 0.144471695436
 Objectives (PBM) : 0.517098859502
Cluster size 5 :11
Predicted Label for 5: [ 7  3  0 10  0  9  0  7  7  7  2  6  6  7  2  0  1  1  2  1  1  7  0  6  0
  7  9  0  7 10  0  9  3  9  7  7  0  7  7  1  1  1  0  6  6  0  3  6  0  1
  0  2  3  2  2  9  7  0  0  4  3  0  4  3  9  3  2  6  0  1  1  0  3  6  3
  1  4  7  3  6  0  6  0  0  6  0  0  3 10  1  9  6  4  0  7 10  0  4 10  6
  1  2  1  1 10  9  0  7  2  1  7  7  0  6  0  7  6  9  0  0  1  4  6  4  7
  5 10  0  6  0 10  0  3  4  0  0  0  9  0  6  0  3  0  0  0  0  2  0  9  6
  7  3  0  0 10  6  6 10  4  3  0  0  0  7  0  1  1 10  4  9  1  2  0  2  0
  1  1  4  0  3  4  6  0  0  9  6  3  0  0  7  3  2  9  2  1  9  9  2  2  6
  3  6  2  9  0  4  1  2  6  1  0  9  0  6  0  9  1  9  7  6  2  7  6  2  9
  0  4  4  7 10 10  9  1  0  0  3  6  6  2  4  2  9  0  0  0  0  1  7  2  6
  6 10  4  4  7  9  0  4  3  9  0  7  0  2  9  2  9  6 10  0  9  1  7  4  7
  6  4  3  6  4  2  9  7  7  9  2  1  0  0  6  2  2  4  3  0  0  1  3  3  8
  6  0 10  3  9  9  6  6  7  0  3  3  4  9  6  7  9  0  0  7  0  6  3  3  6
  1  3  9  4  2  2  7  6  2  0  7  2  0  2  0  2  2  6  7  1 10  1  7  3  3
  9  0  2  3  3  6  2  3  3  7  6  6  0 10  7  2  0  0  9  7  0  0  6  3  9
  4  2  0  7  0  0  6  4  9  6 10  0  4  6  3  9 10  1  3  3  3  3  0 10  0
  3  0  7]
 Dunn Index 5 : 0.135365559124
---------------------------------------------------------------------------------------------------------
chromosome 6 : [-0.11695159 -0.05589983 -0.00170844 ...,  0.          0.          0.        ]
 Objectives (Sil) : 0.523413992461
 Objectives (PBM) : 1.350853453
Cluster size 6 :3
Predicted Label for 6: [0 1 0 1 0 1 0 0 0 0 1 0 0 0 1 0 1 1 1 1 1 0 0 0 0 0 1 0 0 1 0 1 1 1 0 0 0
 0 0 1 1 1 0 0 0 0 1 0 0 1 0 1 1 1 1 1 0 0 0 1 1 0 1 1 1 1 1 0 0 1 1 0 1 0
 1 1 1 0 1 0 0 0 0 0 0 0 0 1 1 1 1 0 1 0 0 1 0 1 1 0 1 1 1 1 1 1 0 0 1 1 0
 0 0 0 0 0 0 1 0 0 1 1 0 1 0 2 1 0 0 0 1 0 1 1 0 0 0 1 0 0 0 1 0 0 0 0 1 0
 1 0 0 1 0 0 1 0 0 1 1 1 0 0 0 0 0 1 1 1 1 1 1 1 0 1 0 1 1 1 0 1 1 0 0 0 1
 0 1 0 0 0 1 1 1 1 1 1 1 1 1 0 1 0 1 1 0 1 1 1 0 1 0 1 0 0 0 1 1 1 0 0 1 0
 0 1 1 0 1 1 0 1 1 1 1 0 0 1 0 0 1 1 1 1 0 0 0 0 1 0 1 0 0 1 1 1 0 1 0 1 1
 1 0 0 0 1 1 1 1 0 1 0 1 1 0 1 0 0 1 1 0 1 1 1 0 0 1 1 1 0 0 0 1 1 1 1 0 0
 1 1 1 1 0 0 1 1 1 1 0 0 0 0 1 1 1 1 0 0 1 0 0 0 0 0 1 1 0 1 1 1 1 1 1 0 0
 1 0 0 1 0 1 0 1 1 0 0 1 1 1 0 1 1 1 0 1 1 1 0 1 1 1 0 0 0 0 1 0 1 0 0 1 0
 0 0 0 1 1 1 1 0 0 0 0 0 1 1 0 1 0 1 0 1 1 1 1 1 1 1 1 0 1 0 1 0 0]
 Dunn Index 6 : 0.769377151587
---------------------------------------------------------------------------------------------------------
chromosome 7 : [ 0.76804945  0.63911872  0.         ...,  0.          0.          0.        ]
 Objectives (Sil) : 0.211660501425
 Objectives (PBM) : 0.340263184624
Cluster size 7 :14
Predicted Label for 7: [11 13 10  0  8  6  8  1 10 10  2  9  9 11  2  9  0  0  2  0  0 11  9 11  9
 10  6  8 10  0 10  6 13  6 11 11  8  3 10  0  0  0 10  4 11  8 13  4  8  0
  8 13 13  2  2  6 10  9  8  6 13  8  6 13  6 13  2  9 10  0  0  8 13  4 13
  0  6  9 13 11  8  4  8 10 11  8  8 13  0  0  6 11  6  9 10  5 10  6  5  9
  0  2  0  0  0  6  4 10 13  0  7 10  8  4  8  9  9  6  8 10  0  6  4  6 10
 12  5  8 11  8  0  8 13  6  8  8  9  6  9  4  4 13 10  8  8  8  2  9  6  9
  9 13  8  8  0  4  9  0  6 13  8 10  8 11  8  0  0  0  6  6  0  2  8  2  8
  0  0  6  8 13  6 11  8  8  6  4 13  8  8  1 13  2  6  2  0  6  6  2  2 11
 13  9  2  6 10  6  0 13  4  0 10  6  4  4 10  2  0  6 11  4  2 11 11  2  6
  8  6  6  9  0  0  6  0  8 10 13 10 11  2  6  2  6  8  8  8 10  0 10  2  9
  9  0  6  6 10  6 10  6 13  6  8 11  8  2  6  2  6 11  5  8  6  0 11  6 10
 11  6 13  4  6  2  6 11 10  6  2  0  8  8  4  2  2  6 13  8  8  0 13 13  0
  9 10  0 13  6  6 11  4 10 10 13 13  6  6 11 11  6  8 10 10  9 11 13 13  4
  0 13  6  6  2  2 10  4  2  9  9  2  8 13 10  2  2  4 10  0  0  0  1 13 13
  6  8  2 13 13 10  2 13 13 11  4  4  8  0 10  2  8 10  6 11  9  8  4 13  6
  6  2  8 10  8  8 11  6  6  4  0  8  6 11 13  6  0  0 13 13 13 13  4  0  8
 13  8 10]
 Dunn Index 7 : 0.149085628613
---------------------------------------------------------------------------------------------------------
chromosome 8 : [ -1.13770521e-02  -6.36844909e-02  -7.20116265e-05 ...,   0.00000000e+00
   0.00000000e+00   0.00000000e+00]
 Objectives (Sil) : 0.240531148852
 Objectives (PBM) : 0.934068411986
Cluster size 8 :5
Predicted Label for 8: [2 4 0 3 0 1 0 2 2 0 4 2 2 2 4 0 3 3 4 3 3 2 0 2 0 0 1 0 0 3 0 1 4 1 2 2 0
 2 0 3 3 3 0 2 2 0 1 2 0 3 0 4 1 4 4 1 0 0 0 1 4 0 1 4 1 4 4 2 0 3 3 0 4 0
 4 3 1 2 4 2 0 2 0 0 2 0 0 4 3 3 1 2 1 0 0 3 0 1 3 2 3 4 3 3 3 1 0 0 4 3 2
 0 0 2 0 2 2 1 0 0 3 1 2 1 2 0 3 0 2 0 3 0 4 1 0 0 2 1 0 2 0 4 0 0 0 0 4 0
 1 2 2 4 0 0 3 2 2 3 1 4 0 0 0 2 0 3 3 3 1 1 3 4 0 4 0 3 3 1 0 4 1 2 0 0 1
 2 4 0 0 2 4 4 1 4 3 1 1 4 4 2 4 2 4 1 0 1 3 4 2 3 0 1 0 2 0 4 3 1 2 2 4 2
 2 4 1 0 1 1 2 3 3 1 3 0 0 4 2 2 4 1 4 1 0 0 0 0 3 0 4 2 2 3 1 1 2 1 0 1 4
 1 0 2 0 4 1 4 1 2 3 0 1 3 2 1 2 2 1 1 2 1 4 1 2 0 1 4 3 0 0 0 4 4 1 4 0 0
 3 4 1 3 2 0 3 4 1 1 2 2 2 0 4 4 1 1 2 2 4 0 0 2 0 2 4 1 2 3 4 1 1 4 4 2 2
 4 0 2 4 0 4 0 4 4 2 0 3 3 3 2 1 1 1 0 4 4 4 2 4 4 4 2 2 0 0 3 2 4 0 0 1 2
 0 0 2 4 1 1 4 0 0 0 0 2 1 1 2 3 0 1 2 4 1 3 3 4 4 4 4 0 3 0 1 0 0]
 Dunn Index 8 : 0.140036566718
---------------------------------------------------------------------------------------------------------
chromosome 9 : [-0.11695159 -0.11179966 -0.00234663 ...,  0.          0.          0.        ]
 Objectives (Sil) : 0.22804247526
 Objectives (PBM) : 1.12049647089
Cluster size 9 :3
Predicted Label for 9: [2 2 2 1 2 2 2 2 2 2 2 2 2 2 2 2 1 1 2 1 1 2 2 2 2 2 2 2 2 1 2 2 2 2 2 2 2
 2 2 1 1 1 2 2 2 2 2 2 2 1 2 2 2 2 2 2 2 2 2 2 2 2 2 2 2 2 2 2 2 1 1 2 2 2
 2 1 2 2 2 2 2 2 2 2 2 2 2 2 1 1 2 2 2 2 2 1 2 2 1 2 1 2 1 1 1 2 2 2 2 1 2
 2 2 2 2 2 2 2 2 2 1 2 2 2 2 0 1 2 2 2 1 2 2 2 2 2 2 2 2 2 2 2 2 2 2 2 2 2
 2 2 2 2 2 2 1 2 2 1 2 2 2 2 2 2 2 1 1 1 2 2 1 2 2 2 2 1 1 2 2 2 2 2 2 2 2
 2 2 2 2 2 2 2 2 2 1 2 2 2 2 2 2 2 2 2 2 2 1 2 2 1 2 2 2 2 2 2 1 2 2 2 2 2
 2 2 2 2 2 2 2 1 1 2 1 2 2 2 2 2 2 2 2 2 2 2 2 2 1 2 2 2 2 1 2 2 2 2 2 2 2
 2 2 2 2 2 2 2 2 2 1 2 2 1 2 2 2 2 2 2 2 2 2 2 2 2 2 2 1 2 2 2 2 2 2 2 2 2
 1 2 2 1 2 2 1 2 2 2 2 2 2 2 2 2 2 2 2 2 2 2 2 2 2 2 2 2 2 1 2 2 2 2 2 2 2
 2 2 2 2 2 2 2 2 2 2 2 1 1 1 2 2 2 2 2 2 2 2 2 2 2 2 2 2 2 2 1 2 2 2 2 2 2
 2 2 2 2 2 2 2 2 2 2 2 2 2 2 2 1 2 2 2 2 2 1 1 2 2 2 2 2 1 2 2 2 2]
 Dunn Index 9 : 0.432171871092
---------------------------------------------------------------------------------------------------------
chromosome 10 : [  1.00000000e+00  -1.38777878e-17   3.46944695e-18 ...,   0.00000000e+00
   0.00000000e+00   0.00000000e+00]
 Objectives (Sil) : 0.197174432461
 Objectives (PBM) : 0.438062284463
Cluster size 10 :13
Predicted Label for 10: [ 7  0  9  8  9 10  9  2  7  7  6  2  2  7  0  2 11 11  6 11 11  7  2  1  2
  7 10  9  7 11  9 10 12 10  7  7  9  7  7 11 11 11  9  1  1  9 10  1  9 11
  9  0 10 12  6 10  7  2  9 12 12  9 10  0 10  0  0  2  7 11 11  9 12  1 12
 11 10  2  0  1  9  1  9  9  1  9  9 12  8 11 10  2 10  2  7  5  9 10  5  2
 11  6 11 11  8 10  1  7  0 11  7  7  9  1  9  2  2 10  9  7 11 10  1 10  7
  3  5  9  7  9  8  9  0 10  9  9  2 10  2  1  9 12  1  9  9  9  6  2 10  2
  2 12  9  9  8  1  2  8 10  0  9  9  9  7  9 11 11  8 12 10 11  6  9  6  9
 11 11 10  9  0 12  7  9  9 10  1 12  9  9  2  0  6 10  6 11 10 10  6  6  1
  0  2  6 10  7 10 11  0  1 11  7 10  2  1  7  6 11 10  7  1  0  7  1  6 10
  9 10 10  2  8  8 10 11  9  9  0  1  1  6 12  0 10  9  9  9  7 11  7  6  2
  2  8 10 10  7 10  9 10 12 10  9  7  9  6 10  6 10  2  4  9 10 11  2 10  7
  2 10 12  1 10  6 10  7  7 10  6 11  9  9  1  6  6 10  0  9  9 11 12  0  8
  2  7  8 12 12 10  7  1  7  7 12  0 10 10  2  7 10  9  9  7  2  1  0 12  1
 11  0  6 10  6  6  7  1 12  2  2  0  9  0  9  6  6  7  7 11  8 11  2 12 12
 10  9  6  0 12  7  0  0  0  2  1  1  9  8  7 12  9  7 10  7  2  9  1  0 10
 10  6  9  7  9  9  1 12 10  1  8  9 10  1  0 10  8 11 12 12  0  0  9  8  9
 12  9  7]
 Dunn Index 10 : 0.164895244652
---------------------------------------------------------------------------------------------------------
chromosome 11 : [ 0.  0.  0. ...,  0.  0.  0.]
 Objectives (Sil) : 0.172713415584
 Objectives (PBM) : 0.250031689357
Cluster size 11 :15
Predicted Label for 11: [ 6 14  5 12  5  3  5  6  6  5  4  6  6  6  2  5  0 13  4  7  7  6  5  6  5
  5  2  5  5  7  5  3  1  3  6  6  5  6  5  0  0  7  5  6  6  5  2  6  5  0
  5 14  2  1  4  3  5  5  5  1  1  5  3 14  2 14  2  6  5  0  7  5  1  5  1
  7  3  6 14  6  5  6  5  5  6  5  5  1 12  7  3  6  3  6  5 10  5  3 10  6
  7  4  7 13 11  3  5  5 14  7  6  5  5  6  5  6  6  3  5  6  0  3  6  3  6
  8 10  5  6  5 12  5  2  2  5  5  6  3  5  6  5  1  5  5  5  5  4  5  3  6
  6  2  5  5 12  6  6 12  3  2  5  5  5  6  5 13  0 12  1  3 13  4  5  4  5
 13  0  3  5 14  1  6  5  5  3  6  1  5  5  6 14  4  3  4  7  3  3  4 14  6
  2  6  4  3  5  3  0 14  6  7  5  3  5  6  5  4  0  3  6  6 14  6  6  4  3
  5  3  3  6 12 13  3  0  5  5  2  6  6  4  1 14  3  5  5  5  5 13  5  4  6
  6  7  3  3  6  3  5  3  1  3  5  6  5 14  4  4  3  6 10  5  3  0  6  3  6
  6  3  1  6  3 14  3  6  5  3  4  7  5  5  5  4  4  3 14  5  5  7  2  2  9
  6  5 11  1  1  3  6  6  6  5  1  2  3  3  6  6  2  5  5  6  5  6  2  1  6
  0 14  4  3  4 14  6  6  1  5  6 14  5 14  5  4  4  6  5  7 12  7  6  2  1
  3  5  4 14 14  6 14 14 14  6  6  5  5 11  6  1  5  5  3  6  5  5  6  2  3
  3  4  5  5  5  5  6  1  3  6 12  5  2  6 14  3 12 13  1  1  2  2  6 12  5
  1  5  5]
 Dunn Index 11 : 0.136290526265
---------------------------------------------------------------------------------------------------------
chromosome 12 : [ 0.08320356  0.59323841  0.03039859 ...,  0.          0.          0.        ]
 Objectives (Sil) : 0.539041165497
 Objectives (PBM) : 1.8505435969
Cluster size 12 :3
Predicted Label for 12: [2 0 2 1 2 0 2 2 2 2 0 2 2 2 0 2 1 1 0 1 1 2 2 2 2 2 0 2 2 1 2 0 0 0 2 2 2
 2 2 1 1 1 2 2 2 2 0 2 2 1 2 0 0 0 0 0 2 2 2 0 0 2 0 0 0 0 0 2 2 1 1 2 0 2
 0 1 0 2 0 2 2 2 2 2 2 2 2 0 1 1 0 2 0 2 2 1 2 0 1 2 1 0 1 1 1 0 2 2 0 1 2
 2 2 2 2 2 2 0 2 2 1 0 2 0 2 2 1 2 2 2 1 2 0 0 2 2 2 0 2 2 2 0 2 2 2 2 0 2
 0 2 2 0 2 2 1 2 2 1 0 0 2 2 2 2 2 1 1 1 0 0 1 0 2 0 2 1 1 0 2 0 0 2 2 2 0
 2 0 2 2 2 0 0 0 0 1 0 0 0 0 2 0 2 0 0 2 0 1 0 2 1 2 0 2 2 2 0 1 0 2 2 0 2
 2 0 0 2 0 0 2 1 1 0 1 2 2 0 2 2 0 0 0 0 2 2 2 2 1 2 0 2 2 1 0 0 2 0 2 0 0
 0 2 2 2 0 0 0 0 2 1 2 0 1 2 0 2 2 0 0 2 0 0 0 2 2 0 0 1 2 2 2 0 0 0 0 2 2
 1 0 0 1 2 2 1 0 0 0 2 2 2 2 0 0 0 0 2 2 0 2 2 2 2 2 0 0 2 1 0 0 0 0 0 2 2
 0 2 2 0 2 0 2 0 0 2 2 1 1 1 2 0 0 0 2 0 0 0 2 0 0 0 2 2 2 2 1 2 0 2 2 0 2
 2 2 2 0 0 0 0 2 2 2 2 2 0 0 2 1 2 0 2 0 0 1 1 0 0 0 0 2 1 2 0 2 2]
 Dunn Index 12 : 0.479919310247
---------------------------------------------------------------------------------------------------------
chromosome 13 : [ -5.55111512e-16  -8.32667268e-17   4.33680869e-18 ...,   0.00000000e+00
   0.00000000e+00   0.00000000e+00]
 Objectives (Sil) : 0.17454049062
 Objectives (PBM) : 0.346249325102
Cluster size 13 :9
Predicted Label for 13: [0 7 6 2 5 1 5 0 6 6 7 0 0 0 7 5 3 3 7 3 3 0 5 0 5 6 1 5 6 3 6 1 7 1 6 0 6
 0 6 8 8 3 6 0 0 6 1 0 6 8 6 7 1 7 7 1 6 5 5 1 1 5 1 7 1 7 7 0 6 8 3 5 7 5
 1 8 1 0 7 0 5 0 5 6 0 5 5 7 2 3 1 0 1 5 6 4 6 1 4 5 8 7 3 3 2 1 5 6 7 8 6
 6 5 0 5 0 0 1 6 6 8 1 0 1 6 6 4 5 0 5 2 5 7 1 5 5 5 1 5 0 5 7 6 5 5 5 7 5
 1 0 0 7 6 5 2 0 0 2 1 7 5 6 5 0 5 3 8 2 1 1 3 7 5 7 5 3 8 1 5 7 1 0 5 5 1
 0 7 5 5 0 7 7 1 7 3 1 1 7 7 0 1 0 7 1 6 1 8 7 0 8 6 1 5 0 6 7 8 1 0 0 7 0
 0 7 1 5 1 1 0 2 3 1 8 5 6 7 6 0 7 1 7 1 5 5 5 6 3 6 7 5 0 2 1 1 6 1 6 1 7
 1 5 0 5 7 1 7 1 0 4 5 1 8 0 1 6 0 1 1 0 1 7 1 6 6 1 7 2 5 5 5 7 7 1 7 6 5
 8 1 1 2 0 6 2 1 1 1 0 0 6 6 7 7 1 1 0 0 1 5 6 6 5 0 7 1 0 8 7 1 1 7 7 6 0
 7 5 0 7 5 7 6 7 7 0 6 2 2 8 0 1 1 1 5 7 7 7 6 7 7 7 0 0 5 5 2 6 7 5 6 1 0
 5 5 5 1 1 1 7 6 6 5 5 0 1 1 0 2 5 1 0 7 1 2 3 1 7 1 7 6 2 6 1 5 6]
 Dunn Index 13 : 0.117077627339
---------------------------------------------------------------------------------------------------------
chromosome 14 : [ 0.76780658  0.64024367  0.         ...,  0.02143748  0.02132939
  0.02129499]
 Objectives (Sil) : 0.23192751924
 Objectives (PBM) : 0.5569583945
Cluster size 14 :8
Predicted Label for 14: [4 1 6 0 6 7 6 5 4 6 1 5 5 4 1 5 0 0 1 0 0 4 5 4 5 6 7 6 6 0 6 7 1 7 4 4 6
 4 6 0 0 0 6 5 4 6 7 5 6 0 6 1 7 1 1 7 6 5 6 7 7 6 7 1 7 1 1 5 5 0 0 6 1 5
 7 0 7 5 1 4 6 5 6 6 4 6 6 1 0 0 7 5 7 5 6 0 6 7 0 5 0 1 0 0 0 7 5 6 1 0 4
 6 6 5 6 4 5 7 6 6 0 7 5 7 4 2 0 6 5 6 0 6 1 7 6 6 5 7 5 5 5 1 6 6 6 6 1 5
 7 5 5 1 6 6 0 5 5 0 7 1 5 6 6 4 6 0 0 0 7 7 0 1 6 1 6 0 0 7 6 1 7 4 6 6 7
 5 1 6 6 5 1 1 7 1 0 7 7 1 1 4 7 5 1 7 6 7 0 1 4 0 6 7 5 4 6 1 0 7 4 5 1 4
 5 1 7 6 7 7 5 0 0 7 0 6 6 1 4 4 1 7 1 7 6 6 6 6 0 6 1 5 5 0 7 7 5 7 6 7 1
 7 6 4 6 1 7 1 7 5 0 5 7 0 4 7 4 5 7 7 5 7 1 7 4 6 7 1 0 6 6 5 1 1 7 1 6 6
 0 7 7 0 5 6 0 7 7 7 4 5 5 6 1 1 7 7 5 4 7 6 6 5 5 4 1 7 5 0 1 7 7 1 1 4 5
 1 5 5 1 6 1 6 1 1 5 6 0 0 0 5 7 7 7 6 1 1 1 5 1 1 1 4 5 5 6 0 4 1 6 6 7 4
 5 5 5 7 7 7 1 6 6 6 6 4 7 7 5 0 6 7 4 1 7 0 0 7 1 7 1 5 0 6 7 6 6]
 Dunn Index 14 : 0.156006797641
---------------------------------------------------------------------------------------------------------
chromosome 15 : [-0.07144338  0.19883813 -0.00341689 ...,  0.          0.          0.        ]
 Objectives (Sil) : 0.324858781613
 Objectives (PBM) : 0.422790752655
Cluster size 15 :8
Predicted Label for 15: [6 1 0 1 0 1 0 7 6 6 1 3 7 6 1 7 1 1 1 1 1 6 7 2 7 6 1 0 6 1 0 1 1 1 6 6 0
 6 6 1 1 1 0 5 2 0 1 5 0 1 0 1 1 1 1 1 6 7 0 1 1 5 1 1 1 1 1 7 5 1 1 0 1 5
 1 1 1 7 1 2 0 5 0 0 2 0 0 1 1 1 1 7 1 7 6 1 0 1 1 7 1 1 1 1 1 1 5 6 1 1 6
 6 0 3 0 7 7 1 0 5 1 1 5 1 6 4 1 0 5 0 1 0 1 1 0 0 7 1 7 5 5 1 5 0 0 0 1 7
 1 7 7 1 0 0 1 5 7 1 1 1 5 0 0 2 5 1 1 1 1 1 1 1 0 1 0 1 1 1 0 1 1 2 0 0 1
 5 1 0 0 7 1 1 1 1 1 1 1 1 1 2 1 7 1 1 5 1 1 1 2 1 0 1 5 5 7 1 1 1 6 5 1 6
 7 1 1 0 1 1 7 1 1 1 1 0 0 1 5 2 1 1 1 1 0 0 0 5 1 6 1 7 7 1 1 1 6 1 0 1 1
 1 0 2 0 1 1 1 1 7 1 5 1 1 7 1 6 7 1 1 5 1 1 1 6 6 1 1 1 0 0 5 1 1 1 1 0 0
 1 1 1 1 7 5 1 1 1 1 7 3 6 5 1 1 1 1 7 6 1 0 0 6 7 2 1 1 5 1 1 1 1 1 1 6 3
 1 7 7 1 0 1 0 1 1 5 5 1 1 1 7 1 1 1 0 1 1 1 5 1 1 1 7 5 5 0 1 6 1 0 5 1 6
 7 0 5 1 1 1 1 0 6 5 0 5 1 1 5 1 0 1 2 1 1 1 1 1 1 1 1 5 1 0 1 0 6]
 Dunn Index 15 : 0.106094668689
---------------------------------------------------------------------------------------------------------
chromosome 16 : [ 1.  0.  0. ...,  0.  0.  0.]
 Objectives (Sil) : 0.223030174838
 Objectives (PBM) : 0.429794928822
Cluster size 16 :10
Predicted Label for 16: [9 0 8 6 8 1 8 9 9 8 2 9 9 9 0 8 6 6 2 6 6 9 8 9 8 8 1 8 8 6 8 1 0 1 9 9 8
 9 8 6 6 6 8 9 9 8 1 9 8 6 8 0 1 0 2 1 8 8 8 1 0 8 1 0 1 0 2 9 8 6 6 8 0 8
 0 6 1 9 0 9 8 9 8 8 9 8 8 0 6 6 1 9 1 9 8 7 8 1 5 9 6 2 6 6 6 1 8 8 0 6 9
 8 8 9 8 9 9 2 8 9 6 1 9 1 9 3 7 8 9 8 6 8 0 1 8 8 9 1 8 9 8 0 8 8 8 8 2 8
 1 9 9 0 8 8 6 9 9 6 1 0 8 8 8 9 8 6 6 6 1 1 6 2 8 2 8 6 6 1 8 0 1 9 8 8 1
 9 0 8 8 9 0 2 1 2 6 1 1 2 0 9 0 9 2 1 8 1 6 0 9 6 8 1 8 9 8 2 6 1 9 9 0 9
 9 2 1 8 1 1 9 6 6 1 6 8 8 0 9 9 2 1 0 1 8 8 8 8 6 8 2 9 9 6 1 1 9 1 8 1 0
 1 8 9 8 0 2 2 1 9 4 8 1 6 9 1 9 9 1 0 9 1 0 1 9 8 1 2 6 8 8 8 2 2 1 0 8 8
 6 0 0 6 9 8 6 0 1 1 9 9 9 8 0 0 1 1 9 9 2 8 8 9 8 9 0 0 9 6 0 2 1 2 0 9 9
 0 8 9 0 8 0 8 2 2 9 8 6 6 6 9 1 0 1 8 2 0 0 9 0 0 0 9 9 8 8 6 9 0 8 8 1 9
 8 8 9 0 1 1 2 8 8 8 8 9 1 2 9 6 8 1 9 0 1 6 6 0 0 0 0 9 6 8 1 8 8]
 Dunn Index 16 : 0.155234456641
---------------------------------------------------------------------------------------------------------
chromosome 17 : [-0.11695159 -0.11179966 -0.00280975 ...,  0.          0.          0.        ]
 Objectives (Sil) : 0.523413992461
 Objectives (PBM) : 2.40151724978
Cluster size 17 :3
Predicted Label for 17: [1 0 1 0 1 0 1 1 1 1 0 1 1 1 0 1 0 0 0 0 0 1 1 1 1 1 0 1 1 0 1 0 0 0 1 1 1
 1 1 0 0 0 1 1 1 1 0 1 1 0 1 0 0 0 0 0 1 1 1 0 0 1 0 0 0 0 0 1 1 0 0 1 0 1
 0 0 0 1 0 1 1 1 1 1 1 1 1 0 0 0 0 1 0 1 1 0 1 0 0 1 0 0 0 0 0 0 1 1 0 0 1
 1 1 1 1 1 1 0 1 1 0 0 1 0 1 2 0 1 1 1 0 1 0 0 1 1 1 0 1 1 1 0 1 1 1 1 0 1
 0 1 1 0 1 1 0 1 1 0 0 0 1 1 1 1 1 0 0 0 0 0 0 0 1 0 1 0 0 0 1 0 0 1 1 1 0
 1 0 1 1 1 0 0 0 0 0 0 0 0 0 1 0 1 0 0 1 0 0 0 1 0 1 0 1 1 1 0 0 0 1 1 0 1
 1 0 0 1 0 0 1 0 0 0 0 1 1 0 1 1 0 0 0 0 1 1 1 1 0 1 0 1 1 0 0 0 1 0 1 0 0
 0 1 1 1 0 0 0 0 1 0 1 0 0 1 0 1 1 0 0 1 0 0 0 1 1 0 0 0 1 1 1 0 0 0 0 1 1
 0 0 0 0 1 1 0 0 0 0 1 1 1 1 0 0 0 0 1 1 0 1 1 1 1 1 0 0 1 0 0 0 0 0 0 1 1
 0 1 1 0 1 0 1 0 0 1 1 0 0 0 1 0 0 0 1 0 0 0 1 0 0 0 1 1 1 1 0 1 0 1 1 0 1
 1 1 1 0 0 0 0 1 1 1 1 1 0 0 1 0 1 0 1 0 0 0 0 0 0 0 0 1 0 1 0 1 1]
 Dunn Index 17 : 0.769377151587
---------------------------------------------------------------------------------------------------------
chromosome 18 : [ 0.36814545 -0.03997434 -0.00063819 ...,  0.          0.          0.        ]
 Objectives (Sil) : 0.533987824049
 Objectives (PBM) : 1.14664455649
Cluster size 18 :2
Predicted Label for 18: [0 1 0 1 0 1 0 0 0 0 1 0 0 0 1 0 1 1 1 1 1 0 0 0 0 0 1 0 0 1 0 1 1 1 0 0 0
 0 0 1 1 1 0 0 0 0 1 0 0 1 0 1 1 1 1 1 0 0 0 1 1 0 1 1 1 1 1 0 0 1 1 0 1 0
 1 1 1 0 1 0 0 0 0 0 0 0 0 1 1 1 1 0 1 0 0 1 0 1 1 0 1 1 1 1 1 1 0 0 1 1 0
 0 0 0 0 0 0 1 0 0 1 1 0 1 0 0 1 0 0 0 1 0 1 1 0 0 0 1 0 0 0 1 0 0 0 0 1 0
 1 0 0 1 0 0 1 0 0 1 1 1 0 0 0 0 0 1 1 1 1 1 1 1 0 1 0 1 1 1 0 1 1 0 0 0 1
 0 1 0 0 0 1 1 1 1 1 1 1 1 1 0 1 0 1 1 0 1 1 1 0 1 0 1 0 0 0 1 1 1 0 0 1 0
 0 1 1 0 1 1 0 1 1 1 1 0 0 1 0 0 1 1 1 1 0 0 0 0 1 0 1 0 0 1 1 1 0 1 0 1 1
 1 0 0 0 1 1 1 1 0 1 0 1 1 0 1 0 0 1 1 0 1 1 1 0 0 1 1 1 0 0 0 1 1 1 1 0 0
 1 1 1 1 0 0 1 1 1 1 0 0 0 0 1 1 1 1 0 0 1 0 0 0 0 0 1 1 0 1 1 1 1 1 1 0 0
 1 0 0 1 0 1 0 1 1 0 0 1 1 1 0 1 1 1 0 1 1 1 0 1 1 1 0 0 0 0 1 0 1 0 0 1 0
 0 0 0 1 1 1 1 0 0 0 0 0 1 1 0 1 0 1 0 1 1 1 1 1 1 1 1 0 1 0 1 0 0]
 Dunn Index 18 : 0.738393309316
---------------------------------------------------------------------------------------------------------
chromosome 19 : [  1.00000000e+00   2.77555756e-17   1.73472348e-18 ...,   0.00000000e+00
   0.00000000e+00   0.00000000e+00]
 Objectives (Sil) : 0.232248063168
 Objectives (PBM) : 0.521642761495
Cluster size 19 :6
Predicted Label for 19: [4 0 1 2 1 3 1 4 4 1 0 5 5 4 0 5 2 2 0 2 2 4 1 4 5 4 3 1 1 2 1 3 0 3 4 4 1
 4 1 2 2 2 1 5 4 1 3 5 1 2 1 0 3 0 0 3 1 5 1 3 3 1 3 0 3 0 0 5 1 2 2 1 0 5
 3 2 3 5 0 4 1 5 1 1 4 1 1 0 2 2 3 5 3 5 1 2 1 3 2 5 2 0 2 2 2 3 5 1 0 2 4
 1 1 5 1 4 5 3 1 1 2 3 5 3 4 1 2 1 5 1 2 1 0 3 1 1 5 3 5 5 5 0 1 1 1 1 0 5
 3 5 5 0 1 1 2 5 5 2 3 0 5 1 1 4 1 2 2 2 3 3 2 0 1 0 1 2 2 3 1 0 3 4 1 1 3
 5 0 1 1 4 0 0 3 0 2 3 3 0 0 4 3 5 0 3 1 3 2 0 5 2 1 3 5 5 1 0 2 3 4 5 0 4
 5 0 3 1 3 3 4 2 2 3 2 1 1 0 5 4 0 3 0 3 1 1 1 1 2 1 0 5 5 2 3 3 4 3 1 3 0
 3 1 4 1 0 3 0 3 5 2 5 3 2 4 3 4 5 3 3 5 3 0 3 4 1 3 0 2 1 1 5 0 0 3 0 1 1
 2 3 3 2 5 1 2 3 3 3 5 5 4 1 0 0 3 3 5 4 3 1 1 4 5 4 0 3 5 2 0 3 3 0 0 4 5
 0 5 5 0 1 0 1 0 0 5 1 2 2 2 4 3 3 3 1 0 0 0 5 0 0 0 4 5 5 1 2 4 0 1 1 3 4
 5 1 5 3 3 3 0 1 1 1 1 5 3 3 5 2 1 3 4 0 3 2 2 3 0 3 0 5 2 1 3 1 4]
 Dunn Index 19 : 0.141923413931
---------------------------------------------------------------------------------------------------------
chromosome 20 : [  1.00000000e+00   2.77555756e-17   1.73472348e-18 ...,   0.00000000e+00
   0.00000000e+00   0.00000000e+00]
 Objectives (Sil) : 0.214249032415
 Objectives (PBM) : 0.271715288553
Cluster size 20 :15
Predicted Label for 20: [ 1  0  2 10  2  4  2 14  7  7  3  9  9  1  0  9 10 10  3 10 10  1  9 11  9
  7  4  2  7 10  7  4  0  4  1  1  2 14  7 10 10 10  7  1 11  2  4 13  2 10
  2  0  4  0  3  4  7  9  2  4  0 13  4  0  4  0  3  1 13 10 10  2  0 13  0
 10  4  9  0 11  2 13 13  2 11  2  2  4 10 10  4  1  4  9  7  8  2  4  8  9
 10  3 10 10 10  4 13  1  0 10  7  7  2 11  2 14  9  3  2 13 10  4 13  4  7
  5  8  2  1  2 10  2  0  4  2  2  9  4  9 13 13  0 13  2  2  2  3  9  4  1
  9  0  2  2 10 13  9 10  4  0 13  7  2 11 13 10 10 10  4  4 10  3  2  3  2
 10 10  4  2  0  4  1  2  2  4 13  0  2  2 14  0  3  4  3 10  4  4  3  0 11
  0  9  3  4 13  4 10  0 11 10  7  4 13 13  1  3 10  4  1 13  0  1  1  3  4
  2  4  4  9 10 10  4 10  2  2  0 13 11  3  4  0  4  2  2  2  7 10  7  3  9
  9 10  4  4  1  4  7  4  0  4  2  1  2  0  3  3  4  1  6 13  4 10 14  4  7
  1  4  0 13  4  0  4  1  7  4  3 10  2  2 13  3  3  4  0  2  2 10  0  0 10
  9 13 10  0  4  4  1  9  1 13  0  0  4  4  1  1  3  2  2  1  9 11  0  0 13
 10  0  3  4  3  0  7 11  0  9  1  0  2  0  7  3  3 13  7 10 10 10 14  4  4
  4  2  3  0  0 13 12  0  0  1 13 13  2 10  7  0  2 13  4  1  9  9 13  0  4
  4  3  2  7 13  2 13  4  3 13 10  2  4 11  0  4 10 10  0  0  0  0 13 10  2
  4  2  7]
 Dunn Index 20 : 0.150048186757
---------------------------------------------------------------------------------------------------------
chromosome 21 : [  1.00000000e+00  -1.11022302e-16  -4.33680869e-18 ...,   0.00000000e+00
   0.00000000e+00   0.00000000e+00]
 Objectives (Sil) : 0.144883581481
 Objectives (PBM) : 0.256871245662
Cluster size 21 :17
Predicted Label for 21: [ 7 10 15  3  9  6  9 13 15 15 12 13 14  7  0 14 16  3 12 16 16  7 14  8 14
 15  6  9 15  3 15  6 10  6  7  7  9 13 15 16 16 16 15  4  8 15  0  8 15 16
 15 10  0 12 12  6  7 14  9  6 10 15  6 10  0 10  0 14 15 16 16  9 12  4  0
 11  6 14 10  8  9  8  9 15  8  9  9 12  3 16  6 14  6 14 15  5 15  6  5 14
 11 12 16 16  3  6  4 15 10 11  7  7 15  8  9 13 14  6 15 15 16  6  4  6  7
  1  5  9 14  9  3 15  0  0  9  9 14  6 14  4  4 12 15  9  9 15 12 14  6 14
 14  0 15  9 11  4 14  3  6  0  4 15  9  8  4 16 16 11  6  6 16 12  9 12  9
 16 16  6  9 10  6  7 15  9  6  4 12  9  9 13 10 12  6 12 16  6  6 12 12  8
  0 14 12  6 15  6 16 10  8 11 15  6  4  8 15  0 16  6  7  4 10 15 14 12  6
  9  6  6 14  3  3  6 16  9 15  0 15  8 12  6  0  6  9  9 15 15 16 15 12 14
 14  3  6  6 15  6 15  6 10  6  9  7  9 12  6 12  6 14  5  4  6 16 13  6  7
 14  6 10  4  6 12  6  7 15  6 12 11  9  9  4 12 12  6 10 15  9 11  0  0 11
 13 15  3  6  6  6 14  4 15 15 10  0  6  6 14  7  0  9 15 15 14  8  0  6  4
 16 10 12  6 12 12  7 13 12 14 14 10  9 10 15 12 12  4 15 11  3 11 13  6  6
  6  9 12 10 10 15  2  0 10  7  8  4  9  3  7 12  9 15  6  7 14  9  4  0  6
  6 12 15 15  4  9  8  6  6  4  3  9  0  8 10  6  3 16 10 12  0  0 15 11 15
  6  9  7]
 Dunn Index 21 : 0.162519407927
---------------------------------------------------------------------------------------------------------
chromosome 22 : [ -3.33066907e-16  -6.93889390e-17   4.33680869e-18 ...,   0.00000000e+00
   0.00000000e+00   0.00000000e+00]
 Objectives (Sil) : 0.209582930986
 Objectives (PBM) : 0.449947570121
Cluster size 22 :11
Predicted Label for 22: [ 1  9 10  2  4  5  4  1 10 10  6  0  0  1  6  0  2  2  6  2  2  1  0  3  0
 10  5  4 10  2 10  5  9  5  1  1  4  1 10  2  2  2 10  0  3 10  5  3 10  2
 10  9  5  9  6  5 10  0  4  5  9 10  5  6  5  6  6  0 10  2  2  4  9  0  5
  2  5  0  6  3  4  3  4 10  3  4  4  6  2  2  5  0  5  0 10  8 10  5  8  0
  2  6  2  2  2  5  4 10  9  2  1 10 10  3  4  1  0  5 10 10  2  5  3  5 10
  7  8  4  0  4  2 10  6  5  4  4  0  5  0  3  0  9 10  4  4 10  6  0  5  0
  0  6 10  4  2  3  0  2  5  6  4 10  4  1  4  2  2  2  5  5  2  6  4  6  4
  2  2  5  4  6  5  1 10  4  5  3  6  4  4  1  6  6  5  6  2  5  5  6  6  3
  5  0  6  5 10  5  2  6  3  2 10  5  0  3 10  6  2  5  1  3  6  1  0  6  5
  4  5  5  0  2  2  5  2  4 10  6 10  3  6  5  6  5  4  4 10 10  2 10  6  0
  0  2  5  5 10  5 10  5  9  5  4  1  4  6  5  6  5  0  8  4  5  2  1  5  1
  0  5  9  3  5  6  5  1 10  5  6  2  4  4  3  6  6  5  6 10  4  2  5  5  2
  0 10  2  9  9  5  0  0 10 10  9  6  5  5  0  1  6  4 10 10  0  3  9  9  0
  2  6  5  5  6  9  1  3  9  0  0  6  4  9 10  6  6 10 10  2  2  2  1  5  9
  5  4  6  6  9 10  6  6  9  1  3  3  4  2  1  9  4 10  5  1  0  4  0  5  5
  5  6 10 10 10  4  3  5  5  0  2  4  5  3  6  5  2  2  9  9  5  6 10  2 10
  9  4  1]
 Dunn Index 22 : 0.150197734282
---------------------------------------------------------------------------------------------------------
chromosome 23 : [  5.55111512e-17   1.38777878e-17   0.00000000e+00 ...,   0.00000000e+00
   0.00000000e+00   0.00000000e+00]
 Objectives (Sil) : 0.197048436702
 Objectives (PBM) : 0.222636362072
Cluster size 23 :18
Predicted Label for 23: [ 2 13  6  8  6  9  6  5  2  2  1 10 10  2 13 10  4  4  1  8  4  2 10  0 10
  2  9  6  2  8  6  9 13  9  2  2  6  5  2 11 11 11  2 17  0  6  9 17  6 11
  6 13  9  1  1  9  2 10  6  9  1 17  9 13  9 13 13 10  2 11  8  6  1 17  9
 11  9 10 13  0  6 17  6  6  0  6  6  1  8  4  9 10  9 10  2 14  6  9 14 10
 11  1  4  4  8  9 17  2  1 11  2  2  6  0  6  5 10  9  6 17 11  9 17  9  2
  3 14  6 10  6  8  6 13  9  6  6 10  9 10 17 17  1 17  6  6  6  1 10  9 10
 10 13  6  6  8 17 10  8  9 13  6  6  6  0 17  4 11  8  9  9  4  1  6  1  6
  4 11  9  6 13  9  0  6  6  9 17  1  6  6  5 13  1  9  1  4  9  9  1  1  0
 13 10  1  9  2  9 11 13  0 11  2  9 10 17  2  9 11  9  2 17 13  2 10  1  9
  6  9  9 10  8  4  9 11  6  6 13 17  0  1  9 13  9  6  6  6  2  4  2  1 10
 10  8  9  9  2  9  6  9 13  9  6  0  6  1  9  1  9 10 12  6  9 11  5  9  2
 10  9 15 17  9  1  9  2  2  9  1  8  6  6 17  1  1  9 13  6  6 11 13 13  8
  5  2  8  1  1  9 10 10  2  2 13 13  9  9 10  2  9  6  6  2 10  0 13  1 17
 11 13  9  9  1  1  2 10  1 10 10 13  6  1  6  1  1 17  2  8  8 11  5  9  1
  9  6  1 13  1 17  7 13 13 10 17 17  6  8  2  1  6 17  9  2 10  6 17 13  9
  9  1  6  2 17  6 17  9  9 17  8  6  9  0 13  9  8  4 13  1 13 13 17  8  6
  9  6  2]
 Dunn Index 23 : 0.167834391643
---------------------------------------------------------------------------------------------------------
chromosome 24 : [  0.00000000e+00   1.38777878e-17   0.00000000e+00 ...,   0.00000000e+00
   0.00000000e+00   0.00000000e+00]
 Objectives (Sil) : 0.193571560036
 Objectives (PBM) : 0.297234541444
Cluster size 24 :16
Predicted Label for 24: [14  3  7  5  2 13  2  4  7  7 12 14  4  4  3  2  5  5 12  5  5  4  2 14  2
  7 13  2  7  5  7 13  3 13  4  4  7  4  7  5  5  5  7 14 14  7 13 14  7  5
  7  6 13  6 12 13  7  2  2 13 13 15 13  3 13  3  3 14  7  5  5  2 13 15 13
  5 13  4  3 14  2 15 15  7 14  2  2 13  5  5 13 14 13  2  7  9  7 13  8  2
  5 12  5  5  5 13 15  7  6  5  4  7  2 14  2  4 14 13  7  7  5 13 15 13  7
  0  9  2 14  2  5  2  3 13  2  2  2 13  2 15 15 13 15  2  2  2 12  2 13 14
  4  3  7  2  5 15 14  5 13  3  2  7  2  4 15  5  5  5 13 13  5 12  2 12  2
  5  5 13  2  3 13 14  2  2 13 14  3  2  2  4  3 12 13 12  5 13 13 12 12 14
  3 14 12 13  7 13  5  3 14  5  7 13 15 15  7 12  5 13  4 15  3  4 14 12 13
  2 13 13  4  5  5 13  5  2  7  3 15 14 12 13  3 13  2  2  2  7  5  7 12  2
 14  5 13 13  7 13  7 13  3 13  2  4  2 12 13 12 13 14  1  2 13  5  4 13  7
 14 13 11 15 13  6 13  4  7 13 12  5  2  2 15 12 12 13  3  7  2  5  3  3  5
 14  7  5 13 13 13 14 15  7  7  3  3 13 13 14  4 13  2  7  7  2 14  3 13 14
  5  3 12 13 12  6  4 14 12  2  4  3  2  6  7 12 12 15  7  5  5  5  4 13 13
 13  2 12  3  6  7 10  3  3  4 15 15  2  5  4 12  2  7 13  4  2  2 15  3 13
 13 12  7  7 15  2 14 13 13 15  5  2 13 14  3 13  5  5  3  3  3  3 15  5  7
 13  2  7]
 Dunn Index 24 : 0.150197734282
---------------------------------------------------------------------------------------------------------
chromosome 25 : [ 0.75350438  0.64213732  0.03293525 ...,  0.          0.          0.        ]
 Objectives (Sil) : 0.349209086673
 Objectives (PBM) : 1.04076626433
Cluster size 25 :5
Predicted Label for 25: [4 1 0 2 0 1 0 4 4 0 1 4 4 4 1 0 2 2 1 2 2 4 0 4 0 0 1 0 0 2 0 1 1 1 4 4 0
 4 0 2 2 2 0 4 4 0 1 4 0 2 0 1 1 1 1 1 0 0 0 1 1 0 1 1 1 1 1 4 4 2 2 0 1 4
 1 2 1 4 1 4 0 4 0 0 4 0 0 1 2 2 1 4 1 0 0 2 0 1 2 4 2 1 2 2 2 1 0 0 1 2 4
 0 0 4 0 4 4 1 0 4 2 1 4 1 4 3 2 0 4 0 2 0 1 1 0 0 4 1 0 4 0 1 4 0 0 0 1 0
 1 4 4 1 0 0 2 4 4 2 1 1 0 0 0 4 0 2 2 2 1 1 2 1 0 1 0 2 2 1 0 1 1 4 0 0 1
 4 1 0 0 4 1 1 1 1 2 1 1 1 1 4 1 4 1 1 0 1 2 1 4 2 0 1 0 4 0 1 2 1 4 4 1 4
 4 1 1 0 1 1 4 2 2 1 2 0 0 1 4 4 1 1 1 1 0 0 0 0 2 0 1 4 4 2 1 1 4 1 0 1 1
 1 0 4 0 1 1 1 1 4 2 0 1 2 4 1 4 4 1 1 4 1 1 1 4 0 1 1 2 0 0 4 1 1 1 1 0 0
 2 1 1 2 4 4 2 1 1 1 4 4 4 0 1 1 1 1 4 4 1 0 0 4 0 4 1 1 4 2 1 1 1 1 1 4 4
 1 0 4 1 0 1 0 1 1 4 0 2 2 2 4 1 1 1 0 1 1 1 4 1 1 1 4 4 0 0 2 4 1 0 4 1 4
 0 0 4 1 1 1 1 0 0 0 0 4 1 1 4 2 0 1 4 1 1 2 2 1 1 1 1 4 2 0 1 0 0]
 Dunn Index 25 : 0.152818605829
---------------------------------------------------------------------------------------------------------
chromosome 26 : [  9.88542380e-01   3.18509799e-02   1.73472348e-18 ...,   0.00000000e+00
   0.00000000e+00   0.00000000e+00]
 Objectives (Sil) : 0.223299518927
 Objectives (PBM) : 0.277690053661
Cluster size 26 :15
Predicted Label for 26: [ 6  2  3  7  3  4  3 12  3  6  1  5  6  6  2  6  7  7  1  7  7  6  6  5  6
  3  4  3  3  7  3  4  2  4  6  6  3 12  3  7  7  7  3  5  5  3  4  5  3  7
  3  2  4  1  1  4  3  6  3  4  2  3  4  2  4  2  2  6  6  7  7  3  1  5  4
  7  4  6  2  5  3  5  3  3  5  3  3  1  7  7  4  6  4  6  3 11  3  4 10  6
  7  1  7  7  7  4  5  6  2  7  6  3  3  5  3  6  6  4  3  3  7  4  5  4  6
  0 11  3  6  3  7  3  2  4  3  3  6  4  6  5  5  1  5  3  3  3  1  6  4  6
  6  2  3  3  7  5  6  7  4  2  3  3  3  5  3  7  7  7  4  4  7  1  3  1  3
  7  7  4  3  2  4  6  3  3  4  5  2  3  3 12  2  1  4  1  7  4  4  1  1  5
  2  6  1  4  3  4  7  2  5  7  3  4  6  5  6  1  7  4  6  5  2  5  5  1  4
  3  4  4  6  7  7  4  7  3  3  2  5  5  1  4  2  4  3  3  3  3  7  3  1  6
  6  7  4  4  6  4  3  4  2  4  3  6  3  1  4  1  4  6  9  3  4  7 12  4  5
  6  4 13  5  4  1  4  6  6  4  1  7  3  3  5  1  1  4  2  3  3  7  2  2  7
  6  3  7  4  4  4  6  5  6  3  2  2  4  4  6  6  1  3  3  6  6  5  2  4  5
  7  2  1  4  1  1  6  5  1  6  6  2  3  2  3  1  1  6  3  7  7  7 12  4  4
  4  3  1  2  2  5 14  2  2  6  5  5  3  7  6  1  3  3  4  6  6  3  5  2  4
  4  1  3  3  3  3  5  4  4  5  7  3  4  5  2  4  7  7  2  2  2  2  6  7  3
  4  3  3]
 Dunn Index 26 : 0.143486951622
---------------------------------------------------------------------------------------------------------
chromosome 27 : [ 0.52216751  0.41678295  0.01658912 ...,  0.          0.          0.        ]
 Objectives (Sil) : 0.529651132217
 Objectives (PBM) : 2.07708006232
Cluster size 27 :4
Predicted Label for 27: [1 2 1 0 1 2 1 1 1 1 2 1 1 1 2 1 0 0 2 0 0 1 1 1 1 1 2 1 1 0 1 2 2 2 1 1 1
 1 1 0 0 0 1 1 1 1 2 1 1 0 1 2 2 2 2 2 1 1 1 2 2 1 2 2 2 2 2 1 1 0 0 1 2 1
 2 0 2 1 2 1 1 1 1 1 1 1 1 2 0 0 2 1 2 1 1 0 1 2 0 1 0 2 0 0 0 2 1 1 2 0 1
 1 1 1 1 1 1 2 1 1 0 2 1 2 1 3 0 1 1 1 0 1 2 2 1 1 1 2 1 1 1 2 1 1 1 1 2 1
 2 1 1 2 1 1 0 1 1 0 2 2 1 1 1 1 1 0 0 0 2 2 0 2 1 2 1 0 0 2 1 2 2 1 1 1 2
 1 2 1 1 1 2 2 2 2 0 2 2 2 2 1 2 1 2 2 1 2 0 2 1 0 1 2 1 1 1 2 0 2 1 1 2 1
 1 2 2 1 2 2 1 0 0 2 0 1 1 2 1 1 2 2 2 2 1 1 1 1 0 1 2 1 1 0 2 2 1 2 1 2 2
 2 1 1 1 2 2 2 2 1 0 1 2 0 1 2 1 1 2 2 1 2 2 2 1 1 2 2 0 1 1 1 2 2 2 2 1 1
 0 2 2 0 1 1 0 2 2 2 1 1 1 1 2 2 2 2 1 1 2 1 1 1 1 1 2 2 1 0 2 2 2 2 2 1 1
 2 1 1 2 1 2 1 2 2 1 1 0 0 0 1 2 2 2 1 2 2 2 1 2 2 2 1 1 1 1 0 1 2 1 1 2 1
 1 1 1 2 2 2 2 1 1 1 1 1 2 2 1 0 1 2 1 2 2 0 0 2 2 2 2 1 0 1 2 1 1]
 Dunn Index 27 : 0.630605378666
---------------------------------------------------------------------------------------------------------
chromosome 28 : [  5.55111512e-17   2.77555756e-17   0.00000000e+00 ...,   0.00000000e+00
   0.00000000e+00   0.00000000e+00]
 Objectives (Sil) : 0.181723236642
 Objectives (PBM) : 0.365179431698
Cluster size 28 :14
Predicted Label for 28: [ 5  7 11  6  9 10  9  4 11 11 13  8  8  1  7  8  2  2 13  2  2  1  8  5  8
  1 10  9  1  6  9 10 12 10  1  1  9  4  1  2  2  2 11  5  5 11 10  5 11  2
 11  7 10 12 13 10  1  8  8 10 12 11 10  7 10  7  7  8 11  2  2  9 12  8 12
  2 10  8  7  5  9  5  9  9  5  9  9 12  6  2 10  5 10  8  1  3 11 10  3  8
  2 13  2  2  6 10  8 11  7  2  1  1 11  5  9  4  8 10 11 11  2 10  5 10  1
  0  3  9 11  9  6  9  7 10  9  9  8 10  8  5  8 12 11  9  9 11 13  8 10  8
  8  7  9  9  6  5  8  6 10  7  8  9  9  1  9  2  2  6 10 10  2 13  9 13  9
  2  2 10  9  7 10  5  9  9 10 11  7  9  9  4  7 13 10 13  2 10 10 13  7  5
  7  8 13 10 11 10  2  7  5  2 11 10  8  5 11 13  2 10 11  5  7 11  5 13 10
  9 10 10  8  6  6 10  2  9 11  7 11  5 13 12  7 10  9  9 11 11  2 11 13  8
  8  6 10 10 11 10 11 10 12 10  9  1  9  7 10 13 10  5  3  8 10  2  4 10  1
  8 10 12  8 10  7 10  1  1 10 13  2  9  9  8 13 13 10  7  9  9  2 10  7  6
  4 11  6 12 12 10  5  8 11 11 12 10 10 10  5  1 10  9 11 11  8  5  7 12  5
  2  7 13 10 13 12  1  5 12  8  8  7  9  7  9 13 13 11 11  6  6  2  4 10 12
 10  9 13  7 12 11  7  7  7  1  5  8  9  6  1 12  9 11 10  1  8  8  8  7 10
 10 13 11  1 11  9  5 10 10  8  6  9 10  5  7 10  6  2 12 12  7  7 11  6 11
 12  9  1]
 Dunn Index 28 : 0.173829694964
---------------------------------------------------------------------------------------------------------
chromosome 29 : [  1.00000000e+00  -1.38777878e-17   3.46944695e-18 ...,   0.00000000e+00
   0.00000000e+00   0.00000000e+00]
 Objectives (Sil) : 0.183868637775
 Objectives (PBM) : 0.408259999106
Cluster size 29 :13
Predicted Label for 29: [ 1  0 11  9  7  5  7  8 11 11 10 12  8  1 10 12  6  9 10  6  6  1 12  4 12
 11  5  7 11  9 11  5  0  5  1  1  7  8 11  6  6  6 11 12  4  7  5  4  7  6
  7  0  5 10 10  5 11 12  7  5  0  7  5  0  5  0 10  1 11  6  6  7  0 12  0
  6  5  1  0  4  7  4  7  7  4  7  7  0  9  6  5  1  5 12 11  3 11  5  3 12
  6 10  6  6  9  5 12  1  0  6 11 11  7  4  7  8 12  5  7 11  6  5  4  5 11
  2  3  7 12  7  9  7  0  5  7  7 12  5  8  4 12  0 11  7  7  7 10 12  5  1
  8  0  7  7  9  4 12  9  5  0 12 11  7  4  7  6  6  9  5  5  6 10  7 10  7
  6  6  5  7  0  5  1  7  7  5 12  0  7  7  8  0 10  5 10  6  5  5 10 10  4
  0 12 10  5 11  5  6  0  4  6 11  5 12  4 12 10  6  5  1  4 10 11 12 10  5
  7  5  5  8  9  9  5  6  7  7  0 11  4 10  5 10  5  7  7  7 11  6 11 10 12
 12  9  5  5  1  5 11  5  0  5  7  1  7 10  5 10  5  1  3 12  5  6  8  5 11
 12  5  0 12  5 10  5  1 11  5 10  9  7  7 12 10 10  5  0  7  7  6  0  0  9
  8 11  9  0  5  5  1 12  1 11  0  0  5  5  1  1 10  7 11  1 12  4  0  0 12
  6  0  5  5 10 10 11  4 10 12  1 10  7  0 11 10 10 12 11  9  9  6  8  5  0
  5  7 10  0  0 11 10  0  0  1  4 12  7  9  1 10  7 11  5  1 12 12 12  0  5
  5 10  7 11  7  7  4  5  5 12  9  7  5  4  0  5  9  6  0  0  0  0 12  9  7
  0  7 11]
 Dunn Index 29 : 0.149085628613
---------------------------------------------------------------------------------------------------------
chromosome 30 : [-0.11695159 -0.11179966 -0.00434312 ...,  0.          0.          0.        ]
 Objectives (Sil) : 0.424270535287
 Objectives (PBM) : 0.757349113988
Cluster size 30 :4
Predicted Label for 30: [2 1 2 3 2 0 2 2 2 2 1 2 2 2 1 2 3 3 1 3 3 2 2 2 2 2 0 2 2 3 2 0 1 0 2 2 2
 2 2 3 3 3 2 2 2 2 0 2 2 3 2 1 0 1 1 0 2 2 2 0 1 2 0 1 0 1 1 2 2 3 3 2 1 2
 1 3 0 2 1 2 2 2 2 2 2 2 2 1 3 3 0 2 0 2 2 3 2 0 3 2 3 1 3 3 3 0 2 2 1 3 2
 2 2 2 2 2 2 0 2 2 3 0 2 0 2 2 3 2 2 2 3 2 1 0 2 2 2 0 2 2 2 1 2 2 2 2 1 2
 0 2 2 1 2 2 3 2 2 3 0 1 2 2 2 2 2 3 3 3 0 0 3 1 2 1 2 3 3 0 2 1 0 2 2 2 0
 2 1 2 2 2 1 1 0 1 3 0 0 0 1 2 1 2 1 0 2 0 3 1 2 3 2 0 2 2 2 1 3 0 2 2 1 2
 2 1 0 2 0 0 2 3 3 0 3 2 2 1 2 2 1 0 1 0 2 2 2 2 3 2 1 2 2 3 0 0 2 0 2 0 1
 0 2 2 2 1 0 1 0 2 3 2 0 3 2 0 2 2 0 0 2 0 1 0 2 2 0 1 3 2 2 2 1 1 0 1 2 2
 3 1 0 3 2 2 3 1 0 0 2 2 2 2 1 1 0 0 2 2 0 2 2 2 2 2 1 0 2 3 1 0 0 1 1 2 2
 1 2 2 1 2 1 2 1 1 2 2 3 3 3 2 0 0 0 2 1 1 1 2 1 1 1 2 2 2 2 3 2 1 2 2 0 2
 2 2 2 1 0 0 1 2 2 2 2 2 0 0 2 3 2 0 2 1 0 3 3 1 1 1 1 2 3 2 0 2 2]
 Dunn Index 30 : 0.115690585894
---------------------------------------------------------------------------------------------------------
chromosome 31 : [  5.55111512e-17   0.00000000e+00   3.46944695e-18 ...,   0.00000000e+00
   0.00000000e+00   0.00000000e+00]
 Objectives (Sil) : 0.178996947411
 Objectives (PBM) : 0.251871176272
Cluster size 31 :16
Predicted Label for 31: [ 1  3  7  4  9  6  9 11  7  7  5 13 13 10  3 13 12 12  5 12 12 10 13  1 13
 10  6  9  7 12  7  6  3  6 10 10  9 11  7 12 12 12  7  1  1  7  6  1  7 12
  7  3  6  5  5  6 10 13  9  6  6  7  6  3  6  3  3 13  7 12 12  9  6 13  6
 12  6 13  3  1  9  1  9  7  1  9  9  6  4 12  6  1  6 13  7  2  7  6  2 13
 12  5 12 12  4  6 13  7  3 12 10 10  7  1  9 11 13  6  7  7 12  6  1  6  7
 15  2  9 13  9  4  7  3  6  9  9 13  6 13  1 13  6  7  9  9  7  5 13  6 13
 13  3  9  9  4  1 13  4  6  3 13  7  9 10  9 12 12  4  6  6 12  5  9  5  9
 12 12  6  9  3  6  1  7  9  6  1  3  9 14 11  3  5  6  5 12  6  6  5  3  1
  3 13  5  6  7  6 12  3  1 12  7  6 13  1  7  5 12  6 10  1  3  7  1  5  6
  9  6  6 13  4 12  6 12  9  7  3  7  1  5  6  3  6  9  9  7  7 12  7  5 13
 13 12  6  6  7  6  7  6  3  6  9 10  9  3  6  5  6  1  0 13  6 12 11  6 10
 13  6  6  1  6  5  6 10  7  6  5 12  9  9 13  5  5  6  3  7  9 12  6  3  4
 11  7  4  6  6  6  1 13  7  7  3  6  6  6  1 10  6  9  7  7 13  1  3  6  1
 12  3  5  6  5  5 10  1  5 13 13  3  9  3  9  5  5  7  7  4  4 12 11  6  6
  6  9  5  3  3  7  3  3  3 10  1 13  9  4 10  5  9  7  6 10 13 13 13  3  6
  6  5  7  7  7  9  1  6  6 13  4  9  6  1  3  6  4 12  6  6  3  3  7  4  7
  6  9 10]
 Dunn Index 31 : 0.1581048049
---------------------------------------------------------------------------------------------------------
chromosome 32 : [  0.00000000e+00  -4.16333634e-17   3.46944695e-18 ...,   0.00000000e+00
   0.00000000e+00   0.00000000e+00]
 Objectives (Sil) : 0.323160183503
 Objectives (PBM) : 0.238466013469
Cluster size 32 :13
Predicted Label for 32: [ 7 12  6  2  0 12  0  4 11  9 12  1  1  7 12  1  2  2 12  2  2  7  1 10  1
  6 12  0  6  2  6 12 12 12  7  5  0  4  6  2  2  2  6  9 10  9 12  8  9  2
  0 12 12 12 12 12  6  1  0 12 12 11 12 12 12 12 12  9 11  2  2  0 12  8 12
  2 12  1 12 10  0  8  0  6 10  0  0 12  2  2 12  1 12  9  6  2  6 12  2  1
  2 12  2  2  2 12  8  9 12  2  3  6  0 10  0  5  1 12  0 11  2 12  8 12 11
  0  2  0  9  0  2  0 12 12  0  0  1 12  1  8  8 12 11  0  0  0 12  1 12  9
  1 12  0  0  2 11  1  2 12 12  0  6  0 10  8  2  2  2 12 12  2 12  0 12  0
  2  2 12  0 12 12  9  0  0 12 11 12  0  0  4 12 12 12 12  2 12 12 12 12 10
 12  1 12 12 11 12  2 12 10  2  6 12  1  8  9 12  2 12  9  8 12 11  1 12 12
  0 12 12  5  2  2 12  2  0 11 12 11 10 12 12 12 12  0  0  0 11  2  6 12  1
  1  2 12 12  9 12  6 12 12 12  0  5  0 12 12 12 12  1  2  0 12  2  4 12 11
  1 12 12  8 12 12 12  7  6 12 12  2  0  0  8 12 12 12 12  0  0  2 12 12  2
  1 11  2 12 12 12  9  1  9 11 12 12 12 12  1  7 12  0 11  9  1 10 12 12  8
  2 12 12 12 12 12  7  1 12  1  9 12  0 12  6 12 12  9 11  2  2  2  4 12 12
 12  0 12 12 12 11 12 12 12  5  8  8  0  2  7 12  0 11 12  7  1  0  8 12 12
 12 12  0  6 11  0 11 12 12  8  2  0 12 10 12 12  2  2 12 12 12 12  9  2  9
 12  0  6]
 Dunn Index 32 : 0.117239650233
---------------------------------------------------------------------------------------------------------
chromosome 33 : [  0.00000000e+00   2.77555756e-17   1.73472348e-18 ...,   0.00000000e+00
   0.00000000e+00   0.00000000e+00]
 Objectives (Sil) : 0.194294797683
 Objectives (PBM) : 0.230472623319
Cluster size 33 :16
Predicted Label for 33: [12 14 10  3 10 11 10 12 12 12 14 13 13 12 14 13  9  9 14  3 15 12 13  7 13
 12 11 10 12  3 10 11 14 11 12 12 10 12 10 15 15 15 10  7  7 10 11  7 10 15
 10 14 11 14 14 11 12 13 10 11 11 10 11 14 11 14 14 13 10  9  3 10 14 13 11
 15 11 13 14  7 10  7 10 10  7 10 10 14  3 15 11 13 11 13 12  2 10 11  1 13
  3 14  9  9  3 11  7 12 14 15  5 12 10  7 10 12 13 11 10 10 15 11  7 11 12
  8  6 10 13 10  3 10 14 11 10 10 13 11 13  7 10 14  7 10 10 10 14 13 11 13
 13 14 10 10  3  7 13  3 11 14 10 10 10 12 10  9 15  3 11 11  9 14 10 14 10
  9  9 11 10 14 11 12 10 10 11  7 14 10 10 13 14 14 11 14  9 11 11 14 14  7
 11 13 14 11 10 11 15 14  7  3 10 11 13  7 10 14  9 11 12  7 14 12 13 14 11
 10 11 11 13  3  9 11  9 10 10 14  7  7 14 11 14 11 10 10 10 10  9 10 14 13
 13  3 11 11 12 11 10 11 14 11 10 12 10 14 11 14 11 13  0 10 11  9 12 11 12
 13 11 11  7 11 14 11 12 12 11 14  3 10 10  7 14 14 11 14 10 10 15 11 11  3
 13 10  3 11 11 11 13 13 12 10 14 14 11 11 13 12 11 10 10 12 13  7 14 11  7
 15 14 11 11 14 14 12  7 14 13 13 14 10 14 10 14 14 13 10  3  3 15 12 11 11
 11 10 14 14 14  7 14 14 14 12  7  7 10  3 12 14 10 10 11 12 13 13  7 11 11
 11 14 10 10 10 10  7 11 11  7  3 10 11  7 14 11  3  9 11 14 11 14 10  3 10
 11 10 12]
 Dunn Index 33 : 0.183931183832
---------------------------------------------------------------------------------------------------------
chromosome 34 : [  5.55111512e-17   0.00000000e+00   0.00000000e+00 ...,   0.00000000e+00
   0.00000000e+00   0.00000000e+00]
 Objectives (Sil) : 0.206932973333
 Objectives (PBM) : 0.517701703107
Cluster size 34 :10
Predicted Label for 34: [8 3 8 7 2 4 2 1 8 8 3 1 1 8 3 2 7 7 3 7 7 8 2 1 2 8 4 2 8 7 8 4 3 4 8 1 2
 1 8 7 7 7 8 1 1 2 4 1 2 7 2 3 4 3 3 4 8 2 2 4 3 2 4 3 4 3 3 1 8 7 7 2 3 2
 3 7 4 1 3 8 2 8 2 2 1 2 2 3 7 7 4 1 4 2 8 5 2 4 5 1 7 3 7 7 7 4 2 8 3 7 8
 8 2 1 2 1 1 4 2 8 7 4 8 4 8 0 5 2 1 2 7 2 3 4 2 2 1 4 2 1 2 3 8 2 2 2 3 1
 4 1 1 3 2 2 7 8 1 7 4 3 2 8 2 8 2 7 7 7 4 4 7 3 2 3 2 7 7 4 2 3 4 1 2 2 4
 1 3 2 2 1 3 3 4 3 7 4 4 3 3 1 3 1 3 4 8 4 7 3 1 7 8 4 2 8 2 3 7 4 8 1 3 8
 1 3 4 2 4 4 1 7 7 4 7 2 2 3 8 1 3 4 3 4 2 2 2 8 7 8 3 1 1 7 4 4 8 4 8 4 3
 4 2 1 2 3 4 3 4 1 6 2 4 7 1 4 8 1 4 4 1 4 3 4 8 8 4 3 7 2 2 2 3 3 4 3 2 2
 7 3 4 7 1 8 7 3 4 4 1 1 8 8 3 3 4 4 1 1 3 2 8 8 2 8 3 4 1 7 3 4 4 3 3 8 1
 3 2 1 3 2 3 8 3 3 2 8 7 7 7 1 4 4 4 2 3 3 3 8 3 3 3 1 8 2 2 7 8 3 2 8 4 8
 2 2 2 3 4 4 3 2 8 2 2 1 4 4 1 7 2 4 1 3 4 7 7 3 3 3 3 2 7 2 4 2 8]
 Dunn Index 34 : 0.125638528921
---------------------------------------------------------------------------------------------------------
chromosome 35 : [ 0.01834831 -0.11179966 -0.00740987 ...,  0.          0.          0.        ]
 Objectives (Sil) : 0.220719315537
 Objectives (PBM) : 0.298320696252
Cluster size 35 :10
Predicted Label for 35: [7 3 9 6 9 8 9 7 7 9 5 7 7 7 3 7 6 6 5 6 6 7 9 7 9 9 8 9 9 6 9 8 3 8 7 7 9
 7 9 6 6 6 9 7 7 9 8 7 9 6 9 1 8 1 5 8 9 7 9 8 8 9 8 3 8 3 3 7 7 6 6 9 8 7
 8 6 8 7 3 7 9 7 9 9 7 9 9 8 6 6 8 7 8 7 9 2 9 8 2 7 6 5 6 6 6 8 9 9 1 6 7
 9 9 7 9 7 7 8 9 7 6 8 7 8 7 9 4 9 7 9 6 9 3 8 9 9 7 8 9 7 9 8 7 9 9 9 5 7
 8 7 7 3 9 9 6 7 7 6 8 3 9 9 9 7 9 6 6 6 8 8 6 5 9 5 9 6 6 8 9 3 8 7 9 9 8
 7 3 9 9 7 3 5 8 5 6 8 8 5 5 7 3 7 5 8 9 8 6 3 7 6 9 8 7 7 7 5 6 8 7 7 3 7
 7 5 8 9 8 8 7 6 6 8 6 9 9 3 7 7 5 8 3 8 9 9 9 9 6 9 5 7 7 6 8 8 7 8 9 8 3
 8 9 7 9 5 8 5 8 7 0 9 8 6 7 8 7 7 8 8 7 8 5 8 7 9 8 5 6 9 9 7 5 5 8 3 9 9
 6 8 3 6 7 7 6 8 8 8 7 7 7 9 3 8 8 8 7 7 5 9 9 7 9 7 3 8 7 6 3 5 8 5 1 7 7
 5 7 7 3 9 1 9 5 5 7 9 6 6 6 7 8 8 8 9 5 3 1 7 3 3 3 7 7 7 9 6 7 5 9 7 8 7
 7 9 7 3 8 8 5 9 9 9 9 7 8 8 7 6 9 8 7 3 8 6 6 8 8 3 3 7 6 9 8 9 9]
 Dunn Index 35 : 0.125485948423
---------------------------------------------------------------------------------------------------------
chromosome 36 : [  0.00000000e+00   1.38777878e-17   0.00000000e+00 ...,   0.00000000e+00
   0.00000000e+00   0.00000000e+00]
 Objectives (Sil) : 0.314179414289
 Objectives (PBM) : 0.374365958793
Cluster size 36 :11
Predicted Label for 36: [ 7  9  3  1  8  9  8  6  3  3  9  6  6  7  9  0  1  1  9  1  1  7  6  4  6
  3  9  8  3  1  3  9  9  9  7  7  8  7  3  1  1  1  3  5  4  3  9  5  3  1
  3  9  9  9  9  9  3  6  0  9  9  0  9  9  9  9  9  7  3  1  1  8  9  0  9
  1  9  6  9  4  8  5  0  8  4  8  8  9  1  1  9  6  9  6  3  1  3  9  1  6
  1  9  1  1  1  9  5  3  9  1  3  3  0  4  8  6  6  9  8  3  1  9  5  9  3
 10  1  0  5  8  1  8  9  9  8  8  6  9  6  5  0  9  3  8  8  0  9  6  9  6
  6  9  3  8  1  5  6  1  9  9  0  3  8  4  0  1  1  1  9  9  1  9  8  9  0
  1  1  9  0  9  9  7  8  8  9  5  9  8  8  6  9  9  9  9  1  9  9  9  9  4
  9  6  9  9  3  9  1  9  4  1  3  9  5  5  3  9  1  9  7  5  9  3  5  9  9
  8  9  9  6  1  1  9  1  8  3  9  5  4  9  9  9  9  0  8  8  3  1  3  9  6
  6  1  9  9  7  9  3  9  9  9  0  7  8  9  9  9  9  7  1  0  9  1  7  9  3
  6  9  9  5  9  9  9  7  3  9  9  1  8  8  5  9  9  9  9  3  8  1  9  9  1
  6  3  1  9  9  9  7  5  7  3  9  9  9  9  6  7  9  8  3  7  6  4  9  9  5
  1  9  9  9  9  9  3  4  9  6  7  9  0  9  3  9  9  5  3  1  1  1  6  9  9
  9  8  9  9  9  3  9  9  9  7  5  5  8  1  7  9  0  3  9  7  6  0  5  9  9
  9  9  3  3  0  8  5  9  9  5  1  8  9  4  9  9  1  1  9  9  9  9  5  1  3
  9  0  3]
 Dunn Index 36 : 0.130534936902
---------------------------------------------------------------------------------------------------------
chromosome 37 : [ 0.39913083  0.61322558  0.03071768 ...,  0.          0.          0.        ]
 Objectives (Sil) : 0.342588988084
 Objectives (PBM) : 1.32795732835
Cluster size 37 :3
Predicted Label for 37: [1 2 0 2 0 2 0 1 1 0 2 1 1 1 2 0 2 2 2 2 2 1 0 1 0 0 2 0 0 2 0 2 2 2 1 1 0
 1 0 2 2 2 0 1 1 0 2 1 0 2 0 2 2 2 2 2 0 0 0 2 2 0 2 2 2 2 2 1 0 2 2 0 2 0
 2 2 2 1 2 1 0 1 0 0 1 0 0 2 2 2 2 1 2 0 0 2 0 2 2 1 2 2 2 2 2 2 0 0 2 2 1
 0 0 1 0 1 1 2 0 0 2 2 1 2 1 0 2 0 1 0 2 0 2 2 0 0 1 2 0 1 0 2 0 0 0 0 2 0
 2 1 1 2 0 0 2 1 1 2 2 2 0 0 0 1 0 2 2 2 2 2 2 2 0 2 0 2 2 2 0 2 2 1 0 0 2
 1 2 0 0 1 2 2 2 2 2 2 2 2 2 1 2 1 2 2 0 2 2 2 1 2 0 2 0 1 0 2 2 2 1 1 2 1
 1 2 2 0 2 2 1 2 2 2 2 0 0 2 1 1 2 2 2 2 0 0 0 0 2 0 2 1 1 2 2 2 1 2 0 2 2
 2 0 1 0 2 2 2 2 1 2 0 2 2 1 2 1 1 2 2 1 2 2 2 1 0 2 2 2 0 0 0 2 2 2 2 0 0
 2 2 2 2 1 0 2 2 2 2 1 1 1 0 2 2 2 2 1 1 2 0 0 1 0 1 2 2 1 2 2 2 2 2 2 1 1
 2 0 1 2 0 2 0 2 2 1 0 2 2 2 1 2 2 2 0 2 2 2 1 2 2 2 1 1 0 0 2 1 2 0 0 2 1
 0 0 0 2 2 2 2 0 0 0 0 1 2 2 1 2 0 2 1 2 2 2 2 2 2 2 2 0 2 0 2 0 0]
 Dunn Index 37 : 0.126318040479
---------------------------------------------------------------------------------------------------------
chromosome 38 : [  5.55111512e-17   0.00000000e+00   2.60208521e-18 ...,   0.00000000e+00
   0.00000000e+00   0.00000000e+00]
 Objectives (Sil) : 0.208379912625
 Objectives (PBM) : 0.421290095282
Cluster size 38 :10
Predicted Label for 38: [8 6 9 3 2 7 2 1 9 9 6 1 1 8 6 1 3 3 6 3 3 8 1 5 1 8 7 2 9 3 9 7 6 7 8 1 2
 8 9 3 3 3 9 5 5 9 7 5 9 3 9 6 7 6 6 7 8 1 2 7 6 2 7 6 7 6 6 1 9 3 3 2 6 5
 6 3 7 1 6 5 2 5 2 9 5 2 2 6 3 3 7 1 7 1 9 4 9 7 4 1 3 6 3 3 3 7 2 9 6 3 8
 8 2 5 2 1 1 7 9 9 3 7 5 7 9 0 4 2 1 2 3 2 6 7 2 2 1 7 1 5 2 6 9 2 2 2 6 1
 7 1 1 6 2 2 3 5 1 3 7 6 2 9 2 8 2 3 3 3 7 7 3 6 2 6 2 3 3 7 2 6 7 1 2 2 7
 5 6 2 2 1 6 6 7 6 3 7 7 6 6 5 6 1 6 7 9 7 3 6 5 3 9 7 1 5 9 6 3 7 9 5 6 9
 5 6 7 2 7 7 1 3 3 7 3 2 9 6 9 5 6 7 6 7 2 2 9 9 3 9 6 1 1 3 7 7 9 7 9 7 6
 7 2 8 2 6 7 6 7 1 4 2 7 3 1 7 8 1 7 7 5 7 6 7 8 9 7 6 3 2 2 5 6 6 7 6 2 2
 3 6 7 3 1 9 3 6 7 7 1 5 9 9 6 6 7 7 1 1 6 2 9 9 1 5 6 7 5 3 6 7 7 6 6 8 5
 6 1 1 6 2 6 2 6 6 9 9 3 3 3 1 7 7 7 2 6 6 6 9 6 6 6 1 5 5 2 3 8 6 2 9 7 8
 1 2 5 6 7 7 6 9 9 2 2 5 7 7 5 3 2 7 5 6 7 3 3 6 6 6 6 9 3 9 7 2 8]
 Dunn Index 38 : 0.149085628613
---------------------------------------------------------------------------------------------------------
chromosome 39 : [ 0.91069334  0.2425674   0.00683378 ...,  0.          0.          0.        ]
 Objectives (Sil) : 0.168663521397
 Objectives (PBM) : 0.319153134698
Cluster size 39 :14
Predicted Label for 39: [12  2 11 10 13  3 11 12  8 11  2  5  5 12  2  4  6  6  2 10  6 12  5  9  5
  8  3 13  8 10  8  3  2  3 12 12 11 12  8  6  6  6  8  5  9 11  3  9 11  6
 11  2  3  2  2  3  8  5 13  3  3  4  3  2  3  2  2  5  4  6 10 13  2  4  3
 10  3  5  2  9 13  9 13 11  9 11 11  2 10  6  3  5  3  5  8  1 11  3  1  5
 10  2  6  6 10  3  4 11  2 10  8  8 11  9 13 12  5  3 11  4  6  3  4  3  8
  7  1 13  5 13 10 11  2  3 13 13  5  3  5  9  4  2  4 11 11 11  2  5  3  5
  5  2 11 11 10  4  5 10  3  2  4 11 11  9  4  6  6 10  3  3  6  2 13  2 13
  6  6  3 13  2  3 12 11 13  3  4  2 11 13 12  2  2  3  2  6  3  3  2  2  9
  3  5  2  3  4  3  6  2  9 10  8  3  4  9 11  2  6  3 12  9  2 12  5  2  3
 13  3  3  5 10  6  3  6 11 11  2  4  9  2  3  2  3 13 13 11  8  6  8  2  5
  5 10  3  3 12  3  8  3  2  3 13 12 13  2  3  2  3  5  0  4  3  6 12  3  8
  5  3  3  4  3  2  3 12  8  3  2 10 11 13  4  2  2  3  2 11 13  6  3  3 10
  5  4 10  3  3  3  5  5  4  4  2  2  3  3  5 12  3 13 11 12  5  9  2  3  5
  6  2  3  3  2  2  8  9  2  5  5  2 13  2  8  2  2  4  8 10 10 10 12  3  3
  3 13  2  2  2  4  2  2  2 12  9  4 13 10 12  2 13  4  3 12  5 13  4  3  3
  3  2 11  8  4 13  9  3  3  4 10 11  3  9  2  3 10  6  3  2  3  2  4 10 11
  3 13  8]
 Dunn Index 39 : 0.149085628613
---------------------------------------------------------------------------------------------------------
chromosome 40 : [ -5.55111512e-17   0.00000000e+00   0.00000000e+00 ...,   0.00000000e+00
   0.00000000e+00   0.00000000e+00]
 Objectives (Sil) : 0.190640942101
 Objectives (PBM) : 0.205494639452
Cluster size 40 :17
Predicted Label for 40: [ 7 12  6  4  6 16  6  9  7  2 12  9  9  7 12  2  5  5 12  5  5  7  9  0  9
  7 16  6  7  5  6 16 12 16  7  7  6  7  7  5  5  5  6  2  0  2 16  0  6  5
  6 12 16 12 12 16  7  9  6 16 16  6 16 12 16 12 12  2  2  5  5  6 12  2 16
  5 16  9 12  0  6  0  6  6  0  6  6 12  4  5 16  2 16  2  7  8  6 16 11  9
  5 12  5  5  4 16  6  2 12  5  7  7  6  0  6  9  9 16  6  2  5 16  0 16  7
 13 15  6  2  6  4  6 12 16  6  6  9 16  9  0  2 12  0  6  6  6 12  9 16  2
  9 12  6  6  4  0  9  4 16 12  6  6  6  7  6  5  5  4 16 16  5 12  6 12  6
  5  5 16  6 12 16  2  6  6 16  2 12  6  6  9 12 12 16 12  5 16 16 12 12  0
 16  2 12 16  2 16  5 12  0  5  6 16  2  0  2 12  5 16  2  0 12  7  2 12 16
  6 16 16  9  4  5 16  5  6  6 12  0  0 12 16 12 16  6  6  6  6  5  7 12  9
  9  5 16 16  2 16  6 16 12 16  6  7  6 12 16 12 16  2  3  6 16  5  2 16  7
  2 16 16  0 16 12 16  7  7 16 12  5  6  6  0 12 12 16 12  6  6  5 16 16  4
  9  2  4 16 16 16  2  9  2  2 12 12 16 16  2  2 16  6  6  2  9  0 12 16  2
  5 12 16 16 12 12  7  0 12  9  2 12  6 12  6 12 12  2  7  5  4  5  9 16 16
 16  6 12 12 12  2 12 12 12  9  0  0  6  4  7 12  6  2 16  7  9  6  2 16 16
 16 12  6  7  6  6  0 16 16  2  4  6 16  0 12 16  4  5 16 12 16 12  2  4  6
 16  6  7]
 Dunn Index 40 : 0.162375346893
---------------------------------------------------------------------------------------------------------
chromosome 41 : [-0.11695159 -0.11179966 -0.00740987 ...,  0.          0.          0.        ]
 Objectives (Sil) : 0.539041165497
 Objectives (PBM) : 1.04093077326
Cluster size 41 :3
Predicted Label for 41: [2 0 2 1 2 0 2 2 2 2 0 2 2 2 0 2 1 1 0 1 1 2 2 2 2 2 0 2 2 1 2 0 0 0 2 2 2
 2 2 1 1 1 2 2 2 2 0 2 2 1 2 0 0 0 0 0 2 2 2 0 0 2 0 0 0 0 0 2 2 1 1 2 0 2
 0 1 0 2 0 2 2 2 2 2 2 2 2 0 1 1 0 2 0 2 2 1 2 0 1 2 1 0 1 1 1 0 2 2 0 1 2
 2 2 2 2 2 2 0 2 2 1 0 2 0 2 2 1 2 2 2 1 2 0 0 2 2 2 0 2 2 2 0 2 2 2 2 0 2
 0 2 2 0 2 2 1 2 2 1 0 0 2 2 2 2 2 1 1 1 0 0 1 0 2 0 2 1 1 0 2 0 0 2 2 2 0
 2 0 2 2 2 0 0 0 0 1 0 0 0 0 2 0 2 0 0 2 0 1 0 2 1 2 0 2 2 2 0 1 0 2 2 0 2
 2 0 0 2 0 0 2 1 1 0 1 2 2 0 2 2 0 0 0 0 2 2 2 2 1 2 0 2 2 1 0 0 2 0 2 0 0
 0 2 2 2 0 0 0 0 2 1 2 0 1 2 0 2 2 0 0 2 0 0 0 2 2 0 0 1 2 2 2 0 0 0 0 2 2
 1 0 0 1 2 2 1 0 0 0 2 2 2 2 0 0 0 0 2 2 0 2 2 2 2 2 0 0 2 1 0 0 0 0 0 2 2
 0 2 2 0 2 0 2 0 0 2 2 1 1 1 2 0 0 0 2 0 0 0 2 0 0 0 2 2 2 2 1 2 0 2 2 0 2
 2 2 2 0 0 0 0 2 2 2 2 2 0 0 2 1 2 0 2 0 0 1 1 0 0 0 0 2 1 2 0 2 2]
 Dunn Index 41 : 0.479919310247
---------------------------------------------------------------------------------------------------------
chromosome 42 : [  5.55111512e-17   0.00000000e+00   0.00000000e+00 ...,   0.00000000e+00
   0.00000000e+00   0.00000000e+00]
 Objectives (Sil) : 0.234874145349
 Objectives (PBM) : 0.942326389259
Cluster size 42 :7
Predicted Label for 42: [5 2 0 3 0 4 0 5 5 0 6 5 5 5 6 5 3 3 6 3 3 5 0 5 0 0 4 0 0 3 0 4 2 4 5 5 0
 5 0 3 3 3 0 5 5 0 4 5 0 3 0 2 4 2 6 4 0 5 0 4 2 0 4 2 4 2 6 5 5 3 3 0 2 5
 2 3 4 5 2 5 0 5 0 0 5 0 0 2 3 3 4 5 4 5 0 3 0 4 3 5 3 6 3 3 3 4 0 0 2 3 5
 0 0 5 0 5 5 4 0 5 3 4 5 4 5 1 3 0 5 0 3 0 2 4 0 0 5 4 0 5 0 2 5 0 0 0 6 5
 4 5 5 2 0 0 3 5 5 3 4 2 0 0 0 5 0 3 3 3 4 4 3 6 0 6 0 3 3 4 0 2 4 5 0 0 4
 5 2 0 0 5 2 6 4 6 3 4 4 6 6 5 2 5 6 4 0 4 3 2 5 3 0 4 5 5 5 6 3 4 5 5 6 5
 5 6 4 0 4 4 5 3 3 4 3 0 0 2 5 5 6 4 6 4 0 0 0 0 3 0 6 5 5 3 4 4 5 4 0 4 2
 4 0 5 0 2 4 6 4 5 3 0 4 3 5 4 5 5 4 2 5 4 6 4 5 0 4 6 3 0 0 5 6 6 4 2 0 0
 3 2 2 3 5 5 3 2 4 4 5 5 5 0 2 2 4 4 5 5 6 0 0 5 0 5 2 2 5 3 2 6 4 6 2 5 5
 2 5 5 6 0 2 0 6 6 5 0 3 3 3 5 2 2 4 0 6 2 2 5 6 2 2 5 5 5 0 3 5 2 0 5 4 5
 5 0 5 2 4 4 6 0 0 0 0 5 4 4 5 3 0 4 5 2 4 3 3 2 2 2 2 5 3 0 2 0 0]
 Dunn Index 42 : 0.136290526265
---------------------------------------------------------------------------------------------------------
chromosome 43 : [ 0.7294002   0.62881292  0.11260165 ...,  0.          0.          0.        ]
 Objectives (Sil) : 0.315913363555
 Objectives (PBM) : 0.271110537607
Cluster size 43 :14
Predicted Label for 43: [ 5 12  2 11  2 12  2  1  6  6 12  8  1  6 12  1 11 11 12 11 11  6  1 13  1
  6 12  2  6 11  2 12 12 12  6  1  2  6  6 11 11 11  2  5 13  2 12  5  2 11
  2 12 12 12 12 12  6  1  2 12 12  5 12 12 12 12 12  1  5 11 11  2 12 10 12
 11 12  1 12 13  2  5 10  2 13  2  2 12 11 11 12  1 12  1  6  0  2 12  0  1
 11 12 11 11 11 12 10  6 12 11  6  6  2  8  2  1  1 12  2  5 11 12  5 12  5
  3  0  2  5  2 11  2 12 12  2  2  1 12  1 10 10 12  5  2  2  2 12  1 12  1
  1 12  2  2 11  5  1 11 12 12 10  2  2 13 10 11 11 11 12 12 11 12  2 12  2
 11 11 12  2 12 12 13  2  2 12  5 12  2  2  1 12 12 12 12 11 12 12 12 12  7
 12  1 12 12  5 12 11 12  8 11  2 12 10  5  1 12 11 12 13  5 12  5  1 12 12
  2 12 12  1 11 11 12 11  2  5 12  5 13 12 12 12 12  2  2  2  5 11  6 12  1
  1 11 12 12  1 12  2 12 12 12  2 13  2 12 12 12 12  1  9 10 12 11  1 12  6
  1 12 12 10 12 12 12  6  6 12 12 11  2  2 10 12 12 12 12  2  2 11 12 12 11
  1  5 11 12 12 12  1 10  6  5 12 12 12 12  1  1 12  2  5  1  1 13 12 12  5
 11 12 12 12 12 12  6  8 12  1  1 12  2 12  2 12 12  5  5 11 11 11  1 12 12
 12  2 12 12 12  5 12 12 12  1  5 10  2 11  6 12  2  5 12  6  1 10 10 12 12
 12 12  2  6 10  2  5 12 12 10 11  2 12 13 12 12 11 11 12 12 12 12  5 11  2
 12  2  6]
 Dunn Index 43 : 0.136359511625
---------------------------------------------------------------------------------------------------------
chromosome 44 : [  1.00000000e+00   2.77555756e-17   2.60208521e-18 ...,   0.00000000e+00
   0.00000000e+00   0.00000000e+00]
 Objectives (Sil) : 0.175846518686
 Objectives (PBM) : 0.232508420399
Cluster size 44 :17
Predicted Label for 44: [ 8  9 14 12 11 16 11 15 14 14  5 10 15 15  7 15 12 12  5 12 12 15 15 10 15
 14 16 11 14 12 14 16  4 16 15 15 11 15 14 12 12 12 14  8 10 14  7  8 11 12
 14  6  7  2  5 13 14 15 11  2  2 11 13  9  7  9  7 15 14 12 12 11  2  8  2
 12 13 15  9  8 11  8 11 14 10 11 11  2 12 12 16 15 13 15 14  1 14 13  1 15
 12  5 12 12 12 16  8 14  6 12 14 14 11 10 11 15 15 16 14  8 12 13  8 13 14
  0  1 11  8 11 12 11  7  7 11 11 15 16 15  8  8  2  8 11 11 11  5 15 16 15
 15  7 11 11 12  8 15 12 13  7 11 14 11  8 11 12 12 12  2 16 12  5 11  7 11
 12 12 13 11  9  2 15 11 11 16  8  2 11 11 15  9  5 16  5 12 16 16  5  6 10
  7 15  5 16 14 13 12  6 10 12 14 16  8  8 15  7 12 16 15  8  6  8 15  5 16
 11 13 13 15 12 12 16 12 11 14  7  8 10  5  2  7 16 11 11 11 14 12 14  5 15
 15 12 13 13 15 16 14 13  9 16 11 15 11  6 16  5 16 15  3 11 16 12 15 13 14
 15 13  2  8 13  6 16 14 14 16  5 12 11 11  8  5  5 13  9 11 11 12  7  7 12
 15  8 12  2  4 16 15 10 14 14  9  7 13 13 15 15  7 11 14 15 15  8  7  2  8
 12  9  5 13  5  6 14 10  4 15 15  6 11  6 14  5  5  8 14 12 12 12 15  2  2
 16 11  5  9  6  8  6  9  9 15  8  8 11 12 14  2 11  8 16 15 15 11  8  7 16
 13  5 11 14 11 11  8  2 16  8 12 11  7 10  9 16 12 12  2  2  7  7  8 12 14
  2 11 14]
 Dunn Index 44 : 0.145111917842
---------------------------------------------------------------------------------------------------------
chromosome 45 : [  1.00000000e+00   2.77555756e-17   1.73472348e-18 ...,   0.00000000e+00
   0.00000000e+00   0.00000000e+00]
 Objectives (Sil) : 0.207102386283
 Objectives (PBM) : 0.42353099289
Cluster size 45 :13
Predicted Label for 45: [ 8  9  4 10  1 12  1  6  4  8  0  6  6  8  9  6 10 10  0 10 10  8  6  3  6
  4 12  1  4 10  4 12  9 12  8  8  1  8  4 10 10 10  4  5  3  1 12  5  1 10
  1  9 12  9  0 12  4  6  1 12  9  5 12  9 12  9  7  6  5 10 10  1  9  5  9
 10 12  6  7  3  1  5  1  4  3  1  1  9 10 10 12  6 12  6  4  2  4 12  2  6
 10  0 10 10 10 12  5  8  9 10  8  4  1  3  1  6  6  0  1  5 10 12  5 12  8
 11  2  1  5  1 10  1  9 12  1  1  6 12  6  5  5  9  5  1  1  1  0  6 12  6
  6  9  4  1 10  5  6 10 12  9  5  4  1  8  5 10 10 10 12 12 10  0  1  9  1
 10 10 12  1  9 12  3  1  1 12  5  9  1  1  6  9  0 12  0 10 12 12  0  9  3
  9  6  0 12  5 12 10  7  3 10  4 12  5  5  6  0 10 12  8  5  7  8  6  0 12
  1 12 12  6 10 10 12 10  1  1  9  5  3  0 12  7 12  1  1  1  4 10  4  0  6
  6 10 12 12  8 12  4 12  9 12  1  8  1  9  0  0 12  6  2  5 12 10  6 12  8
  6 12  9  5 12  9 12  8  4 12  0 10  1  1  5  0  0 12  9  1  1 10  9  9 10
  6  5 10  9 12 12  6  5  8  5  9  9 12 12  6  8  0  1  4  8  6  3  9  9  5
 10  9  0 12  0  9  8  3  9  6  6  7  1  9  4  0  0  5  4 10 10 10  6  9  9
 12  1  0  7  9  5  7  7  9  6  5  5  1 10  8  9  1  5 12  8  6  1  5  7 12
 12  0  1  4  5  1  5 12  0  5 10  1 12  3  9 12 10 10  9  9  9  9  5 10  1
  9  1  4]
 Dunn Index 45 : 0.156443091344
---------------------------------------------------------------------------------------------------------
chromosome 46 : [ 0.05847579  0.02794991  0.00185247 ...,  0.          0.          0.        ]
 Objectives (Sil) : 0.382737228248
 Objectives (PBM) : 0.697071682794
Cluster size 46 :8
Predicted Label for 46: [3 0 3 7 3 1 3 3 3 3 0 3 3 3 0 3 5 7 0 5 5 3 3 3 3 3 1 3 3 7 3 1 0 1 3 3 3
 3 3 5 5 5 3 3 3 3 1 3 3 5 3 0 1 0 0 1 3 3 3 1 1 3 1 0 1 0 0 3 3 5 5 3 0 3
 1 5 1 3 0 3 3 3 3 3 3 3 3 0 7 5 1 3 1 3 3 6 3 1 6 3 5 0 5 5 7 1 3 3 0 5 3
 3 3 3 3 3 3 1 3 3 5 1 3 1 3 2 6 3 3 3 7 3 0 1 3 3 3 1 3 3 3 0 3 3 3 3 0 3
 1 3 3 0 3 3 7 3 3 7 1 0 3 3 3 3 3 5 5 7 1 1 5 0 3 0 3 5 5 1 3 0 1 3 3 3 1
 3 0 3 3 3 0 0 1 0 5 1 1 0 0 3 1 3 0 1 3 1 5 0 3 5 3 1 3 3 3 0 5 1 3 3 0 3
 3 0 1 3 1 1 3 7 7 1 5 3 3 0 3 3 0 1 0 1 3 3 3 3 5 3 0 3 3 7 1 1 3 1 3 1 0
 1 3 3 3 0 1 0 1 3 4 3 1 5 3 1 3 3 1 1 3 1 0 1 3 3 1 0 7 3 3 3 0 0 1 0 3 3
 5 1 1 7 3 3 7 1 1 1 3 3 3 3 0 0 1 1 3 3 1 3 3 3 3 3 0 1 3 5 0 1 1 0 0 3 3
 0 3 3 0 3 0 3 0 0 3 3 7 7 5 3 1 1 1 3 0 0 0 3 0 0 0 3 3 3 3 7 3 0 3 3 1 3
 3 3 3 1 1 1 0 3 3 3 3 3 1 1 3 7 3 1 3 0 1 7 5 1 0 1 0 3 7 3 1 3 3]
 Dunn Index 46 : 0.150628064494
---------------------------------------------------------------------------------------------------------
chromosome 47 : [  0.00000000e+00   2.77555756e-17   1.73472348e-18 ...,   0.00000000e+00
   0.00000000e+00   0.00000000e+00]
 Objectives (Sil) : 0.212614296829
 Objectives (PBM) : 0.17348664222
Cluster size 47 :19
Predicted Label for 47: [ 0  4  7  6  9 15  9  8  7  7  5 17 14 12  4 14  6  6  5  6  6 12 14 11 14
 12 15  9  7  6  7 15  4 15 12 14  9  3  7  6  6  6  7  0 11  7 15  0  7  6
  7  4 15  5  5 15 12 14 18 15 15 18 15  4 15  4  4 14  7  6  6  9 15 18 15
  6 15 14  4 11  9  0 18  9 11  9  9 15  6  6 15  0 15 14  7  2  7 15  2 14
  6  5  6  6  6 15 18  7  4  6 12 12  7 17  9 14 14 15  7  7  6 15  0 15  7
  1  2  9  0  9  6  9  4 15  9  9 14 15 14 18 18 15  7  9  9  7  5 14 15 14
 14  4  9  9  6  0 14  6 15 15 18  9  9 12 18  6  6  6 15 15  6  5  9  5 18
  6  6 15  9  4 15 10  9  9 15  0  4  9 13  8  4  5 15  5  6 15 15  5  4 11
 15 14  5 15  7 15  6  4 11  6  7 15 18  0  7  5  6 15 10  0  4  7  0  5 15
  9 15 15 14  6  6 15  6  9  7  4  0 11  5 15  4 15  9  9  9  7  6  7  5 14
 14  6 15 15  7 15  7 15  4 15  9 10  9  4 15  5 15  0  2 18 15  6 10 15 12
  0 15 15 18 15  5 15 12  7 15  5  6  9  9 18  5  5 15  4  7  9  6 15 15  6
 14  7  6 15 15 15  0 17  7  7  4 15 15 15  0 14 15  9  7  7 14 11  4 15  0
  6  4  5 15  5  4 12 17  5 14 14  4  9  4  9  5  5  0  7  6  6  6  8 15 15
 15  9  5  4  4  7  4  4  4 14  0 18  9  6 12  5  9  7 15 12 14 18 18  4 15
 15  5  7  7 18  9  0 15 15 18  6  9 15 11  4 15  6  6 15 15 15 15  0  6  7
 15  9 12]
 Dunn Index 47 : 0.150048186757
---------------------------------------------------------------------------------------------------------
chromosome 48 : [  1.00000000e+00  -4.16333634e-17   3.46944695e-18 ...,   0.00000000e+00
   0.00000000e+00   0.00000000e+00]
 Objectives (Sil) : 0.197453954931
 Objectives (PBM) : 0.242569243849
Cluster size 48 :17
Predicted Label for 48: [15  3  9  2  9  5  9  6 15 15  0  6  6 15  3  6  2  2  0  2  2 15  6 16  6
 15  8  9 15  2  9  8 10  8 15  6  9 15 15  2  2  2  9 16 16  9  1 16  9  2
  9  4  1  4  0  5 15  6  9  5 10  9  5  3  8  3  3  6  9  2  2  9 10 16  1
  2  5  6  3 16  9 16  9  9 16  9  9  1  2  2  8  6  5  6 15 14  9  5 14  6
  2  0  2  2  2  5 16 15  4  2 15 15  9 16  9  6  6  8  9  9  2  5 16  5 15
 12 14  9  6  9  2  9  3  1  9  9  6  5  6 16  9 10 16  9  9  9  0  6  8  6
  6  1  9  9  2 16  6  2  5  1  9  9  9 15  9  2  2  2  5  8  2  0  9  0  9
  2  2  5  9  3  5  6  9  9  5 16  1  9  9  6  3  0  8  0  2  8  8  0  4 16
  1  6  0  5  9  5  2  3 16  2  9  8  6 16  6  8  2  8 15 16  3 15 16  0  8
  9  5  5  6  2  2  5  2  9  9  3 16 16  0 10  3  8  9  9  9  9  2 15  0  6
  6  2  5  5  6  8  9  5 10  8  9 15  9  4  8  0  8  6 13  9  8  2  6  5 15
  6  5  1 16  5  4  8 15 15  8  0  2  9  9 16  0  0  5  3  9  9  2  1  1  2
  6  9  2 10 10  8  6 16 15  9  1  1  5  5  6  6  8  9  9 15  6 16  1 10 16
  2  3  8  5  0  4 15 16 10  6  6  3  9  4  9  0  0 16 15  2  2  2  6  1 10
  8  9  0  3  4 16  7  3  3  6 16 16  9  2 15  4  9  9  8 15  6  9 16  3  8
  5  0  9 15  9  9 16 10  8 16  2  9  1 16  3  8  2  2  1  1  1  1  9  2  9
  1  9 15]
 Dunn Index 48 : 0.150105084831
---------------------------------------------------------------------------------------------------------
chromosome 49 : [  1.00000000e+00   2.77555756e-17   1.73472348e-18 ...,   0.00000000e+00
   0.00000000e+00   0.00000000e+00]
 Objectives (Sil) : 0.340681149092
 Objectives (PBM) : 0.0754643050792
Cluster size 49 :20
Predicted Label for 49: [ 0 18  0  8  0  5  0  0  0  0 15  0  0  0 18  0 11 11 15 11  3  0  0  0  0
  0  5  0  0  8  0  5  6  5  0  0  0  0  0 11 16 16  0  0  0  0 18  0  0  3
  0  7 18 10 15  5  0  0  0 17 17  0 14 18  5 18  9  0  0  3 11  0 17  0 13
 16 14  0  9  0  0  0  0  0  0  0  0 13  8  3  5  0 14  0  0 12  0 14 12  0
 11  4 11 12  8  5  0  0 10  3  0  0  0  0  0  0  0  5  0  0 11  5  0 14  0
  0 12  0  0  0  8  0 18 14  0  0  0  5  0  0  0 17  0  0  0  0  4  0  5  0
  0 18  0  0  8  0  0  8 14 18  0  0  0  0  0 11  3  8 14  5 11 15  0 13  0
 11 11 14  0 18 14  0  0  0  5  0 13  0  0  0 18 15  5 15 11  5  5 15 13  0
 18  0 15  5  0 14 16 18  0 11  0  5  0  0  0 15 11  5  0  0  9  0  0 13  5
  0  5  5  0  8 12  5 19  0  0 18  0  0  4 17  9  5  0  0  0  0 12  0  4  0
  0  8 14 14  0  5  0 14  6  5  0  0  0 13  5  4  5  0  2  0  5 11  0  5  0
  0 14  6  0 14 13  5  0  0  5 15 11  0  0  0 15 15 14 13  0  0 11 18 18  8
  0  0  8 17 17  5  0  0  0  0  6 18 14  5  0  0 15  0  0  0  0  0 18 17  0
 16 18 15 14 13 10  0  0 17  0  0  9  0  1  0 15 15  0  0  8  8  3  0 13 17
  5  0  4 18  7  0  9  9 18  0  0  0  0  8  0 13  0  0  5  0  0  0  0 18  5
 14 15  0  0  0  0  0 17  5  0  8  0 14  0 18  5  8 12 13 13 18 18  0  8  0
 14  0  0]
 Dunn Index 49 : 0.101572364645
---------------------------------------------------------------------------------------------------------
chromosome 50 : [  1.00000000e+00  -6.93889390e-17   4.33680869e-18 ...,   0.00000000e+00
   0.00000000e+00   0.00000000e+00]
 Objectives (Sil) : 0.138408892664
 Objectives (PBM) : 0.213126560471
Cluster size 50 :19
Predicted Label for 50: [ 5 10 15 14 17  6 17 16 15 15 10 16 16 16 10 16 18 18  0 18 18  5 16  5 16
 15  0 17 15 18 15  0  6  0 16 16 17 16 15 18 18 18 15  5  5 17  6  5 17 18
 17 10  6 10 10  0 15 16 17  6  6  7  6 10  6 10 10 16 15 18 18 17  6  7  6
 18  6 16 10  5 17  7  7 17  5 17 17  6 14 18  0  5  6 16 15  8 17  6  3 16
 18 10 18 18 14  0  7 15 10 18 15 15 17  5 17 16 16  0 17  7 18  0  7  6 15
  1 11 17 16 17 14 17 10  6 17 17 16  6 16  7  7  6  7 17 17 17 10 16  0 16
 16  6 17 17 14  7 16 14  6  6  7 15 17  5  7 18 18 14  6  0 18  0 17 10 17
 18 18  0 17 10  6  5 17 17  0  7 10 17 17 16 10  0  0  0 18  0  0  0 10  5
  6 16  0  0 15  0 18 10  5 18 15  0  7  7 16  0 18  0  5  7 10 15  5  0  0
 17  0  0 16 14 18  0 18 17 17 10  7  5  0  6 10  0 17 17 17 15 18 15 10 16
 16 18  6  6 16  0 15  6  6  0 17  5 17 10  0 10  0  5  4  7  0 18 16  0 15
  5  6 13  7  6 10  0 15 15  0  0 18 17 17  7 10 10  6 10 17 17 18  6  6 12
 16 15 14  6  6  0  5  7 15 15  6  6  6  0 16 16  0 17 15 16 16  5  6  6  5
 18 10  0  6 10 10 15  5 10 16 16 10 17 10 15 10 10  7 15 18 14 18 16  6  6
  0 17 10 10 10  7  9 10 10 16  7  7 17 14 15 10 17  7  0 16 16 17  7  6  0
  6  0 17 15  7 17  5  6  0  7 14 17  6  5 10  0 14 18  6  6  6  6  7 14 17
  6 17 15]
 Dunn Index 50 : 0.152307157351
---------------------------------------------------------------------------------------------------------
chromosome 51 : [ 0.37675219  0.32106866  0.01646762 ...,  0.          0.          0.        ]
 Objectives (Sil) : 0.206689186173
 Objectives (PBM) : 0.28559887997
Cluster size 51 :4
Predicted Label for 51: [3 3 3 2 3 3 3 3 3 3 3 3 3 3 3 3 2 2 3 2 2 3 3 3 3 3 3 3 3 2 3 3 3 3 3 3 3
 3 3 2 2 2 3 3 3 3 3 3 3 2 3 3 3 3 3 3 3 3 3 3 3 3 3 3 3 3 3 3 3 2 2 3 3 3
 3 2 3 3 3 3 3 3 3 3 3 3 3 3 2 2 3 3 3 3 3 1 3 3 1 3 2 3 2 2 2 3 3 3 3 2 3
 3 3 3 3 3 3 3 3 3 2 3 3 3 3 3 1 3 3 3 2 3 3 3 3 3 3 3 3 3 3 3 3 3 3 3 3 3
 3 3 3 3 3 3 2 3 3 2 3 3 3 3 3 3 3 2 2 2 3 3 2 3 3 3 3 2 2 3 3 3 3 3 3 3 3
 3 3 3 3 3 3 3 3 3 2 3 3 3 3 3 3 3 3 3 3 3 2 3 3 2 3 3 3 3 3 3 2 3 3 3 3 3
 3 3 3 3 3 3 3 2 2 3 2 3 3 3 3 3 3 3 3 3 3 3 3 3 2 3 3 3 3 2 3 3 3 3 3 3 3
 3 3 3 3 3 3 3 3 3 0 3 3 2 3 3 3 3 3 3 3 3 3 3 3 3 3 3 2 3 3 3 3 3 3 3 3 3
 2 3 3 2 3 3 2 3 3 3 3 3 3 3 3 3 3 3 3 3 3 3 3 3 3 3 3 3 3 2 3 3 3 3 3 3 3
 3 3 3 3 3 3 3 3 3 3 3 2 2 2 3 3 3 3 3 3 3 3 3 3 3 3 3 3 3 3 2 3 3 3 3 3 3
 3 3 3 3 3 3 3 3 3 3 3 3 3 3 3 2 3 3 3 3 3 2 2 3 3 3 3 3 2 3 3 3 3]
 Dunn Index 51 : 0.32637736665
---------------------------------------------------------------------------------------------------------
chromosome 52 : [ 0.75322036  0.6370012   0.03445257 ...,  0.          0.          0.        ]
 Objectives (Sil) : 0.210168357467
 Objectives (PBM) : 0.562042382935
Cluster size 52 :8
Predicted Label for 52: [2 4 1 7 1 3 1 2 2 1 4 2 2 2 4 1 0 7 4 0 0 2 1 2 1 1 3 1 1 7 1 3 4 3 2 2 1
 2 1 0 0 0 1 2 2 1 3 2 1 0 1 4 3 4 4 3 1 1 1 3 3 1 3 4 3 4 4 2 1 0 0 1 4 1
 3 0 3 2 4 2 1 2 1 1 2 1 1 4 7 0 3 2 3 1 1 5 1 3 5 2 0 4 0 0 7 3 1 1 4 0 2
 1 1 2 1 2 2 3 1 1 0 3 2 3 2 6 5 1 2 1 7 1 4 3 1 1 2 3 1 2 1 4 1 1 1 1 4 1
 3 2 2 4 1 1 7 2 2 7 3 4 1 1 1 2 1 0 0 7 3 3 0 4 1 4 1 0 0 3 1 4 3 2 1 1 3
 2 4 1 1 2 4 4 3 4 0 3 3 4 4 2 3 2 4 3 1 3 0 4 2 0 1 3 1 2 1 4 0 3 2 2 4 2
 2 4 3 1 3 3 2 7 7 3 0 1 1 4 2 2 4 3 4 3 1 1 1 1 0 1 4 2 2 7 3 3 2 3 1 3 4
 3 1 2 1 4 3 4 3 2 5 1 3 0 2 3 2 2 3 3 2 3 4 3 2 1 3 4 7 1 1 1 4 4 3 4 1 1
 0 3 3 7 2 1 7 3 3 3 2 2 2 1 4 4 3 3 2 2 3 1 1 2 1 2 4 3 2 0 4 3 3 4 4 2 2
 4 1 2 4 1 4 1 4 4 2 1 7 7 0 2 3 3 3 1 4 4 4 2 4 4 4 2 2 1 1 7 2 4 1 1 3 2
 1 1 1 3 3 3 4 1 1 1 1 2 3 3 2 7 1 3 2 4 3 7 0 3 4 3 4 1 7 1 3 1 1]
 Dunn Index 52 : 0.153817785681
---------------------------------------------------------------------------------------------------------
chromosome 53 : [-0.11695159 -0.11179966 -0.00740987 ...,  0.          0.          0.        ]
 Objectives (Sil) : 0.335216775477
 Objectives (PBM) : 1.31273555726
Cluster size 53 :3
Predicted Label for 53: [1 2 0 2 0 2 0 1 1 0 2 1 1 1 2 1 2 2 2 2 2 1 0 1 0 0 2 0 0 2 0 2 2 2 1 1 0
 1 0 2 2 2 0 1 1 0 2 1 0 2 0 2 2 2 2 2 0 1 0 2 2 0 2 2 2 2 2 1 1 2 2 0 2 1
 2 2 2 1 2 1 0 1 0 0 1 0 0 2 2 2 2 1 2 1 0 2 0 2 2 1 2 2 2 2 2 2 0 0 2 2 1
 0 0 1 0 1 1 2 0 1 2 2 1 2 1 0 2 0 1 0 2 0 2 2 0 0 1 2 0 1 0 2 1 0 0 0 2 1
 2 1 1 2 0 0 2 1 1 2 2 2 0 0 0 1 0 2 2 2 2 2 2 2 0 2 0 2 2 2 0 2 2 1 0 0 2
 1 2 0 0 1 2 2 2 2 2 2 2 2 2 1 2 1 2 2 0 2 2 2 1 2 0 2 1 1 1 2 2 2 1 1 2 1
 1 2 2 0 2 2 1 2 2 2 2 0 0 2 1 1 2 2 2 2 0 0 0 0 2 0 2 1 1 2 2 2 1 2 0 2 2
 2 0 1 0 2 2 2 2 1 2 0 2 2 1 2 1 1 2 2 1 2 2 2 1 0 2 2 2 0 0 1 2 2 2 2 0 0
 2 2 2 2 1 1 2 2 2 2 1 1 1 0 2 2 2 2 1 1 2 0 0 1 0 1 2 2 1 2 2 2 2 2 2 1 1
 2 1 1 2 0 2 0 2 2 1 0 2 2 2 1 2 2 2 0 2 2 2 1 2 2 2 1 1 1 0 2 1 2 0 1 2 1
 1 0 1 2 2 2 2 0 0 0 0 1 2 2 1 2 0 2 1 2 2 2 2 2 2 2 2 1 2 0 2 0 0]
 Dunn Index 53 : 0.120836811039
---------------------------------------------------------------------------------------------------------
chromosome 54 : [  5.55111512e-17   0.00000000e+00   0.00000000e+00 ...,   0.00000000e+00
   0.00000000e+00   0.00000000e+00]
 Objectives (Sil) : 0.210743896932
 Objectives (PBM) : 0.202413801645
Cluster size 54 :18
Predicted Label for 54: [ 2  1  4  6  3  7  3 13  4  4 15 11  5  2  1  5  6  6 15  6  6  2  5 12  5
  4  7  3  4  6  4  7  1  7  2  2  3 17  4  6  6  6  4 14 12  3  7 14  3  6
  3  1  7  1 15  7  4  5  3  7  1  3  7  1  7  1 15  2  4  6  6  3  1 14  1
  6  7  5  1 12  3 14  3  3 12  3  3  1  6  6  7  2  7  5  4 10  4  7  9  5
  6 15  6  6  6  7 14  4  1  6  4  4  3 12  3  2  5  7  3 14  6  7 14  7  4
  0 10  3 14  3  6  3  1  7  3  3  5  7  5 14 14  1 14  3  3  3 15  5  7  5
  5  1  3  3  6 14  5  6  7  1  3  4  3 12  3  6  6  6  7  7  6 15  3 15  3
  6  6  7  3  1  7  2  3  3  7 14  1  3  3 13  1 15  7 15  6  7  7 15  1 12
  1  5 15  7  4  7  6  1 12  6  4  7  5 14  2 15  6  7  2 14  1  2 14 15  7
  3  7  7  5  6  6  7  6  3  3  1 14 12 15  7 15  7  3  3  3  4  6  4 15  5
  5  6  7  7  2  7  4  7  1  7  3  2  3  1  7 15  7  2  8  3  7  6  2  7  4
  2  7  1 14  7  1  7  2  4  7 15  6  3  3 14 15 15  7  1  3  3  6  1  1  6
 11  4  6  1  7  7  2 11  2  4  1  1  7  7  2  2 15  3  4  2  5 12  1  1 14
  6  1 15  7 15  1  4 11  1  5  2  1  3  1  4 15 15 14  4  6  6  6 13  7  1
  7  3 15  1  1 14 15  1  1  2 14 14  3  6  4  1  3 14  7  2  5  5 14  1  7
  7 15  3  4  3  3 14  7  7 14  6  3  7 12  1  7  6  6  1  1  1  1 14  6  3
  1  3  4]
 Dunn Index 54 : 0.150048186757
---------------------------------------------------------------------------------------------------------

-------------------------------------------------------------------------------------------------------------

-------------------------------------------------------------------------------------------------------------

 Maximum dunn_index for 6th chromosome : 0.769377151587

 Maximum silhouette score : 0.539041165497

 Maximum pbm index : 2.40151724978
Final label corresponding to max Dunn for 6 chromosome : [0 1 0 1 0 1 0 0 0 0 1 0 0 0 1 0 1 1 1 1 1 0 0 0 0 0 1 0 0 1 0 1 1 1 0 0 0
 0 0 1 1 1 0 0 0 0 1 0 0 1 0 1 1 1 1 1 0 0 0 1 1 0 1 1 1 1 1 0 0 1 1 0 1 0
 1 1 1 0 1 0 0 0 0 0 0 0 0 1 1 1 1 0 1 0 0 1 0 1 1 0 1 1 1 1 1 1 0 0 1 1 0
 0 0 0 0 0 0 1 0 0 1 1 0 1 0 2 1 0 0 0 1 0 1 1 0 0 0 1 0 0 0 1 0 0 0 0 1 0
 1 0 0 1 0 0 1 0 0 1 1 1 0 0 0 0 0 1 1 1 1 1 1 1 0 1 0 1 1 1 0 1 1 0 0 0 1
 0 1 0 0 0 1 1 1 1 1 1 1 1 1 0 1 0 1 1 0 1 1 1 0 1 0 1 0 0 0 1 1 1 0 0 1 0
 0 1 1 0 1 1 0 1 1 1 1 0 0 1 0 0 1 1 1 1 0 0 0 0 1 0 1 0 0 1 1 1 0 1 0 1 1
 1 0 0 0 1 1 1 1 0 1 0 1 1 0 1 0 0 1 1 0 1 1 1 0 0 1 1 1 0 0 0 1 1 1 1 0 0
 1 1 1 1 0 0 1 1 1 1 0 0 0 0 1 1 1 1 0 0 1 0 0 0 0 0 1 1 0 1 1 1 1 1 1 0 0
 1 0 0 1 0 1 0 1 1 0 0 1 1 1 0 1 1 1 0 1 1 1 0 1 1 1 0 0 0 0 1 0 1 0 0 1 0
 0 0 0 1 1 1 1 0 0 0 0 0 1 1 0 1 0 1 0 1 1 1 1 1 1 1 1 0 1 0 1 0 0]

 No of clusters detected automatically : 3
 For chromosome : 6