Initial Clusters : [7, 15, 10, 13, 4, 18, 4, 10, 12, 19, 14, 15, 16, 6, 7, 20, 6, 11, 4, 14, 10, 7, 15, 6, 7, 17, 4, 7, 14, 6, 10, 15, 2, 20, 16, 2, 3, 17, 16, 4, 2, 17, 5, 7, 13, 15, 2, 7, 19, 19, 20, 16, 4, 13, 20]
Initial PBM : [15.264967724446775, 16.531339948773375, 10.101739577473717, 20.73830742114508, 16.595991782633348, 21.83596713218556, 30.086776633668084, 9.802702770512523, 10.762956724507484, 10.486910740389702, 8.711294269758238, 17.37560581815527, 12.37626153116162, 25.93640417958845, 29.40575573686262, 11.33283354718675, 17.13433224130367, 15.288863908528759, 38.21769681165962, 16.26304549752507, 9.776621610929752, 19.787255472279767, 17.522144157466613, 11.665242387985929, 10.742198495961377, 11.037675903329575, 17.685043810546357, 9.5543867379113, 13.48103773844875, 22.006957995858425, 37.54551633570539, 23.78729782917855, 14.16331111975362, 12.45146717700865, 17.09342557837037, 14.415389635585235, 12.21958394978953, 14.402111167687707, 9.405222291968805, 12.790832453755257, 14.3888722651162, 7.852448433700029, 29.05145146759768, 66.66728664081263, 16.941454188814813, 13.484891774719069, 14.398579506906279, 17.486445045354067, 9.11408034622006, 15.02456318571768, 18.916595673216438, 11.504724070674145, 24.099533249633694, 10.656666464567722, 10.281888406383692]
Initial Sil score : [0.32349740593020604, 0.26537338662798021, 0.22844399679840993, 0.29463642322110012, 0.40121978010251041, 0.28764647858936482, 0.43528853014360425, 0.27074932745615937, 0.23311171353940954, 0.2432533218288552, 0.24443059887648172, 0.26597567328544214, 0.27532151974453023, 0.3866345436575282, 0.37721561774248014, 0.24291411996357082, 0.31553485114199525, 0.29409404485342799, 0.45042904350425905, 0.26342726947880624, 0.22596351288981767, 0.3333935428155208, 0.23374523600551253, 0.29351180469232635, 0.285557986585115, 0.26090125744585041, 0.40252492102145299, 0.22003651416024639, 0.24641070007397867, 0.38299590796498678, 0.33915582141290168, 0.29107747024120184, 0.49576326948823113, 0.26050391090498065, 0.25252898894800246, 0.50205502755841069, 0.40253487717380054, 0.24448118990910953, 0.23484228961317247, 0.3684449267840319, 0.50032781413054173, 0.20226201710738756, 0.42067835444936041, 0.2654278211518773, 0.26486273731072091, 0.27500984817569113, 0.50081031814244803, 0.34036748262835903, 0.22809873073351125, 0.25089340841072377, 0.24270780630992053, 0.24008595425625748, 0.42532694244668107, 0.25024130219568802, 0.19690398959738703]
Initial Dunn : [0.0072859245879494817, 0.0096115717781067173, 0.0064384074613857969, 0.0093112534423097238, 0.0060679842609286522, 0.0099408831622998083, 0.00923489202060967, 0.0080883615142099703, 0.0067998848889154256, 0.011630319747528629, 0.0068716556688632035, 0.0081749288743111822, 0.0073243938033721277, 0.011515648293068623, 0.0110412304325266, 0.0097282093227443033, 0.0079508067953964097, 0.0096769891690113904, 0.0083968315385783907, 0.010500343406184684, 0.0062229541343313969, 0.0096564941739765535, 0.0084269804672072509, 0.006668264951248155, 0.0082552537873918086, 0.0090159929980425848, 0.009035531919537515, 0.0071928833026807578, 0.0072994799966743318, 0.006374367802721965, 0.011185381053145597, 0.010828967228934042, 0.0087762797234293005, 0.0094586363818621091, 0.0085328302079464655, 0.0055383715358527444, 0.0081128669994517365, 0.01077325324983076, 0.010134811310981429, 0.0079385590272861052, 0.0071110559325724262, 0.0083971110943737992, 0.0096240604519957588, 0.013302236576747299, 0.0077049916243419709, 0.010977936496173067, 0.0071209812338622466, 0.0079887485864980658, 0.0093476056144044858, 0.0089213185290883922, 0.0097415325701382827, 0.0093622363677360581, 0.0062177732790567944, 0.0087375480034243558, 0.0070169885720764054]
Max Dunn and corresponding cluster, PBM, Sil : 0.0133022365767,7,66.6672866408,0.265427821152
------------------------------------------------------------------------------------------
-------------------------------------------------------------------------------------------------------------------------

-------------------------------------------------------------------------------------------------------------------------

-------------------------------------------------------------------------------------------------------------------------

-------------------------------------------------------------------------------------------------------------------------

-------------------------------------------------------------------------------------------------------------------------

-------------------------------------------------------------------------------------------------------------------------

-------------------------------------------------------------------------------------------------------------------------

-------------------------------------------------------------------------------------------------------------------------

-------------------------------------------------------------------------------------------------------------------------

-------------------------------------------------------------------------------------------------------------------------

-------------------------------------------------------------------------------------------------------------------------

-------------------------------------------------------------------------------------------------------------------------

-------------------------------------------------------------------------------------------------------------------------

-------------------------------------------------------------------------------------------------------------------------

-------------------------------------------------------------------------------------------------------------------------

-------------------------------------------------------------------------------------------------------------------------

-------------------------------------------------------------------------------------------------------------------------

-------------------------------------------------------------------------------------------------------------------------

-------------------------------------------------------------------------------------------------------------------------

-------------------------------------------------------------------------------------------------------------------------

-------------------------------------------------------------------------------------------------------------------------

-------------------------------------------------------------------------------------------------------------------------

-------------------------------------------------------------------------------------------------------------------------

-------------------------------------------------------------------------------------------------------------------------

-------------------------------------------------------------------------------------------------------------------------

-------------------------------------------------------------------------------------------------------------------------

-------------------------------------------------------------------------------------------------------------------------

-------------------------------------------------------------------------------------------------------------------------

-------------------------------------------------------------------------------------------------------------------------

-------------------------------------------------------------------------------------------------------------------------

-------------------------------------------------------------------------------------------------------------------------

-------------------------------------------------------------------------------------------------------------------------

-------------------------------------------------------------------------------------------------------------------------

-------------------------------------------------------------------------------------------------------------------------

-------------------------------------------------------------------------------------------------------------------------

-------------------------------------------------------------------------------------------------------------------------

-------------------------------------------------------------------------------------------------------------------------

-------------------------------------------------------------------------------------------------------------------------

-------------------------------------------------------------------------------------------------------------------------

-------------------------------------------------------------------------------------------------------------------------

-------------------------------------------------------------------------------------------------------------------------

-------------------------------------------------------------------------------------------------------------------------

-------------------------------------------------------------------------------------------------------------------------

-------------------------------------------------------------------------------------------------------------------------

-------------------------------------------------------------------------------------------------------------------------

-------------------------------------------------------------------------------------------------------------------------

-------------------------------------------------------------------------------------------------------------------------

-------------------------------------------------------------------------------------------------------------------------

-------------------------------------------------------------------------------------------------------------------------

-------------------------------------------------------------------------------------------------------------------------

chromosome 0 : [  8.30129889e-317   8.30128703e-317   8.30127517e-317 ...,
   5.63478233e-316   5.63544517e-316   5.63544398e-316]
 Objectives (Sil) : 0.458032964435
 Objectives (PBM) : 196.352703304
Cluster size 0 :7
Predicted Label for 0: [2 4 3 5 4 3 4 4 4 2 4 2 5 2 2 3 3 5 1 3 6 3 2 3 3 3 4 2 3 2 5 3 4 3 3 5 5
 3 3 3 3 4 3 3 3 5 4 2 3 3 3 4 4 4 3 3 3 5 3 4 6 3 5 3 2 5 5 5 3 4 6 3 4 3
 3 2 3 5 2 5 5 6 3 4 5 4 6 3 4 4 5 6 2 3 3 5 5 5 5 3 2 3 3 2 2 4 6 3 4 1 3
 6 5 3 6 3 4 6 4 4 5 5 2 3 3 0 1 3 5 5 5 5 5 4 5 6 6 4 3 2 3 2 2 2 5 6 4 3
 3 2 5 5 5 2 6 2 4 6 3 3 5 5 5 6 6 5 2 3 4 6 5 3 5 5 5 4 6 4 6 4 5 3 3 6 4
 6 1 1 5 3 1 6 4 3 5 5 5 5 3 4 6 5 1 5 5 5 4 6 3 2 4 6 2 4 4 5 4 5 1 5 4 3
 3 3 3 6 4 3 6 4 5 2 3 5 3 3 4 3 5 3 4 4 4 4 3 5 4 5 3 3 2 3 5 6 2 3 5 3 3
 6 4 2 3 2 3 4 4 1 3 5 3 1 5 5 4 4 2 1 2 6 4 4 3 5 6 3 5 6 2 3 3 6 5 2 3 3
 4 5 5 3 5 5 4 5 6 5 4 5 4 4 5 5 3 3 3 3 3 5 4 5 5 5 4 3 2 3 2 1 6 5 4 1 2
 4 5 3 3 6 3 4 4 5 3 5 3 2 4 3 3 2 4 3 6 4 3 3 5 4 5 2 4 3 5 2 1 4 3 5 3 4
 2 6 5 5 5 3 6 5 5 4 6 5 4 2 5 5 3 4 3 4 3 5 4 5 5 1 3 3 4 4 3 6 5]
 Dunn Index 0 : 0.0252280832512
---------------------------------------------------------------------------------------------------------
chromosome 1 : [ 3.11166505  2.66859429  2.37266133 ...,  0.          0.          0.        ]
 Objectives (Sil) : 0.346566020155
 Objectives (PBM) : 35.5214841752
Cluster size 1 :14
Predicted Label for 1: [10  3  5 12  7  5  3  3  3 10  3 10 13 10 10 11  7 13 10 11  9  5 10 11 11
  5  7 10 11 10  9 11  3  5  7 13 13 11 11  7  5  3 11  7 11 12  3 10 11  5
  7  3  3  7  5  7 11 13  5  3  4 11 12 11 10 13 13 13 11  3  6  5  7  7  7
 10  5 13 10 13  9  6 11  3 13  3  6  5  3  7  9  6 10  7  5 12  9 12 12 11
 10  5  5 10 10  3  9  7  3  8 11  6 12 11  0 11  3  6  3  3  9 12 10  5  5
  8  8  7 12  9 13 13 13  7  9  4  6  3  5 10  5 10  3 10  9  6  7  7  5 10
 12 13  9 10  6 10  7  6  5  7  9 12  9  6  6 12 10  7  3  6  9 11 13 12 12
  3  9  3  6  7  9 11  5  1  3  4  8  8 13 11 10  6  3  5 13  9  9 13  5  3
  9 12  8  9 12 12  3  4 11 10  3  6 10  3  7 13  3 13  8 12  3  5 11 11  5
  4  7 11  9  3  9  3 11 12  7  7  3 11 13  5  7  3  7  7  5 13  3 12  7 11
 10  5  9  9 10 11  9  5 11  6  7 10 11  3 11  7  3  8 11 12  5  8 12 13  3
  3 10  8 10  4  3  3  5 13  6  5 13  6  3  7  7  6 13 10 11  5  7 13 12  5
 12 13  3 13  9 12  3 13  7  3 12 12 12  5 11 11  5 12  3 12 12 12  3 11 10
  5 10  8  6 12  3  8 10  3 13  5  5  4 11  3  7 12  5  9 11 10  3 11  5 10
  7 11  6  3  7  7 13  7 13 10  3  5  9 10  8  3  7 13  5  7  3  2 13 12 13
  5  2 13 13  3  6 12  7  3  9 12  7  3 11  3  5  9  7 12 12  8 11 11  3  7
 11  6 13]
 Dunn Index 1 : 0.0118768353906
---------------------------------------------------------------------------------------------------------
chromosome 2 : [ 169.77760982  169.99572293  169.97141186 ...,    0.            0.            0.        ]
 Objectives (Sil) : 0.365078113025
 Objectives (PBM) : 28.9109432876
Cluster size 2 :15
Predicted Label for 2: [13 14 11  9 12 11 14 14 14 13 14 13 10 13 13 11 12 10 13 11  8 11 13 11 11
  9 12 13 11 13  8 12 14 11 12 10 10 12 11 12 11 14 12 12 12  9 14 13 11  9
 12 14 14 12 11 12 11 10 11 14  5 11  9 11 13 10  9 10 11 14  7 11 12 12 12
 13 11 10 13 10  8  7 12 14 10 14  7 11 14 12  8  4 13 12 11  9  8  9  9 12
 13  9 11 13 13 14  8 12 14  6 11  4  9 11  0 11 14  7 14 14  8  9 13 11 11
  6  6 12  9  8 10 10 10 12  8  5  7 14 11 13  9 13 14 13  8  7 12 12 11 13
  9 10  8 13  7 13 12  7 11 12 10  9  8  7  7  9 13 12 14  7  8 11 10  9  9
 14  8 14  7 12  8 11 11  1 14  4  6  6 10 11 13  7 14 11 10  8  8 10 11 14
  8  9  6  8  9  9 14  4 12 13 14  7 13 14 12 10 14 10  6  9 14 11 11 11 11
  4 12 11  8 14  8 14 12  9 12 12 14 11 10 11 14 14 12 12 11 10 14  9 12 12
 13  9  8  8 13 11  8 11 11  7 12 13 11 14 11 12 14  6 12  9 11  6  9 10 14
 14 13  6 13  4 14 14  9 10  4 11  9  7 14 12 12  7 10 13 12 11 12 10  9 11
  9 10 14 10  8  9 14 10 12 14  9  9  9 11 11 11 11  9 14  9  9  9 14 11 13
 11 13  6  7  9 14  6 13 14 10 11 11  5 12 14 12  9 11  8 12 13 14 11 11 13
 12 11  7 14 12 12 10 12 10 13 14 11  8 13  6 14 12 10 11 12 14  3 10  9 10
 11  2 10 10 14  4  9 12 14  8  9 12 14 11 14 11  8 12  9  9  6 11 12 14 12
 12  7 10]
 Dunn Index 2 : 0.0102137253893
---------------------------------------------------------------------------------------------------------
chromosome 3 : [ 32.01952833  31.88376272  31.61549061 ...,   0.           0.           0.        ]
 Objectives (Sil) : 0.440015883226
 Objectives (PBM) : 48.6125666188
Cluster size 3 :7
Predicted Label for 3: [6 5 4 4 5 4 5 5 5 6 5 6 3 6 6 4 5 3 0 4 2 4 6 4 4 4 5 6 4 6 2 4 6 4 5 3 3
 4 4 4 4 6 4 5 4 3 6 6 4 4 5 5 5 5 4 5 4 3 4 6 2 4 3 4 6 3 3 3 4 6 2 4 5 5
 5 6 4 3 6 3 3 2 4 6 3 5 2 4 5 5 3 2 6 5 4 3 2 3 3 4 6 4 4 6 6 6 2 4 5 0 4
 2 3 4 1 4 6 2 6 5 2 4 6 4 4 0 0 5 3 3 3 3 3 5 3 1 2 5 4 6 4 6 6 6 2 2 5 5
 4 6 3 3 2 6 2 6 5 2 4 5 3 3 3 2 2 3 6 5 5 2 2 4 3 3 3 6 2 5 2 5 3 4 4 1 5
 2 0 0 3 4 0 2 5 4 3 3 2 3 4 6 2 3 0 3 3 3 5 2 4 6 5 2 6 5 5 3 5 3 0 3 6 4
 4 4 4 2 5 4 2 5 3 6 4 3 5 4 5 4 3 4 5 5 5 5 4 3 6 4 5 4 6 4 3 2 6 4 3 4 4
 2 5 6 4 6 4 5 6 0 4 3 4 0 4 3 5 6 6 0 6 2 5 5 4 3 2 4 3 2 6 5 5 2 3 6 4 4
 5 3 3 4 3 3 6 3 2 3 5 3 5 5 3 3 4 4 4 4 4 3 5 3 3 3 6 4 6 4 6 0 2 3 5 0 6
 6 3 4 4 2 4 6 5 3 4 2 4 6 6 4 4 6 5 4 2 5 5 5 3 5 3 6 6 4 2 6 0 5 5 3 4 5
 6 1 3 4 3 4 1 3 3 5 2 3 5 6 3 3 5 5 4 6 4 3 5 3 3 0 4 4 5 5 4 2 3]
 Dunn Index 3 : 0.00884505828216
---------------------------------------------------------------------------------------------------------
chromosome 4 : [  8.30129889e-317   8.30128703e-317  -2.90174719e-001 ...,
   0.00000000e+000   0.00000000e+000   0.00000000e+000]
 Objectives (Sil) : 0.806300957133
 Objectives (PBM) : 95.2226183112
Cluster size 4 :2
Predicted Label for 4: [0 0 0 0 0 0 0 0 0 0 0 0 0 0 0 0 0 0 0 0 0 0 0 0 0 0 0 0 0 0 0 0 0 0 0 0 0
 0 0 0 0 0 0 0 0 0 0 0 0 0 0 0 0 0 0 0 0 0 0 0 0 0 0 0 0 0 0 0 0 0 0 0 0 0
 0 0 0 0 0 0 0 0 0 0 0 0 0 0 0 0 0 0 0 0 0 0 0 0 0 0 0 0 0 0 0 0 0 0 0 0 0
 0 0 0 0 0 0 0 0 0 0 0 0 0 0 1 0 0 0 0 0 0 0 0 0 0 0 0 0 0 0 0 0 0 0 0 0 0
 0 0 0 0 0 0 0 0 0 0 0 0 0 0 0 0 0 0 0 0 0 0 0 0 0 0 0 0 0 0 0 0 0 0 0 0 0
 0 0 0 0 0 0 0 0 0 0 0 0 0 0 0 0 0 0 0 0 0 0 0 0 0 0 0 0 0 0 0 0 0 0 0 0 0
 0 0 0 0 0 0 0 0 0 0 0 0 0 0 0 0 0 0 0 0 0 0 0 0 0 0 0 0 0 0 0 0 0 0 0 0 0
 0 0 0 0 0 0 0 0 0 0 0 0 0 0 0 0 0 0 0 0 0 0 0 0 0 0 0 0 0 0 0 0 0 0 0 0 0
 0 0 0 0 0 0 0 0 0 0 0 0 0 0 0 0 0 0 0 0 0 0 0 0 0 0 0 0 0 0 0 0 0 0 0 0 0
 0 0 0 0 0 0 0 0 0 0 0 0 0 0 0 0 0 0 0 0 0 0 0 0 0 0 0 0 0 0 0 0 0 0 0 0 0
 0 0 0 0 0 0 0 0 0 0 0 0 0 0 0 0 0 0 0 0 0 0 0 0 0 0 0 0 0 0 0 0 0]
 Dunn Index 4 : 0.61217405425
---------------------------------------------------------------------------------------------------------
chromosome 5 : [ 169.56235179  169.99299599  169.96005439 ...,    0.            0.            0.        ]
 Objectives (Sil) : 0.391846952403
 Objectives (PBM) : 85.2570662909
Cluster size 5 :14
Predicted Label for 5: [12 11 13 10  2 13 11 11 11 12 11 12  9 12 12 13  2  9  7 13  8 13 12 13 13
 13  2 12 13 12  9  2 11 13  2 10 10  2 13  2 13 11  2  2  2 10 11 12 13 13
  2 11 11  2 13  2 13  9 13 11  5 13 10 13 12 10 10  9 13 11  8 13  2  2  2
 12 13 10 12 10  9  8  2 11  9 11  8 13 11  2  9  5 12  2 13 10  9 10 10  2
 12 13 13 12 12 11  8  2 11  6 13  5 10 13  1 13 11  8 11 11  9 10 12 13 13
  0  7  2 10  9  9 10 10  2  9  5  8 11 13 12 13 12 12 12  9  8  2  2 13 12
 10  9  9 12  8 12  2  8 13  2  9 10  9  8  8 10 12  2 11  8  9 13  9 10 10
 11  8 11  8  2  9 13 13  3 11  5  7  6 10 13  7  8 11 13 10  9  9 10 13 11
  8 10  7  9 10 10 11  5  2 12 11  8 12 11  2  9 11 10  7 10 11 13 13 13 13
  5  2 13  8 11  9 11  2 10  2  2 11 13 10 13 11 11  2  2 13  9 11 10  2  2
 12 13  9  8 12 13  9 13 13  8  2 12 13 12 13  2 11  7  2 10 13  7 10 10 11
 11 12  7 12  5 11 11 13  9  5 13 10  8 11  2  2  8 10 12  2 13  2  9 10 13
 10 10 11  9  8 10 11  9  2 11 10 10 13 13  2 13 13 10 11 10 10 10 11 13 12
 13 12  7  8 10 11  7 12 11  9 13 13  5  2 11  2 10 13  9  2 12 11 13 13 12
  2 13  8 11  2  2 10  2 10 12 11 13  9 12  7 11  2 10 13 11 12  4 10 10 10
 13  4 10 10 11  5 10  2 11  9 10  2 11 13 11 13  9  2 10 10  7 13  2 11  2
  2  8  9]
 Dunn Index 5 : 0.0724894677916
---------------------------------------------------------------------------------------------------------
chromosome 6 : [  8.30129889e-317   8.30128703e-317  -2.90174719e-001 ...,
   0.00000000e+000   0.00000000e+000   0.00000000e+000]
 Objectives (Sil) : 0.46072254507
 Objectives (PBM) : 231.650178191
Cluster size 6 :6
Predicted Label for 6: [3 5 4 0 5 4 5 5 5 3 5 3 0 3 5 4 4 0 3 4 2 4 3 4 4 4 5 3 4 3 0 4 5 4 4 0 0
 4 4 4 4 5 4 4 4 0 5 3 4 4 4 5 5 5 4 4 4 0 4 5 2 4 0 4 3 0 0 0 4 5 2 4 4 4
 4 3 4 0 3 0 0 2 4 5 0 5 2 4 5 5 0 2 3 4 4 0 0 0 0 4 3 4 4 3 5 5 2 4 5 3 4
 2 0 4 2 4 5 2 5 5 0 0 3 4 4 1 3 4 0 0 0 0 0 5 0 2 2 5 4 3 4 3 5 3 0 2 5 4
 4 3 0 0 0 3 2 5 5 2 4 4 0 0 0 2 2 0 5 4 5 2 0 4 0 0 0 5 2 5 2 5 0 4 4 2 5
 2 3 3 0 4 3 2 5 4 0 0 0 0 4 5 2 0 3 0 0 0 5 2 4 5 5 2 3 5 5 0 5 0 3 0 5 4
 4 4 4 2 4 4 2 5 0 5 4 0 4 4 5 4 0 4 5 5 5 5 4 0 5 0 4 4 3 4 0 2 3 4 0 4 4
 2 5 3 4 5 4 5 5 3 4 0 4 3 0 0 5 5 3 3 3 2 5 5 4 0 2 4 0 2 5 4 4 2 0 3 4 4
 5 0 0 4 0 0 5 0 2 0 5 0 5 5 0 0 4 4 4 4 4 0 5 0 0 0 5 4 3 4 5 3 2 0 5 3 3
 5 0 4 4 2 4 5 4 0 4 0 4 3 5 4 4 3 4 4 2 5 4 4 0 5 0 3 5 4 0 5 3 5 4 0 4 5
 5 2 0 0 0 4 2 0 0 5 2 0 4 5 0 0 4 5 4 5 4 0 5 0 0 3 4 4 5 5 4 2 0]
 Dunn Index 6 : 0.0282421288071
---------------------------------------------------------------------------------------------------------
chromosome 7 : [ 0.3968752   0.00955106 -0.26605569 ...,  0.          0.          0.        ]
 Objectives (Sil) : 0.425246107726
 Objectives (PBM) : 195.231154603
Cluster size 7 :9
Predicted Label for 7: [6 7 8 4 7 4 7 7 7 6 7 6 2 6 6 8 8 2 1 8 2 8 6 8 8 4 7 6 8 6 2 8 7 8 8 4 4
 8 8 8 8 7 8 8 8 4 7 6 8 4 8 7 7 7 8 8 8 2 8 7 3 8 4 8 6 4 4 2 8 7 3 8 7 8
 8 6 8 4 6 4 2 3 8 7 2 7 3 4 7 7 2 3 6 8 8 4 2 4 4 8 6 4 8 6 6 7 2 8 7 1 8
 3 4 8 5 8 7 3 7 7 2 4 6 8 8 0 1 8 4 2 2 4 4 7 2 3 3 7 8 6 4 6 6 6 2 3 7 8
 8 6 4 2 2 6 3 6 7 3 8 8 2 4 2 3 3 4 6 8 7 3 2 8 2 4 4 7 2 7 3 7 2 8 8 5 7
 3 1 1 4 8 1 3 7 8 4 2 2 4 8 7 2 4 1 2 4 4 7 3 8 6 7 3 6 7 7 2 7 4 1 4 7 8
 8 8 8 3 7 8 2 7 2 6 8 4 8 8 7 8 4 8 7 7 7 7 8 2 7 4 8 8 6 4 2 2 6 8 2 8 8
 3 7 6 8 6 8 7 7 1 8 4 8 1 4 4 7 7 6 1 6 3 7 7 4 2 3 8 4 3 6 8 8 3 4 6 8 4
 7 2 4 8 4 4 7 2 2 4 7 2 7 7 4 4 4 8 8 8 8 4 7 4 4 4 7 8 6 8 6 1 3 4 7 1 6
 7 2 8 8 3 8 7 7 4 8 2 8 6 7 8 8 6 8 8 3 7 8 8 4 7 4 6 7 8 2 6 1 7 8 4 8 7
 6 5 4 4 4 8 5 4 4 7 3 4 7 6 2 4 8 7 8 7 8 2 7 4 4 1 8 8 7 7 8 3 2]
 Dunn Index 7 : 0.0630594196909
---------------------------------------------------------------------------------------------------------
chromosome 8 : [ 0.47778379  0.01410539 -0.27909954 ...,  0.          0.          0.        ]
 Objectives (Sil) : 0.391773940982
 Objectives (PBM) : 140.196350414
Cluster size 8 :11
Predicted Label for 8: [ 6  7  0  4  1  0  7  7  7  6  7  6  4  6 10  0  1  4  9  0  3  0  6  0  0
  0  1 10  0 10  3  1  7  0  1  4  4  1  0  1  0  7  1  1  1  4 10  6  0  0
  1  7  7  1  0  1  0  4  0  7  2  0  4  0 10  4  4  4  0  7  2  0  1  1  1
 10  0  4  6  4  3  3  1 10  4  7  2  0  7  1  3  2  6  1  0  4  3  4  4  1
 10  0  0  6 10  7  3  1  7  9  0  2  4  0  5  0  7  3  7  7  3  4  6  0  0
  8  9  1  4  3  3  4  4  1  3  2  2  7  0 10  0  6 10 10  3  3  1  1  0  6
  4  4  3 10  2 10  1  2  0  1  3  4  3  2  2  4 10  1  7  3  3  0  4  4  4
  7  3  7  2  1  3  0  0  5  7  2  9  9  4  0  9  3  7  0  4  3  3  4  0  7
  3  4  9  3  4  4  7  2  1 10  7  2  6  7  1  3  7  4  9  4  7  0  0  0  0
  2  1  0  3  7  3 10  1  4  1  1  7  0  4  0  7  7  1  1  0  3  7  4  1  1
  6  0  3  3  6  0  3  0  0  2  1 10  0 10  0  1  7  9  1  4  0  9  4  4  7
  7 10  9  6  2  7  7  0  4  2  0  4  3 10  1  1  3  4 10  1  0  1  4  4  0
  4  4  7  4  3  4  7  4  1  7  4  4  0  0  1  0  0  4  7  4  4  4  7  0  6
  0 10  9  3  4  7  9  6  7  4  0  0  2  1  7  1  4  0  3  1  6  7  0  0 10
  1  0  3  7  1  1  4  1  4 10  7  0  3 10  9  7  1  4  0  7 10  5  4  0  4
  0  5  4  4  7  2  4  1 10  3  4  1  7  0  7  0  3  1  4  4  9  0  1  7  1
  1  2  3]
 Dunn Index 8 : 0.0571613350482
---------------------------------------------------------------------------------------------------------
chromosome 9 : [ 0.46112559  0.01295535 -0.26928707 ...,  0.          0.          0.        ]
 Objectives (Sil) : 0.334525923343
 Objectives (PBM) : 76.0386471248
Cluster size 9 :18
Predicted Label for 9: [15  3 16  4  5  4  3  3  3 15  3 15  2 15 14 16  5  2  9 16 12 16 14 16 16
  4  5 14 16 14 12 16 17 16  5  2  2 16 16  5 16 17 16  5 16  2 17 15 16  4
  5  3  3  5 16  5 16  2  4 17 13 16  2 16 14  2  2  2 16 17 13  4  5  5  5
 14 16  2 14  2 12 12 16 17  2  3 13  4 17  5 12 13 15  5  4  2 12  2  2 16
 14  4  4 15 14 17 12  5  3  6 16 13  4 16 10 16 17 12 17 17 12  4 15  4 16
  0  8  5  2 12  2  2  2  5 12 13 13 17  4 14  4 15 14 14 12 12  5  5  4 15
  2  2 12 14 13 14  5 13  4  5 12  2 12 13 12  2 14  5 17 12 12 16  2  2  2
 17 12  3 13  5 12  4  4 10  3 13  8  1  2 16  9 12  3 16  2 12 12  2  4 17
 12  2  9 12  2  2  3 13 16 14  3 13 15  3  3 12 17  2 11  4 17  4 16 16 16
 13  5 16 12 17 12 17 16  2  5 16  3 16  2  4  3  3  3  5 16 12 17  4  5 16
 15  4 12 12 15 16 12 16 16 13  5 14 16 14 16  5 17 11 16  2 16  8  4  2 17
 17 14  7 15 13  3 17  4  2 13  4  2 12 17  5  5 12  2 14 16  4  5  2  2  4
  4  2 17  2 12  2 17  2  5  3  4  2  4  4 16 16  4  4  3  2  4  4 17 16 15
  4 14  9 12  2  3  9 15 17  2  4  4 13 16 17  5  2  4 12 16 15 17  4  4 14
  5 16 12  3  5  5  2  5  2 14 17  4 12 14  9  3  5  2  4  3 14 10  2  4  2
  4 10  2  2  3 13  2  5 17 12  2  5  3 16 17  4 12  5  2  2  9 16 16  3  5
 16 13 12]
 Dunn Index 9 : 0.0719180060394
---------------------------------------------------------------------------------------------------------
chromosome 10 : [ 0.47420851  0.01273544 -0.2767883  ...,  0.          0.          0.        ]
 Objectives (Sil) : 0.376965797142
 Objectives (PBM) : 48.171307899
Cluster size 10 :20
Predicted Label for 10: [18 19  0  4  1  0 19 19 19 18 19 18  4 18 17  0  1  4 15  0  3  0 17  0  0
  0  1 17  0 17  3  1 19  0  1  4  4  1  0  1  0 19  1  1  1  4 17 18  0  0
  1 19 19  1  0  1  0  4  0 19  2  0  4  0 17  4  4  4  0 19  2  0  1  1  1
 17  0  4 17  4  3  3  1 17  4 19  2  0 19  1  3  2 18  1  0  4  3  4  4  1
 17  0  0 18 17 19  3  1 19 10  0  2  4  0  6  0 19  3 19 19  3  4 18  0  0
  7 13  1  4  3  3  4  4  1  3  2  2 19  0 17  0 18 17 17  3  3  1  1  0 18
  4  4  3 17  2 17  1  2  0  1  3  4  3  2  2  4 17  1 19  3  3  0  4  4  4
 19  3 19  2  1  3  0  0  6 19  2 12  9  4  0 15  3 19  0  4  3  3  4  0 19
  3  4 15  3  4  4 19  2  1 17 19  2 18 19  1  3 19  4 16  4 19  0  0  0  0
  2  1  0  3 19  3 17  1  4  1  1 19  0  4  0 19 19  1  1  0  3 19  4  1  1
 18  0  3  3 18  0  3  0  0  2  1 17  0 17  0  1 19 14  1  4  0 13  4  4 19
 19 17 11 18  2 19 19  0  4  2  0  4  3 17  1  1  3  4 17  1  0  1  4  4  0
  4  4 19  4  3  4 19  4  1 19  4  4  0  0  1  0  0  4 19  4  4  4 19  0 18
  0 17 15  3  4 19 15 18 19  4  0  0  2  1 19  1  4  0  3  1 18 19  0  0 17
  1  0  3 19  1  1  4  1  4 17 19  0  3 17 15 19  1  4  0 19 17  5  4  0  4
  0  5  4  4 19  2  4  1 17  3  4  1 19  0 19  0  3  1  4  4 15  0  1 19  1
  1  2  3]
 Dunn Index 10 : 0.0648629950053
---------------------------------------------------------------------------------------------------------
chromosome 11 : [ 128.33650638  128.168686    128.08348974 ...,    0.            0.            0.        ]
 Objectives (Sil) : 0.449903332161
 Objectives (PBM) : 108.602197581
Cluster size 11 :5
Predicted Label for 11: [2 4 4 3 4 3 4 4 4 2 4 2 3 2 2 4 4 3 2 4 0 4 2 4 4 3 4 2 4 2 0 4 2 4 4 3 3
 4 4 4 4 2 4 4 4 3 2 2 4 3 4 4 4 4 4 4 4 3 3 2 0 4 3 4 2 3 3 3 4 2 0 3 4 4
 4 2 4 3 2 3 3 0 4 2 3 4 0 3 2 4 3 0 2 4 4 3 0 3 3 4 2 3 3 2 2 2 0 4 4 2 4
 0 3 4 0 4 2 0 2 2 0 3 2 3 4 1 2 4 3 3 3 3 3 4 3 0 0 2 4 2 3 2 2 2 0 0 4 4
 3 2 3 3 0 2 0 2 4 0 3 4 3 3 3 0 0 3 2 4 2 0 0 4 3 3 3 2 0 4 0 4 3 4 3 0 4
 0 2 2 3 4 2 0 4 4 3 3 0 3 3 2 0 3 2 3 3 3 4 0 4 2 4 0 2 4 4 3 2 3 2 3 2 4
 4 4 4 0 4 4 0 4 3 2 4 3 4 4 4 4 3 3 4 4 4 4 4 3 2 3 4 4 2 3 3 0 2 4 3 4 4
 0 4 2 4 2 4 4 2 2 4 3 4 2 3 3 2 2 2 2 2 0 4 2 3 3 0 3 3 0 2 4 4 0 3 2 4 3
 4 3 3 4 3 3 2 3 0 3 4 3 4 4 3 3 3 3 4 4 4 3 4 3 3 3 2 4 2 4 2 2 0 3 4 2 2
 2 3 3 4 0 4 2 4 3 4 0 4 2 2 4 3 2 4 4 0 4 4 4 3 4 3 2 2 3 0 2 2 4 4 3 3 4
 2 0 3 3 3 4 0 3 3 4 0 3 4 2 3 3 4 4 4 2 3 3 4 3 3 2 4 4 4 4 4 0 3]
 Dunn Index 11 : 0.0228801503003
---------------------------------------------------------------------------------------------------------
chromosome 12 : [ 0.41929332  0.00968053 -0.24464053 ...,  0.          0.          0.        ]
 Objectives (Sil) : 0.307679503304
 Objectives (PBM) : 86.120875265
Cluster size 12 :18
Predicted Label for 12: [17  1  9 14  3  9  1  7  8 17  8 17 15 17 11  9  3 15  6  9 13  9 11 16  9
  9  1 11 16 11 13 16  7  9 16 15 15 16 16 16  9 10 16  3 16 14  5 17 16 14
  3  7  1  3  9  3 16 15  9  7  4 16 14  9 11 15 14 15  9  7  4  9  3  3  3
 11  9 14 11 15 15 13 16  5 15  1  4  9  8  3 13  4 17  3  9 14 13 14 14 16
 11  9  9 17 11  5 13 16  7  6  9  4 14 16  0  9  7 13  5  8 13 14 17  9  9
 12  6 16 14 13 15 14 15  1 13  4  4  8  9 11 14 17  5 11 13 13  1  3  9 17
 14 15 13 11 13 11  3  4  9  3 15 14 15 13 13 14 11  3  7 13 13  9 15 14 14
 10 13  1  4  3 15  9  9  0  1  4  6  6 15  9 17 13  8  9 15 13 13 15  9  7
 13 14  6 15 14 14  1  4 16 11  8 13 17  8  1 15 10 15  6 14 10  9  9 16  9
  4  3 16 13  8 15  5 16 14  3 16  8 16 15  9  1  8  1  3  9 15 10 14  3 16
 17  9 15 13 17 16 13  9 16  4  1 11  9 11 16  3 10  6 16 14  9  6 14 15  8
 10 11  6 17  4  1  2  9 15  4  9 14 13  5  3  3 13 15 11 16  9  3 15 14  9
 14 15  2 15 13 14  8 15  3  8 14 14 14  9 16 16  9 14  8 14 14 14 10 16 17
  9 11  6 13 14  7  6 17  7 15  9  9  4 16  5  3 14  9 13 16 17  2  9  9 11
  3 16 13  1  3  3 15  3 15 11  5  9 13 11  6  1  3 15  9  1 11  0 15 14 14
  9  0 15 15  8  4 14  3  5 13 14  3  1  9  7  9 15  3 14 14  6 16 16  1  3
 16  4 15]
 Dunn Index 12 : 0.0517866757518
---------------------------------------------------------------------------------------------------------
chromosome 13 : [ 84.67685045  84.9926846   84.82707158 ...,   0.           0.           0.        ]
 Objectives (Sil) : 0.488774631304
 Objectives (PBM) : 15.8435804744
Cluster size 13 :3
Predicted Label for 13: [2 1 1 1 1 1 1 1 2 2 2 2 0 2 2 1 1 0 2 1 0 1 2 1 1 1 1 2 1 2 0 1 2 1 1 0 0
 1 1 1 1 2 1 1 1 1 2 2 1 1 1 1 1 1 1 1 1 0 1 2 0 1 0 1 2 0 0 0 1 2 0 1 1 1
 1 2 1 0 2 0 0 0 1 2 0 1 0 1 2 1 0 0 2 1 1 0 0 0 0 1 2 1 1 2 2 2 0 1 1 2 1
 0 1 1 0 1 2 0 2 2 0 1 2 1 1 2 2 1 0 0 0 0 0 1 0 0 0 2 1 2 1 2 2 2 0 0 1 1
 1 2 0 0 0 2 0 2 1 0 1 1 0 0 0 0 0 1 2 1 2 0 0 1 0 1 0 2 0 1 0 1 0 1 1 0 1
 0 2 2 0 1 2 0 2 1 0 0 0 0 1 2 0 1 2 0 1 0 1 0 1 2 2 0 2 1 1 0 2 0 2 1 2 1
 1 1 1 0 1 1 0 2 0 2 1 0 1 1 2 1 0 1 1 1 1 1 1 0 2 1 1 1 2 1 0 0 2 1 0 1 1
 0 1 2 1 2 1 1 2 2 1 0 1 2 1 0 2 2 2 2 2 0 1 2 1 0 0 1 0 0 2 1 1 0 0 2 1 1
 1 0 0 1 1 0 2 0 0 1 2 0 1 1 1 0 1 1 1 1 1 1 2 0 1 1 2 1 2 1 2 2 0 0 1 2 2
 2 0 1 1 0 1 2 1 0 1 0 1 2 2 1 1 2 1 1 0 1 1 1 0 1 0 2 2 1 0 2 2 1 1 0 1 1
 2 0 0 1 0 1 0 0 0 1 0 0 1 2 0 0 1 1 1 2 1 0 1 0 0 2 1 1 1 1 1 0 0]
 Dunn Index 13 : 0.012343495249
---------------------------------------------------------------------------------------------------------
chromosome 14 : [ 169.77760982  169.99572293  169.97141186 ...,    0.            0.            0.        ]
 Objectives (Sil) : 0.440015883226
 Objectives (PBM) : 63.4939645633
Cluster size 14 :7
Predicted Label for 14: [5 6 4 4 6 4 6 6 6 5 6 5 2 5 5 4 6 2 3 4 1 4 5 4 4 4 6 5 4 5 1 4 5 4 6 2 2
 4 4 4 4 5 4 6 4 2 5 5 4 4 6 6 6 6 4 6 4 2 4 5 1 4 2 4 5 2 2 2 4 5 1 4 6 6
 6 5 4 2 5 2 2 1 4 5 2 6 1 4 6 6 2 1 5 6 4 2 1 2 2 4 5 4 4 5 5 5 1 4 6 3 4
 1 2 4 0 4 5 1 5 6 1 4 5 4 4 3 3 6 2 2 2 2 2 6 2 0 1 6 4 5 4 5 5 5 1 1 6 6
 4 5 2 2 1 5 1 5 6 1 4 6 2 2 2 1 1 2 5 6 6 1 1 4 2 2 2 5 1 6 1 6 2 4 4 0 6
 1 3 3 2 4 3 1 6 4 2 2 1 2 4 5 1 2 3 2 2 2 6 1 4 5 6 1 5 6 6 2 6 2 3 2 5 4
 4 4 4 1 6 4 1 6 2 5 4 2 6 4 6 4 2 4 6 6 6 6 4 2 5 4 6 4 5 4 2 1 5 4 2 4 4
 1 6 5 4 5 4 6 5 3 4 2 4 3 4 2 6 5 5 3 5 1 6 6 4 2 1 4 2 1 5 6 6 1 2 5 4 4
 6 2 2 4 2 2 5 2 1 2 6 2 6 6 2 2 4 4 4 4 4 2 6 2 2 2 5 4 5 4 5 3 1 2 6 3 5
 5 2 4 4 1 4 5 6 2 4 1 4 5 5 4 4 5 6 4 1 6 6 6 2 6 2 5 5 4 1 5 3 6 6 2 4 6
 5 0 2 4 2 4 0 2 2 6 1 2 6 5 2 2 6 6 4 5 4 2 6 2 2 3 4 4 6 6 4 1 2]
 Dunn Index 14 : 0.00884505828216
---------------------------------------------------------------------------------------------------------
chromosome 15 : [ 84.67190804  84.99534349  84.82090964 ...,   0.           0.           0.        ]
 Objectives (Sil) : 0.451273868467
 Objectives (PBM) : 72.0767799371
Cluster size 15 :9
Predicted Label for 15: [4 5 6 8 5 6 5 5 5 4 5 4 8 4 4 6 6 8 3 6 2 6 4 6 6 6 5 4 6 4 8 6 5 6 6 8 8
 6 6 6 6 5 6 6 6 8 5 4 6 6 6 5 5 5 6 6 6 8 6 5 2 6 8 6 4 8 8 8 6 5 2 6 5 6
 6 4 6 8 4 8 8 2 6 5 8 5 2 6 5 5 8 2 4 6 6 8 8 8 8 6 4 6 6 4 4 5 2 6 5 1 6
 2 8 6 2 6 5 2 5 5 8 8 4 6 6 0 3 6 8 8 8 8 8 5 8 2 2 5 6 4 6 4 4 4 8 2 5 6
 6 4 8 8 8 4 2 4 5 2 6 6 8 8 8 2 2 8 4 6 5 2 8 6 8 8 8 5 2 5 2 5 8 6 6 2 5
 2 3 1 8 6 3 2 5 6 8 8 8 8 6 5 2 8 3 8 8 8 5 2 6 4 5 2 4 5 5 8 5 8 3 8 5 6
 6 6 6 2 5 6 2 5 8 4 6 8 6 6 5 6 8 6 5 5 5 5 6 8 5 8 6 6 4 6 8 2 4 6 8 6 6
 2 5 4 6 4 6 5 5 3 6 8 6 3 8 8 5 5 4 3 4 2 5 5 6 8 2 6 8 2 4 6 6 2 8 4 6 6
 5 8 8 6 8 8 5 8 2 8 5 8 5 5 8 8 6 6 6 6 6 8 5 8 8 8 5 6 4 6 4 3 2 8 5 3 4
 5 8 6 6 2 6 5 5 8 6 8 6 4 5 6 6 4 5 6 2 5 6 6 8 5 8 4 5 6 8 4 3 5 6 8 6 5
 4 2 8 8 8 6 2 8 8 5 2 8 5 4 8 8 6 5 6 5 6 8 5 8 8 3 6 6 5 5 6 2 8]
 Dunn Index 15 : 0.0252280832512
---------------------------------------------------------------------------------------------------------
chromosome 16 : [ 42.08240385  42.49638931  42.2502608  ...,   0.           0.           0.        ]
 Objectives (Sil) : 0.449903332161
 Objectives (PBM) : 244.354944557
Cluster size 16 :5
Predicted Label for 16: [4 2 2 1 2 1 2 2 2 4 2 4 1 4 4 2 2 1 4 2 0 2 4 2 2 1 2 4 2 4 0 2 4 2 2 1 1
 2 2 2 2 4 2 2 2 1 4 4 2 1 2 2 2 2 2 2 2 1 1 4 0 2 1 2 4 1 1 1 2 4 0 1 2 2
 2 4 2 1 4 1 1 0 2 4 1 2 0 1 4 2 1 0 4 2 2 1 0 1 1 2 4 1 1 4 4 4 0 2 2 4 2
 0 1 2 0 2 4 0 4 4 0 1 4 1 2 3 4 2 1 1 1 1 1 2 1 0 0 4 2 4 1 4 4 4 0 0 2 2
 1 4 1 1 0 4 0 4 2 0 1 2 1 1 1 0 0 1 4 2 4 0 0 2 1 1 1 4 0 2 0 2 1 2 1 0 2
 0 4 4 1 2 4 0 2 2 1 1 0 1 1 4 0 1 4 1 1 1 2 0 2 4 2 0 4 2 2 1 4 1 4 1 4 2
 2 2 2 0 2 2 0 2 1 4 2 1 2 2 2 2 1 1 2 2 2 2 2 1 4 1 2 2 4 1 1 0 4 2 1 2 2
 0 2 4 2 4 2 2 4 4 2 1 2 4 1 1 4 4 4 4 4 0 2 4 1 1 0 1 1 0 4 2 2 0 1 4 2 1
 2 1 1 2 1 1 4 1 0 1 2 1 2 2 1 1 1 1 2 2 2 1 2 1 1 1 4 2 4 2 4 4 0 1 2 4 4
 4 1 1 2 0 2 4 2 1 2 0 2 4 4 2 1 4 2 2 0 2 2 2 1 2 1 4 4 1 0 4 4 2 2 1 1 2
 4 0 1 1 1 2 0 1 1 2 0 1 2 4 1 1 2 2 2 4 1 1 2 1 1 4 2 2 2 2 2 0 1]
 Dunn Index 16 : 0.0228801503003
---------------------------------------------------------------------------------------------------------
chromosome 17 : [ 0.42050954  0.00837317 -0.24547737 ...,  0.          0.          0.        ]
 Objectives (Sil) : 0.414041166491
 Objectives (PBM) : 53.0683028192
Cluster size 17 :9
Predicted Label for 17: [0 8 7 6 8 6 8 8 8 0 8 0 5 0 0 7 7 5 3 7 5 7 0 7 7 6 8 0 7 0 5 7 8 7 7 6 6
 7 7 7 7 8 7 7 7 6 8 0 7 6 7 8 8 8 7 7 7 5 7 8 4 7 6 7 0 6 6 5 7 8 4 7 8 7
 7 0 7 6 0 6 5 4 7 8 5 8 4 6 8 8 5 4 0 7 7 6 5 6 6 7 0 6 7 0 0 8 5 7 8 3 7
 4 6 7 1 7 8 4 8 8 5 6 0 7 7 3 3 7 6 5 5 6 6 8 5 4 4 8 7 0 6 0 0 0 5 4 8 7
 7 0 6 5 5 0 4 0 8 4 7 7 5 6 5 4 4 6 0 7 8 4 5 7 5 6 6 8 5 8 4 8 5 7 7 2 8
 4 3 3 6 7 0 4 8 7 6 5 5 6 7 8 5 6 3 5 6 6 8 4 7 0 8 4 0 8 8 5 8 6 3 6 8 7
 7 7 7 4 8 7 5 8 5 0 7 6 7 7 8 7 6 7 8 8 8 8 7 5 8 6 7 7 0 6 5 5 0 7 5 7 7
 4 8 0 7 0 7 8 8 3 7 6 7 3 6 6 8 8 0 3 0 4 8 8 6 5 4 7 6 4 0 7 7 4 6 0 7 6
 8 5 6 7 6 6 8 5 5 6 8 5 8 8 6 6 6 7 7 7 7 6 8 6 6 6 8 7 0 7 0 3 4 6 8 3 0
 8 5 7 7 4 7 8 8 6 7 5 7 0 8 7 7 0 7 7 4 8 7 7 6 8 6 0 8 7 5 0 3 8 7 6 7 8
 0 2 6 6 6 7 2 6 6 8 4 6 8 0 5 6 7 8 7 8 7 5 8 6 6 3 7 7 8 8 7 4 5]
 Dunn Index 17 : 0.0119943540807
---------------------------------------------------------------------------------------------------------
chromosome 18 : [ 42.59523044  42.50495647  42.26934523 ...,   0.           0.           0.        ]
 Objectives (Sil) : 0.449903332161
 Objectives (PBM) : 244.354944557
Cluster size 18 :5
Predicted Label for 18: [4 2 2 1 2 1 2 2 2 4 2 4 1 4 4 2 2 1 4 2 0 2 4 2 2 1 2 4 2 4 0 2 4 2 2 1 1
 2 2 2 2 4 2 2 2 1 4 4 2 1 2 2 2 2 2 2 2 1 1 4 0 2 1 2 4 1 1 1 2 4 0 1 2 2
 2 4 2 1 4 1 1 0 2 4 1 2 0 1 4 2 1 0 4 2 2 1 0 1 1 2 4 1 1 4 4 4 0 2 2 4 2
 0 1 2 0 2 4 0 4 4 0 1 4 1 2 3 4 2 1 1 1 1 1 2 1 0 0 4 2 4 1 4 4 4 0 0 2 2
 1 4 1 1 0 4 0 4 2 0 1 2 1 1 1 0 0 1 4 2 4 0 0 2 1 1 1 4 0 2 0 2 1 2 1 0 2
 0 4 4 1 2 4 0 2 2 1 1 0 1 1 4 0 1 4 1 1 1 2 0 2 4 2 0 4 2 2 1 4 1 4 1 4 2
 2 2 2 0 2 2 0 2 1 4 2 1 2 2 2 2 1 1 2 2 2 2 2 1 4 1 2 2 4 1 1 0 4 2 1 2 2
 0 2 4 2 4 2 2 4 4 2 1 2 4 1 1 4 4 4 4 4 0 2 4 1 1 0 1 1 0 4 2 2 0 1 4 2 1
 2 1 1 2 1 1 4 1 0 1 2 1 2 2 1 1 1 1 2 2 2 1 2 1 1 1 4 2 4 2 4 4 0 1 2 4 4
 4 1 1 2 0 2 4 2 1 2 0 2 4 4 2 1 4 2 2 0 2 2 2 1 2 1 4 4 1 0 4 4 2 2 1 1 2
 4 0 1 1 1 2 0 1 1 2 0 1 2 4 1 1 2 2 2 4 1 1 2 1 1 4 2 2 2 2 2 0 1]
 Dunn Index 18 : 0.0228801503003
---------------------------------------------------------------------------------------------------------
chromosome 19 : [ 0.41622273  0.00801684 -0.24283706 ...,  0.          0.          0.        ]
 Objectives (Sil) : 0.411730852348
 Objectives (PBM) : 127.232314988
Cluster size 19 :10
Predicted Label for 19: [0 8 9 4 8 9 8 8 8 0 8 0 2 0 7 9 8 2 0 9 2 9 7 9 9 4 8 7 9 7 2 9 7 9 8 4 4
 9 9 9 9 7 9 8 9 4 7 0 9 4 8 8 8 8 9 8 9 2 9 7 3 9 4 9 7 4 4 2 9 7 3 9 8 8
 8 7 9 4 7 4 2 3 9 7 2 8 3 9 7 8 2 3 0 8 9 4 2 4 4 9 7 9 9 7 7 7 2 9 8 0 9
 3 4 9 6 9 7 3 7 7 2 4 0 9 9 1 0 8 4 2 2 4 4 8 2 3 3 7 9 7 4 0 7 7 2 3 8 8
 9 0 4 2 2 7 3 7 8 3 9 8 2 4 2 3 3 4 7 8 7 3 2 9 2 4 4 7 2 8 3 8 2 9 9 6 8
 3 0 0 4 9 0 3 8 9 4 2 2 4 9 7 2 4 0 2 4 4 8 3 9 7 8 3 0 8 8 2 7 4 0 4 7 9
 9 9 9 3 8 9 2 7 2 7 9 4 8 9 8 9 4 9 8 8 8 8 9 2 7 4 8 9 7 4 2 2 0 9 2 9 9
 3 8 7 9 7 9 8 7 0 9 4 9 0 4 4 7 7 7 0 7 3 8 7 4 2 3 9 4 3 7 8 8 3 4 7 9 9
 8 2 4 9 4 4 7 2 2 4 8 2 8 8 4 4 4 9 9 9 9 4 8 4 4 4 7 9 0 9 7 0 3 4 8 0 7
 7 2 9 9 3 9 7 8 4 9 2 9 0 7 9 9 7 8 9 3 8 8 8 4 8 4 7 7 9 2 7 0 8 8 4 9 8
 7 6 4 4 4 9 6 4 4 8 3 4 8 7 2 4 8 8 9 7 9 2 8 4 4 0 9 9 8 8 9 3 2]
 Dunn Index 19 : 0.0501927228929
---------------------------------------------------------------------------------------------------------
chromosome 20 : [ 0.45960449  0.01007195 -0.26836561 ...,  0.          0.          0.        ]
 Objectives (Sil) : 0.375059377949
 Objectives (PBM) : 25.7384043309
Cluster size 20 :20
Predicted Label for 20: [14 16 18 18 17 18 16 16 16 14 16 14 19 14 15 18 17 19 13 18  3 18 15 18 18
 18 17 15 17 15 19 17 16 18 17 19 19 17 17 17 18 16 17 17 17 18 15 14 18 18
 17 16 16 17 18 17 17 19 18 16  3 17 19 18 15 19 19 19 18 16  3 18 17 17 17
 15 18 19 15 19 19  3 17 15 19 16  3 18 16 17 19  3 14 17 18 19 19 19 19 17
 15 18 18 14 15 16  3 17 16  1 18  3 18 17  3 18 16  3 16 16 19 18 14 18 18
  7  8 17 19 19 19 19 19 17 19  3  3 16 18 15 18 14 15 15 19  3 17 17 18 14
 19 19 19 15  3 15 17  3 18 17 19 19 19  3  3 18 15 17 16  3 19 18 19 18 19
 16  3 16  3 17 19 18 18  3 16  3  4  0 19 18 13  3 16 18 19 19 19 19 18 16
  3 18 12 19 18 19 16  3 17 15 16  3 14 16 16 19 16 19  9 18 16 18 18 17 18
  3 17 17  3 16 19 15 17 19 17 17 16 17 19 18 16 16 16 17 18 19 16 18 17 17
 14 18 19  3 14 17 19 18 17  3 17 15 18 15 17 17 16  6 17 19 18  5 18 19 16
 16 15  2 14  3 16 16 18 19  3 18 19  3 15 17 17  3 19 15 17 18 17 19 19 18
 18 19 16 19  3 18 16 19 17 16 18 19 18 18 17 18 18 18 16 19 18 18 16 17 14
 18 15 10  3 19 16 13 14 16 19 18 18  3 17 16 17 19 18 19 17 14 16 18 18 15
 17 17  3 16 17 17 19 17 19 15 16 18 19 15 13 16 17 19 18 16 15  3 19 18 19
 18  3 19 19 16  3 19 17 15 19 19 17 16 18 16 18 19 17 19 19 11 17 17 16 17
 17  3 19]
 Dunn Index 20 : 0.0263451173847
---------------------------------------------------------------------------------------------------------
chromosome 21 : [ 0.45789382  0.00813702 -0.26734268 ...,  0.          0.          0.        ]
 Objectives (Sil) : 0.390802351927
 Objectives (PBM) : 122.039424737
Cluster size 21 :11
Predicted Label for 21: [ 6  9  8  5  9  8  9  9  9  6  9  6  7  6 10  8  9  7  6  8  4  8 10  8  8
  5  9 10  8 10  4  8 10  8  9  5  7  8  8  8  8 10  8  9  8  5 10  6  8  5
  9  9  9  9  8  9  8  7  8 10  2  8  5  8 10  5  5  7  8 10  4  8  9  9  9
 10  8  5 10  7  7  4  8 10  7  9  4  8 10  9  7  2  6  9  8  5  7  5  5  8
 10  5  8 10 10 10  4  8  9  6  8  2  5  8  0  8 10  4 10 10  7  5  6  8  8
  3  6  9  5  7  7  5  7  9  7  2  4 10  8 10  5  6 10 10  4  4  9  9  8  6
  5  7  4 10  4 10  9  4  8  9  7  5  7  4  4  5 10  9 10  4  7  8  7  5  5
 10  4  9  4  9  7  8  8  1  9  2  6  6  7  8  6  4  9  8  7  7  7  5  8 10
  4  5  6  7  5  5  9  2  8 10  9  4  6  9  9  7 10  5  6  5 10  8  8  8  8
  2  9  8  4 10  7 10  8  5  9  8  9  8  5  8  9  9  9  9  8  7 10  5  9  8
 10  5  7  4  6  8  7  8  8  4  9 10  8 10  8  9 10  6  8  5  8  6  5  7 10
 10 10  6 10  2  9 10  5  7  2  8  5  4 10  9  9  4  5 10  8  8  9  7  5  8
  5  5 10  7  4  5  9  7  9  9  5  5  5  8  8  8  8  5  9  5  5  5 10  8  6
  8 10  6  4  5  9  6 10 10  7  8  8  2  8 10  9  5  8  7  8  6 10  8  8 10
  9  8  4  9  9  9  7  9  7 10 10  8  7 10  6  9  9  7  8  9 10  1  7  5  5
  8  1  5  5  9  2  5  9 10  7  5  9  9  8 10  8  7  9  5  5  6  8  8  9  9
  8  4  7]
 Dunn Index 21 : 0.0280766120332
---------------------------------------------------------------------------------------------------------
chromosome 22 : [ 0.46809906  0.01007818 -0.27334613 ...,  0.          0.          0.        ]
 Objectives (Sil) : 0.357428507783
 Objectives (PBM) : 18.7460917954
Cluster size 22 :19
Predicted Label for 22: [17 18 14 15 16 14 18 18 18 17 18 17 12 17 17 14 16 12 17 14  8 14 17 14 14
 15 16 17 14 17 11 16 18 14 16 12 12 16 14 16 14 18 16 16 16 15 18 17 14 15
 16 18 18 16 14 16 14 12 14 18  5 14 15 14 17 12 15 12 14 18  9 14 16 16 16
 17 14 12 17 12 11  8 16 18 12 18  9 14 18 16 11 13 17 16 14 15 11 15 15 16
 17 15 14 17 17 18 11 16 18 10 14  9 15 14  0 14 18  8 18 18 11 15 17 14 14
 10 10 16 15 11 12 12 12 16 11  4 13 18 14 17 15 17 18 17 11  8 16 16 14 17
 15 12 11 17  8 17 16  9 14 16 12 15 11  8  8 15 17 16 18  8 11 14 12 15 15
 18  8 18  9 16 11 14 14  1 18  7 10 10 12 14 17  8 18 14 12 11 11 12 14 18
 11 15 10 11 15 15 18  7 16 17 18  8 17 18 16 12 18 12 10 15 18 14 14 14 14
  7 16 14 11 18 11 18 16 15 16 16 18 14 12 14 18 18 16 16 14 12 18 15 16 16
 17 15 11 11 17 14 11 14 14  9 16 17 14 18 14 16 18 10 16 15 14 10 15 12 18
 18 17 10 17  7 18 18 15 12  9 14 15  8 18 16 16  8 12 17 16 14 16 12 15 14
 15 12 18 12 11 15 18 12 16 18 15 15 15 14 14 14 14 15 18 15 15 15 18 14 17
 14 17 10  8 15 18 10 17 18 12 14 14  6 16 18 16 15 14 11 16 17 18 14 14 17
 16 14  8 18 16 16 12 16 12 17 18 14 11 17 10 18 16 12 14 16 18  3 12 15 12
 14  2 12 12 18  9 15 16 18 11 15 16 18 14 18 14 11 16 15 15 10 14 16 18 16
 16  9 12]
 Dunn Index 22 : 0.0102137253893
---------------------------------------------------------------------------------------------------------
chromosome 23 : [ 3.12626528  2.66981603  2.36418756 ...,  0.          0.          0.        ]
 Objectives (Sil) : 0.457141282622
 Objectives (PBM) : 35.7892394151
Cluster size 23 :4
Predicted Label for 23: [2 3 1 1 3 1 3 3 3 2 3 2 1 2 2 1 3 0 2 1 0 1 2 1 1 1 3 2 1 2 0 3 3 1 3 1 1
 3 1 3 1 3 3 3 3 1 3 2 1 1 3 3 3 3 1 3 1 0 1 3 0 1 1 1 2 1 1 1 1 3 0 1 3 3
 3 2 1 1 2 1 0 0 3 3 1 3 0 1 3 3 0 0 2 3 1 1 0 1 1 3 2 1 1 2 2 3 0 3 3 2 1
 0 1 1 0 1 3 0 3 3 0 1 2 1 1 2 2 3 1 0 0 1 1 3 0 0 0 3 1 2 1 2 3 2 0 0 3 3
 1 2 1 1 0 2 0 2 3 0 1 3 0 1 0 0 0 1 2 3 3 0 0 1 1 1 1 3 0 3 0 3 0 1 1 0 3
 0 2 2 1 1 2 0 3 1 1 0 0 1 1 3 0 1 2 0 1 1 3 0 3 2 3 0 2 3 3 0 3 1 2 1 3 1
 1 1 1 0 3 1 0 3 0 3 3 1 3 3 3 1 1 1 3 3 3 3 1 0 3 1 3 3 2 1 0 0 2 1 0 1 1
 0 3 2 1 3 1 3 3 2 3 1 1 2 1 1 3 3 2 2 2 0 3 3 1 1 0 1 1 0 3 3 3 0 1 2 3 1
 3 1 1 1 1 1 3 1 0 1 3 1 3 3 1 1 1 1 1 1 1 1 3 1 1 1 3 1 2 1 2 2 0 1 3 2 2
 3 0 1 1 0 3 3 3 1 1 0 3 2 3 1 1 2 3 1 0 3 3 3 1 3 1 2 3 1 0 2 2 3 3 1 1 3
 3 0 1 1 1 1 0 1 1 3 0 1 3 3 0 1 3 3 1 3 1 0 3 1 1 2 1 3 3 3 3 0 0]
 Dunn Index 23 : 0.012864099336
---------------------------------------------------------------------------------------------------------
chromosome 24 : [  8.30129889e-317   8.30128703e-317   1.35450872e-002 ...,
   0.00000000e+000   0.00000000e+000   0.00000000e+000]
 Objectives (Sil) : 0.52489892307
 Objectives (PBM) : 15.4416062191
Cluster size 24 :2
Predicted Label for 24: [1 1 0 0 1 0 1 1 1 1 1 1 0 1 1 0 1 0 1 0 0 0 1 0 0 0 1 1 0 1 0 0 1 0 1 0 0
 0 0 1 0 1 0 1 0 0 1 1 0 0 1 1 1 1 0 1 0 0 0 1 0 0 0 0 1 0 0 0 0 1 0 0 1 1
 1 1 0 0 1 0 0 0 0 1 0 1 0 0 1 1 0 0 1 1 0 0 0 0 0 1 1 0 0 1 1 1 0 1 1 1 0
 0 0 0 0 0 1 0 1 1 0 0 1 0 0 1 1 1 0 0 0 0 0 1 0 0 0 1 0 1 0 1 1 1 0 0 1 1
 0 1 0 0 0 1 0 1 1 0 0 1 0 0 0 0 0 0 1 1 1 0 0 0 0 0 0 1 0 1 0 1 0 0 0 0 1
 0 1 1 0 0 1 0 1 0 0 0 0 0 0 1 0 0 1 0 0 0 1 0 0 1 1 0 1 1 1 0 1 0 1 0 1 0
 0 0 0 0 1 0 0 1 0 1 1 0 1 0 1 0 0 0 1 1 1 1 0 0 1 0 1 0 1 0 0 0 1 0 0 0 0
 0 1 1 0 1 0 1 1 1 1 0 0 1 0 0 1 1 1 1 1 0 1 1 0 0 0 0 0 0 1 1 1 0 0 1 1 0
 1 0 0 0 0 0 1 0 0 0 1 0 1 1 0 0 0 0 0 0 0 0 1 0 0 0 1 0 1 0 1 1 0 0 1 1 1
 1 0 0 0 0 1 1 1 0 0 0 0 1 1 0 0 1 1 0 0 1 1 1 0 1 0 1 1 0 0 1 1 1 1 0 0 1
 1 0 0 0 0 0 0 0 0 1 0 0 1 1 0 0 1 1 0 1 0 0 1 0 0 1 0 0 1 1 0 0 0]
 Dunn Index 24 : 0.00586054374229
---------------------------------------------------------------------------------------------------------
chromosome 25 : [ 0.44843642  0.00907104 -0.26182959 ...,  0.          0.          0.        ]
 Objectives (Sil) : 0.373660411543
 Objectives (PBM) : 84.6951150052
Cluster size 25 :15
Predicted Label for 25: [11  1  9  7  1  7  1  1  0 11  0 11 14 11  0  9  1 14  8  9  6  9 11  9  9
  7  1 11  9 11  6  9  0  9  1 14 14  9  9  9  9  0  9  1  9  7  0 11  9  7
  1  1  1  1  9  1  9 14  9  0 12  9  7  9 11 14 14 14  9  0 10  9  1  1  1
 11  9 14 11 14  6 10  9  0 14  1 10  7  0  1  6 10 11  1  9  7  6  7  7  9
 11  7  9 11  0  0  6  9  1  5  9 10  7  9 13  9  0 10  0  0  6  7 11  7  9
  2  8  1  7  6 14 14 14  1  6 12 10  0  9 11  7 11  0 11  6 10  1  1  9 11
  7 14  6 11 10  0  1 10  9  1 14  7  6 10 10  7 11  1  0 10  6  9 14  7 14
  0  6  1 10  1  6  9  9 13  1 12  8  4 14  9  8 10  0  9 14  6  6 14  9  0
  6  7  8  6  7  7  1 12  9 11  0 10 11  1  1 14  0 14  8  7  0  9  9  9  9
 12  1  9  6  0  6  0  9  7  1  9  0  9 14  9  1  1  1  1  9 14  0  7  1  9
 11  7  6  6 11  9  6  9  9 10  1 11  9  0  9  1  0  8  9  7  9  8  7 14  0
  0 11  8 11 12  1  0  7 14 10  9  7 10  0  1  1 10 14 11  9  7  1 14  7  9
  7 14  0 14  6  7  0 14  1  1  7  7  7  9  9  9  9  7  0  7  7  7  0  9 11
  9  0  8 10  7  1  8 11  0 14  9  9 12  9  0  1  7  9  6  9 11  0  9  9 11
  1  9 10  1  1  1 14  1 14 11  0  9  6  0  8  1  1 14  9  1  0 13 14  7 14
  9 13 14 14  1 10  7  1  0  6  7  1  1  9  0  7  6  1  7  7  8  9  9  1  1
  9 10 14]
 Dunn Index 25 : 0.0912531714238
---------------------------------------------------------------------------------------------------------
chromosome 26 : [ 0.50635025  0.00665453 -0.26161674 ...,  0.          0.          0.        ]
 Objectives (Sil) : 0.46072254507
 Objectives (PBM) : 160.868179299
Cluster size 26 :6
Predicted Label for 26: [2 4 5 1 4 5 4 4 4 2 4 2 1 2 4 5 5 1 2 5 3 5 2 5 5 5 4 2 5 2 1 5 4 5 5 1 1
 5 5 5 5 4 5 5 5 1 4 2 5 5 5 4 4 4 5 5 5 1 5 4 3 5 1 5 2 1 1 1 5 4 3 5 5 5
 5 2 5 1 2 1 1 3 5 4 1 4 3 5 4 4 1 3 2 5 5 1 1 1 1 5 2 5 5 2 4 4 3 5 4 2 5
 3 1 5 3 5 4 3 4 4 1 1 2 5 5 0 2 5 1 1 1 1 1 4 1 3 3 4 5 2 5 2 4 2 1 3 4 5
 5 2 1 1 1 2 3 4 4 3 5 5 1 1 1 3 3 1 4 5 4 3 1 5 1 1 1 4 3 4 3 4 1 5 5 3 4
 3 2 2 1 5 2 3 4 5 1 1 1 1 5 4 3 1 2 1 1 1 4 3 5 4 4 3 2 4 4 1 4 1 2 1 4 5
 5 5 5 3 5 5 3 4 1 4 5 1 5 5 4 5 1 5 4 4 4 4 5 1 4 1 5 5 2 5 1 3 2 5 1 5 5
 3 4 2 5 4 5 4 4 2 5 1 5 2 1 1 4 4 2 2 2 3 4 4 5 1 3 5 1 3 4 5 5 3 1 2 5 5
 4 1 1 5 1 1 4 1 3 1 4 1 4 4 1 1 5 5 5 5 5 1 4 1 1 1 4 5 2 5 4 2 3 1 4 2 2
 4 1 5 5 3 5 4 5 1 5 1 5 2 4 5 5 2 5 5 3 4 5 5 1 4 1 2 4 5 1 4 2 4 5 1 5 4
 4 3 1 1 1 5 3 1 1 4 3 1 5 4 1 1 5 4 5 4 5 1 4 1 1 2 5 5 4 4 5 3 1]
 Dunn Index 26 : 0.0282421288071
---------------------------------------------------------------------------------------------------------
chromosome 27 : [ 5.77388479  5.32164438  5.04429398 ...,  0.          0.          0.        ]
 Objectives (Sil) : 0.406071450768
 Objectives (PBM) : 169.337889082
Cluster size 27 :10
Predicted Label for 27: [5 8 7 6 8 7 8 8 8 5 8 5 4 5 9 7 8 4 5 7 4 7 9 7 7 6 8 9 7 9 4 7 9 7 8 6 6
 7 7 7 7 9 7 8 7 6 9 5 7 6 8 8 8 8 7 8 7 4 7 9 2 7 6 7 9 6 6 4 7 9 2 7 8 8
 8 9 7 6 9 6 4 2 7 9 4 8 2 7 9 8 4 2 5 8 7 6 4 6 6 7 9 7 7 9 9 9 4 7 8 5 7
 2 6 7 0 7 9 2 9 9 4 6 5 7 7 3 5 8 6 4 4 6 6 8 4 2 2 9 7 9 6 5 9 9 4 2 8 8
 7 5 6 4 4 9 2 9 8 2 7 8 4 6 4 2 2 6 9 8 9 2 4 7 4 6 6 9 4 8 2 8 4 7 7 1 8
 2 5 5 6 7 5 2 8 7 6 4 4 6 7 9 4 6 5 4 6 6 8 2 7 9 8 2 5 8 8 4 9 6 5 6 9 7
 7 7 7 2 8 7 4 9 4 9 7 6 8 7 8 7 6 7 8 8 8 8 7 4 9 6 8 7 9 6 4 4 5 7 4 7 7
 2 8 9 7 9 7 8 9 5 7 6 7 5 6 6 9 9 9 5 9 2 8 9 6 4 2 7 6 2 9 8 8 2 6 9 7 7
 8 4 6 7 6 6 9 4 4 6 8 4 8 8 6 6 6 7 7 7 7 6 8 6 6 6 9 7 5 7 9 5 2 6 8 5 9
 9 4 7 7 2 7 9 8 6 7 4 7 5 9 7 7 9 8 7 2 8 8 8 6 8 6 9 9 7 4 9 5 8 8 6 7 8
 9 1 6 6 6 7 1 6 6 8 2 6 8 9 4 6 8 8 7 9 7 4 8 6 6 5 7 7 8 8 7 2 4]
 Dunn Index 27 : 0.0501927228929
---------------------------------------------------------------------------------------------------------
chromosome 28 : [ 0.47939584  0.00865668 -0.27991701 ...,  0.          0.          0.        ]
 Objectives (Sil) : 0.387349748596
 Objectives (PBM) : 88.32397101
Cluster size 28 :13
Predicted Label for 28: [ 5 11 10  9 11 10 11 11 11  5 11  5  8  5 12 10 11  8  5 10  6 10 12 10 10
  9 11 12 10 12  6 10 12 10 11  9  8 10 10 10 10 12 10 11 10  9 12  5 10  9
 11 11 11 11 10 11 10  8 10 12  7 10  9 10 12  9  9  8 10 12  6 10 11 11 11
 12 10  9 12  8  8  6 10 12  8 11  6 10 12 11  8  7  5 11 10  9  8  9  9 10
 12  9 10 12 12 12  6 10 11  5 10  7  9 10  0 10 12  6 12 12  8  9  5 10 10
  4  5 11  9  8  8  9  8 11  8  7  6 12 10 12  9  5 12 12  6  6 11 11 10  5
  9  8  6 12  6 12 11  6 10 11  8  9  8  6  6  9 12 11 12  6  8 10  8  9  9
 12  6 11  6 11  8 10 10  1 11  7  5  5  8 10  5  6 11 10  8  8  8  9 10 12
  6  9  5  8  9  9 11  7 10 12 11  6  5 11 11  8 12  9  5  9 12 10 10 10 10
  7 11 10  6 12  8 12 10  9 11 10 11 10  9 10 11 11 11 11 10  8 12  9 11 10
 12  9  8  6  5 10  8 10 10  6 11 12 10 12 10 11 12  5 10  9 10  5  9  8 12
 12 12  5 12  7 11 12  9  8  7 10  9  6 12 11 11  6  9 12 10 10 11  8  9 10
  9  9 12  8  6  9 11  8 11 11  9  9  9 10 10 10 10  9 11  9  9  9 12 10  5
 10 12  5  6  9 11  5 12 12  8 10 10  7 10 12 11  9 10  8 10  5 12 10 10 12
 11 10  6 11 11 11  8 11  8 12 12 10  8 12  5 11 11  8 10 11 12  3  8  9  9
 10  2  9  9 11  7  9 11 12  8  9 11 11 10 12 10  8 11  9  9  5 10 10 11 11
 10  6  8]
 Dunn Index 28 : 0.0280766120332
---------------------------------------------------------------------------------------------------------
chromosome 29 : [ 169.77760982  169.99572293  169.97141186 ...,    0.            0.            0.        ]
 Objectives (Sil) : 0.806300957133
 Objectives (PBM) : 95.2226183112
Cluster size 29 :2
Predicted Label for 29: [0 0 0 0 0 0 0 0 0 0 0 0 0 0 0 0 0 0 0 0 0 0 0 0 0 0 0 0 0 0 0 0 0 0 0 0 0
 0 0 0 0 0 0 0 0 0 0 0 0 0 0 0 0 0 0 0 0 0 0 0 0 0 0 0 0 0 0 0 0 0 0 0 0 0
 0 0 0 0 0 0 0 0 0 0 0 0 0 0 0 0 0 0 0 0 0 0 0 0 0 0 0 0 0 0 0 0 0 0 0 0 0
 0 0 0 0 0 0 0 0 0 0 0 0 0 0 1 0 0 0 0 0 0 0 0 0 0 0 0 0 0 0 0 0 0 0 0 0 0
 0 0 0 0 0 0 0 0 0 0 0 0 0 0 0 0 0 0 0 0 0 0 0 0 0 0 0 0 0 0 0 0 0 0 0 0 0
 0 0 0 0 0 0 0 0 0 0 0 0 0 0 0 0 0 0 0 0 0 0 0 0 0 0 0 0 0 0 0 0 0 0 0 0 0
 0 0 0 0 0 0 0 0 0 0 0 0 0 0 0 0 0 0 0 0 0 0 0 0 0 0 0 0 0 0 0 0 0 0 0 0 0
 0 0 0 0 0 0 0 0 0 0 0 0 0 0 0 0 0 0 0 0 0 0 0 0 0 0 0 0 0 0 0 0 0 0 0 0 0
 0 0 0 0 0 0 0 0 0 0 0 0 0 0 0 0 0 0 0 0 0 0 0 0 0 0 0 0 0 0 0 0 0 0 0 0 0
 0 0 0 0 0 0 0 0 0 0 0 0 0 0 0 0 0 0 0 0 0 0 0 0 0 0 0 0 0 0 0 0 0 0 0 0 0
 0 0 0 0 0 0 0 0 0 0 0 0 0 0 0 0 0 0 0 0 0 0 0 0 0 0 0 0 0 0 0 0 0]
 Dunn Index 29 : 0.61217405425
---------------------------------------------------------------------------------------------------------
chromosome 30 : [ 42.82291197  42.51202263  42.27215978 ...,   0.           0.           0.        ]
 Objectives (Sil) : 0.417142335544
 Objectives (PBM) : 132.456155667
Cluster size 30 :9
Predicted Label for 30: [7 8 5 4 8 4 8 8 8 7 8 7 3 7 8 5 5 3 7 5 3 5 7 5 5 4 8 7 5 7 3 5 8 5 5 4 4
 5 5 5 5 8 5 5 5 4 8 7 5 4 5 8 8 8 5 5 5 3 5 8 2 5 4 5 7 4 4 3 5 8 2 5 5 5
 5 7 5 4 7 4 3 2 5 8 3 8 2 4 8 8 3 2 7 5 5 4 3 4 4 5 7 4 5 7 8 8 3 5 8 7 5
 2 4 5 0 5 8 2 8 8 3 4 7 4 5 6 7 5 4 3 3 4 4 8 3 2 2 8 5 7 4 7 8 7 3 2 8 5
 5 7 4 3 3 7 2 8 5 2 5 5 3 4 3 2 2 4 8 5 8 2 3 5 3 4 4 8 3 8 2 8 3 5 5 1 8
 2 7 7 4 5 7 2 8 5 4 3 3 4 5 8 3 4 7 3 4 4 8 2 5 8 8 2 7 8 8 3 8 4 7 4 8 5
 5 5 5 2 5 5 3 8 3 8 5 4 5 5 8 5 4 5 8 8 8 8 5 3 8 4 5 5 7 4 3 3 7 5 3 5 5
 2 8 7 5 8 5 8 8 7 5 4 5 7 4 4 8 8 7 7 7 2 8 8 4 3 2 5 4 2 8 5 5 2 4 7 5 4
 8 3 4 5 4 4 8 3 3 4 8 3 8 8 4 4 4 5 5 5 5 4 8 4 4 4 8 5 7 5 8 7 2 4 8 7 7
 8 3 5 5 2 5 8 5 4 5 3 5 7 8 5 5 7 5 5 2 8 5 5 4 5 4 7 8 5 3 8 7 8 5 4 5 8
 8 1 4 4 4 5 1 4 4 8 2 4 5 8 3 4 5 8 5 8 4 3 5 4 4 7 5 5 8 8 5 2 3]
 Dunn Index 30 : 0.0360635727287
---------------------------------------------------------------------------------------------------------
chromosome 31 : [ 0.47674459  0.01385971 -0.27832464 ...,  0.          0.          0.        ]
 Objectives (Sil) : 0.368567674428
 Objectives (PBM) : 63.8415373443
Cluster size 31 :17
Predicted Label for 31: [ 1 11 14 12 11 12 11 11 13  1 13  1  0  1 13 14 11  0  6 14 16 14  1 14 14
 12 11  1 14  1 16 14 13 14 11  0  0 14 14 14 14 13 14 11 14 12 13  1 14 12
 11 11 11 11 14 11 14  0 14 13  9 14 12 14  1  0  0  0 14 13 15 14 11 11 11
  1 14  0  1  0 16 15 14 13  0 11 15 12 13 11 16 10  1 11 14 12 16 12 12 14
  1 12 14  1 13 13 16 14 11  6 14 10 12 14  2 14 13 15 13 13 16 12  1 12 14
  3  6 11 12 16  0  0  0 11 16  8 15 13 14  1 12  1 13  1 16 15 11 11 14  1
 12  0 16  1 15 13 11 15 14 11  0 12 16 15 15 12  1 11 13 15 16 14  0 12  0
 13 16 11 15 11 16 14 14  4 11 10  6  6  0 14  6 15 13 14  0 16 16  0 14 13
 16 12  6 16 12 12 11 10 14  1 13 15  1 11 11  0 13  0  6 12 13 14 14 14 14
 10 11 14 16 13 16 13 14 12 11 14 13 14  0 14 11 11 11 11 14  0 13 12 11 14
  1 12 16 16  1 14 16 14 14 15 11  1 14 13 14 11 13  6 14 12 14  6 12  0 13
 13  1  6  1 10 11 13 12  0 10 14 12 15 13 11 11 15  0  1 14 12 11  0 12 14
 12  0 13  0 16 12 13  0 11 11 12 12 12 14 14 14 14 12 13 12 12 12 13 14  1
 14 13  6 15 12 11  6  1 13  0 14 14  8 14 13 11 12 14 16 14  1 13 14 14  1
 11 14 15 11 11 11  0 11  0  1 13 14 16 13  6 11 11  0 14 11 13  7  0 12  0
 14  5  0  0 11 10 12 11 13 16 12 11 11 14 13 12 16 11 12 12  6 14 14 11 11
 14 15  0]
 Dunn Index 31 : 0.0648665163253
---------------------------------------------------------------------------------------------------------
chromosome 32 : [ 0.47333117  0.01088639 -0.24186015 ...,  0.          0.          0.        ]
 Objectives (Sil) : 0.433444304792
 Objectives (PBM) : 165.947154113
Cluster size 32 :8
Predicted Label for 32: [5 2 4 4 2 4 2 2 2 5 2 5 3 5 7 4 2 3 5 4 1 4 7 4 4 4 2 7 4 7 1 4 7 4 2 3 3
 4 4 2 4 7 4 2 4 3 7 5 4 4 2 2 2 2 4 2 4 3 4 7 1 4 3 4 7 3 3 3 4 7 1 4 2 2
 2 7 4 3 7 3 3 1 4 7 3 2 1 4 7 2 3 1 5 2 4 3 1 3 3 4 7 4 4 7 7 7 1 2 2 5 4
 1 3 4 0 4 7 1 7 7 1 4 5 4 4 6 5 2 3 3 3 3 3 2 3 0 1 7 4 7 4 5 7 7 1 1 2 2
 4 5 3 3 1 7 1 7 2 1 4 2 3 3 3 1 1 3 7 2 7 1 1 4 3 3 3 7 1 2 1 2 3 4 4 0 2
 1 5 5 3 4 5 1 7 4 3 3 1 3 4 7 1 3 5 3 3 3 2 1 4 7 7 1 5 2 2 3 7 3 5 4 7 4
 4 4 4 1 2 4 1 7 3 7 2 3 2 4 7 4 3 4 2 2 2 2 4 3 7 4 2 4 7 4 3 1 5 4 3 4 4
 1 2 7 4 7 4 2 7 5 4 3 4 5 4 3 7 7 7 5 7 1 2 7 4 3 1 4 3 1 7 2 2 1 3 7 4 4
 2 3 3 4 4 3 7 3 1 3 7 3 2 2 3 3 4 4 4 4 4 3 2 3 3 3 7 4 5 4 7 5 1 3 2 5 7
 7 3 4 4 1 2 7 2 3 4 1 4 5 7 4 4 7 2 4 1 2 2 2 3 2 3 7 7 4 1 7 5 2 2 3 4 2
 7 0 3 4 3 4 0 3 3 2 1 3 2 7 3 3 2 2 4 7 4 3 2 3 3 5 4 4 2 2 4 1 3]
 Dunn Index 32 : 0.0441506976133
---------------------------------------------------------------------------------------------------------
chromosome 33 : [ 63.28416904  63.7457752   63.5261844  ...,   0.           0.           0.        ]
 Objectives (Sil) : 0.36332211047
 Objectives (PBM) : 72.2522732078
Cluster size 33 :14
Predicted Label for 33: [ 7  3 13 12  3 12  3  3  3  7  3  7 11  7  8 13  3 11  7 13 10 13  8 13 13
 12  3  8 13  8 10 13  8 13 13 11 11 13 13 13 13  8 13  3 13 12  8  7 13 12
  3  3  3  3 13 13 13 11 12  8  9 13 12 13  8 11 11 11 13  8  6 12  3 13  3
  8 13 11  8 11 10  6 13  8 11  3  6 12  8  3 10  6  7  3 13 12 10 11 12 13
  8 12 12  8  8  8 10 13  3  7 13  6 12 13  1 13  8  6  8  8 10 12  7 12 13
  0  7 13 11 10 10 11 11  3 10  9  6  8 13  8 12  7  8  8 10  6  3  3 12  7
 11 11 10  8  6  8  3  6 12 13 10 12 10  6  6 12  8  3  8  6 10 13 11 12 11
  8 10  3  6  3 10 13 12  2  3  9  7  7 11 13  7  6  3 13 11 10 10 11 12  8
 10 12  7 10 12 12  3  9 13  8  3  6  7  3  3 10  8 11  7 12  8 13 13 13 13
  9  3 13 10  3 10  8 13 11  3 13  3 13 11 13  3  3  3  3 13 10  8 12  3 13
  8 12 10 10  7 13 10 13 13  6  3  8 13  8 13  3  8  7 13 12 13  7 12 11  8
  8  8  7  8  9  3  8 12 11  6 12 11  6  8 13  3  6 11  8 13 12  3 11 11 13
 12 11  8 11 10 12  3 11  3  3 12 12 12 12 13 13 13 12  3 12 12 12  8 13  7
 13  8  7  6 12  3  7  8  8 11 12 13  9 13  8  3 12 13 10 13  7  8 13 12  8
  3 13  6  3  3  3 11  3 11  8  8 12 10  8  7  3  3 11 12  3  8  5 11 12 11
 13  4 11 11  3  6 11  3  8 10 12  3  3 13  8 12 10  3 11 12  7 13 13  3  3
 13  6 10]
 Dunn Index 33 : 0.0384471527307
---------------------------------------------------------------------------------------------------------
chromosome 34 : [ 0.45225497  0.00890966 -0.26410301 ...,  0.          0.          0.        ]
 Objectives (Sil) : 0.371412757264
 Objectives (PBM) : 98.7334770076
Cluster size 34 :14
Predicted Label for 34: [ 8  2  4 12  9  4  2  2  2  8  2  8 11  8  8  4  9 11  3  4 10  4  8  4  4
 12  9  8  4  8 10  9  2  4  9 11 11  9  4  9  4  2  9  9  9 12  2  8  4 12
  9  2  2  9  4  9  4 11  4  2  5  4 12  4  8 11 11 11  4  2 13  4  9  9  9
  8  4 11  8 11  7 10  9  2 11  2 13  4  2  9  7 13  8  9  4 12  7 12 12  9
  8 12  4  8  8  2 10  9  2  3  4 13 12  4  6  4  2 10  2  2  7 12  8  4  4
  0  3  9 12  7  7 11 11  9  7  5 13  2  4  8 12  8  8  8 10 10  9  9  4  8
 12 11 10  8 10  8  9 13  4  9  7 12  7 13 10 12  8  9  2 10  7  4 11 12 11
  2 10  2 13  9  7  4  4  6  2  5  3  3 11  4  3 10  2  4 11  7  7 11  4  2
 10 12  3  7 12 12  2  5  9  8  2 13  8  2  9  7  2 11  3 12  2  4  4  4  4
 13  9  4 10  2  7  2  9 12  9  9  2  4 11  4  2  2  9  9  4  7  2 12  9  9
  8 12  7 10  8  4  7  4  4 13  9  8  4  8  4  9  2  3  9 12  4  3 12 11  2
  2  8  3  8  5  2  2 12 11 13  4 12 10  2  9  9 10 11  8  9  4  9  7 12  4
 12 11  2 11 10 12  2 11  9  2 12 12 12  4  4  4  4 12  2 12 12 12  2  4  8
  4  8  3 10 12  2  3  8  2 11  4  4  5  9  2  9 12  4  7  9  8  2  4  4  8
  9  4 10  2  9  9 11  9 11  8  2  4  7  8  3  2  9 11  4  2  8  6 11 12 11
  4  6 11 11  2 13 12  9  2  7 12  9  2  4  2  4  7  9 12 12  3  4  9  2  9
  9 13  7]
 Dunn Index 34 : 0.0697618509263
---------------------------------------------------------------------------------------------------------
chromosome 35 : [ 0.45321726  0.00576526 -0.26459686 ...,  0.          0.          0.        ]
 Objectives (Sil) : 0.400973274692
 Objectives (PBM) : 44.0130948299
Cluster size 35 :10
Predicted Label for 35: [9 8 5 6 7 5 8 8 8 9 8 9 6 9 9 5 7 6 9 5 4 5 9 5 5 5 7 9 5 9 4 7 8 5 7 6 6
 7 5 7 5 8 7 7 7 6 8 9 5 5 7 8 8 7 5 7 5 6 5 8 3 5 6 5 9 6 6 6 5 8 3 5 7 7
 7 9 5 6 9 6 4 4 7 8 6 8 3 5 8 7 4 3 9 7 5 6 4 6 6 7 9 5 5 9 9 8 4 7 8 2 5
 3 6 5 0 5 8 4 8 8 4 6 9 5 5 2 2 7 6 4 4 6 6 7 4 3 3 8 5 9 5 9 8 9 4 4 7 7
 5 9 6 6 4 9 3 9 7 3 5 7 4 6 4 3 3 6 9 7 8 4 4 5 6 6 6 8 4 8 3 7 4 5 5 1 8
 3 2 2 6 5 9 4 8 5 6 4 4 6 5 8 4 6 2 4 6 6 8 3 7 9 8 3 9 8 7 4 8 6 2 6 8 5
 5 5 5 3 7 5 4 8 4 8 7 6 7 7 8 5 6 5 8 8 7 7 5 4 8 6 7 7 9 5 4 4 9 5 4 5 5
 3 7 9 5 8 5 7 8 2 7 6 5 2 6 6 8 8 9 2 9 3 8 8 5 6 3 5 6 4 8 7 7 4 6 9 7 5
 7 6 6 5 6 6 8 6 4 6 8 6 7 8 6 6 5 5 7 5 5 6 8 6 6 6 8 5 9 5 9 2 4 6 8 2 9
 8 6 5 5 3 7 8 7 6 5 4 7 9 8 5 5 9 7 5 4 8 7 7 6 7 6 9 8 5 4 9 2 8 7 6 5 7
 8 1 6 5 6 5 1 6 6 8 3 6 7 8 4 6 7 8 5 8 5 4 7 6 6 2 5 7 8 7 7 3 4]
 Dunn Index 35 : 0.0109886857122
---------------------------------------------------------------------------------------------------------
chromosome 36 : [ 0.5115073   0.0128713  -0.27940472 ...,  0.          0.          0.        ]
 Objectives (Sil) : 0.433444304792
 Objectives (PBM) : 216.747303332
Cluster size 36 :8
Predicted Label for 36: [1 7 2 2 7 2 7 7 7 1 7 1 4 1 6 2 7 4 1 2 3 2 6 2 2 2 7 6 2 6 3 2 6 2 7 4 4
 2 2 7 2 6 2 7 2 4 6 1 2 2 7 7 7 7 2 7 2 4 2 6 3 2 4 2 6 4 4 4 2 6 3 2 7 7
 7 6 2 4 6 4 4 3 2 6 4 7 3 2 6 7 4 3 1 7 2 4 3 4 4 2 6 2 2 6 6 6 3 7 7 1 2
 3 4 2 5 2 6 3 6 6 3 2 1 2 2 0 1 7 4 4 4 4 4 7 4 5 3 6 2 6 2 1 6 6 3 3 7 7
 2 1 4 4 3 6 3 6 7 3 2 7 4 4 4 3 3 4 6 7 6 3 3 2 4 4 4 6 3 7 3 7 4 2 2 5 7
 3 1 1 4 2 1 3 6 2 4 4 3 4 2 6 3 4 1 4 4 4 7 3 2 6 6 3 1 7 7 4 6 4 1 2 6 2
 2 2 2 3 7 2 3 6 4 6 7 4 7 2 6 2 4 2 7 7 7 7 2 4 6 2 7 2 6 2 4 3 1 2 4 2 2
 3 7 6 2 6 2 7 6 1 2 4 2 1 2 4 6 6 6 1 6 3 7 6 2 4 3 2 4 3 6 7 7 3 4 6 2 2
 7 4 4 2 2 4 6 4 3 4 6 4 7 7 4 4 2 2 2 2 2 4 7 4 4 4 6 2 1 2 6 1 3 4 7 1 6
 6 4 2 2 3 7 6 7 4 2 3 2 1 6 2 2 6 7 2 3 7 7 7 4 7 4 6 6 2 3 6 1 7 7 4 2 7
 6 5 4 2 4 2 5 4 4 7 3 4 7 6 4 4 7 7 2 6 2 4 7 4 4 1 2 2 7 7 2 3 4]
 Dunn Index 36 : 0.0441506976133
---------------------------------------------------------------------------------------------------------
chromosome 37 : [ 0.44720695  0.00888237 -0.26115458 ...,  0.          0.          0.        ]
 Objectives (Sil) : 0.30510534867
 Objectives (PBM) : 63.0628509635
Cluster size 37 :19
Predicted Label for 37: [ 7  9  8 18  6 18  1  9  1  7  1  7 15  7  5  8  6 15 17 11 12  8  7 11 18
 18 10  7  8  7 12  8  5  8 11 14 14 11  8  6  8  5  8  6 11 14  5  7  8 18
  6  9  1 10  8  6  8 15 18  5  3  8 14  8  7 14 14 15 11  5 13 18 10  6  6
  7  8 14  7 14 15 12 11  5 15  1 13 18  1 10 15 13  7  6 18 14 15 14 14 11
  7 18 18  7  5  5 12  6  9 17 18 13 14 11 16 11  5 12  5  1 15 18  7 18  8
  0 17  6 14 15 15 14 14 10 15  2 13  1 18  7 18  7  5  7 12 12 10 10 18  7
 14 15 12  7 12  5 10 13 18  6 15 14 15 13 12 14  7  6  5 12 15  8 15 14 14
  5 12  1 13 10 15 18 18 16  1  4 17 17 14 11 17 12  1  8 14 15 12 14 18  5
 12 14 17 15 14 14  1  4 11  7  1 13  7  1 10 15  5 14 17 18  5 18 11  8  8
  4  6  8 12  1 15  5 11 14  6  6  1 11 14 18 10  1 10 10  8 15  5 18  6 11
  7 18 15 12  7  8 15  8 11 13 10  7  8  5  8 10  5 17 11 14  8 17 18 14  1
  5  7 17  7  4  9  1 18 15 13 18 14 12  5  6  6 12 14  7  6 18 10 15 14 18
 18 14  5 15 12 14  1 15 10  1 14 14 18 18 11 11  8 14  1 14 18 14  5 11  7
 18  5 17 12 14  9 17  7  5 15 18 18  4 11  5  6 14 18 15  8  7  5 18 18  7
 10  8 12  1 10 10 14 10 14  7  5 18 15  5 17  9  6 14 18  9  5 16 14 18 14
 18 16 14 14  1 13 14 10  5 15 14  6  1 11  5 18 15 10 14 14 17  8  8  1 10
 11 13 15]
 Dunn Index 37 : 0.0527296258105
---------------------------------------------------------------------------------------------------------
chromosome 38 : [ 0.46461854  0.01168128 -0.2711253  ...,  0.          0.          0.        ]
 Objectives (Sil) : 0.376761984327
 Objectives (PBM) : 96.6057410005
Cluster size 38 :10
Predicted Label for 38: [4 1 8 8 7 8 1 1 1 4 1 0 9 0 3 8 7 9 0 8 9 8 4 8 8 8 7 4 7 3 9 7 1 8 7 9 9
 7 7 7 8 1 7 7 7 8 3 4 7 8 7 1 1 7 8 7 7 9 8 1 2 7 8 8 3 9 9 9 8 1 2 8 7 7
 7 3 8 9 4 9 9 2 7 3 9 1 2 8 1 7 9 2 4 7 8 8 9 9 8 7 3 8 8 4 3 1 9 7 1 5 8
 2 8 7 2 8 1 2 1 1 9 8 0 8 7 6 5 7 9 9 9 9 9 7 9 2 2 1 8 3 8 4 3 3 9 2 7 7
 8 4 9 9 9 3 2 3 7 2 8 7 9 9 9 2 2 8 3 7 1 2 9 8 9 8 9 1 9 1 2 7 9 8 8 2 1
 2 5 5 9 8 0 2 1 8 9 9 9 9 8 1 9 8 5 9 8 8 1 2 7 3 1 2 0 1 1 9 1 9 5 8 1 8
 8 7 8 2 7 7 9 1 9 3 7 9 7 7 1 7 9 8 1 1 1 7 8 9 1 8 7 7 4 8 9 9 0 7 9 8 7
 2 7 4 8 3 7 7 1 5 7 8 8 5 8 9 1 1 3 5 4 2 1 1 8 9 2 8 9 2 3 7 7 2 9 4 7 8
 7 9 9 8 8 9 1 9 9 8 1 9 7 1 8 8 8 8 7 8 8 8 1 8 8 8 1 7 0 8 3 5 2 8 1 0 4
 1 9 8 8 2 7 1 7 8 8 9 7 0 1 8 8 4 7 7 2 1 7 7 9 7 9 3 1 8 9 3 0 1 7 9 8 1
 3 2 9 8 9 8 2 9 9 1 2 9 7 3 9 8 7 1 8 1 8 9 7 9 8 5 7 7 1 7 7 2 9]
 Dunn Index 38 : 0.0249583216892
---------------------------------------------------------------------------------------------------------
chromosome 39 : [ 0.48133767  0.0126855  -0.2810383  ...,  0.          0.          0.        ]
 Objectives (Sil) : 0.45800138102
 Objectives (PBM) : 171.280281213
Cluster size 39 :7
Predicted Label for 39: [3 5 6 4 5 6 5 5 5 3 5 3 4 3 5 6 6 4 3 6 0 6 3 6 6 6 5 3 6 3 0 6 5 6 6 4 4
 6 6 6 6 5 6 6 6 4 5 3 6 4 6 5 5 5 6 6 6 4 6 5 0 6 4 6 3 4 4 4 6 5 0 6 6 6
 6 3 6 4 3 4 4 0 6 5 4 5 0 6 5 5 0 0 3 6 6 4 0 4 4 6 3 6 6 3 5 5 0 6 5 3 6
 0 4 6 1 6 5 0 5 5 0 4 3 6 6 2 3 6 4 4 4 4 4 5 4 1 0 5 6 3 4 3 5 3 0 0 5 6
 6 3 4 4 0 3 0 5 5 0 6 6 4 4 4 0 0 4 3 6 5 0 0 6 4 4 4 5 0 5 0 5 4 6 6 1 5
 0 3 3 4 6 3 0 5 6 4 4 0 4 6 5 0 4 3 4 4 4 5 0 6 3 5 0 3 5 5 4 5 4 3 4 5 6
 6 6 6 0 6 6 0 5 4 5 6 4 6 6 5 6 4 6 5 5 5 5 6 4 5 4 6 6 3 6 4 0 3 6 4 6 6
 0 5 3 6 5 6 5 5 3 6 4 6 3 4 4 5 5 3 3 3 0 5 5 6 4 0 6 4 0 5 6 6 0 4 3 6 6
 5 4 4 6 4 4 5 4 0 4 5 4 5 5 4 4 4 6 6 6 6 4 5 4 4 4 5 6 3 6 5 3 0 4 5 3 3
 5 4 6 6 0 6 5 6 4 6 0 6 3 5 6 6 3 6 6 0 5 6 6 4 5 4 3 5 6 0 5 3 5 6 4 6 5
 5 1 4 4 4 6 1 4 4 5 0 4 5 5 0 4 6 5 6 5 6 4 5 4 4 3 6 6 5 5 6 0 4]
 Dunn Index 39 : 0.0260065106326
---------------------------------------------------------------------------------------------------------
chromosome 40 : [ 42.72312626  42.50335042  42.26306343 ...,   0.           0.           0.        ]
 Objectives (Sil) : 0.52489892307
 Objectives (PBM) : 15.4416062191
Cluster size 40 :2
Predicted Label for 40: [0 0 1 1 0 1 0 0 0 0 0 0 1 0 0 1 0 1 0 1 1 1 0 1 1 1 0 0 1 0 1 1 0 1 0 1 1
 1 1 0 1 0 1 0 1 1 0 0 1 1 0 0 0 0 1 0 1 1 1 0 1 1 1 1 0 1 1 1 1 0 1 1 0 0
 0 0 1 1 0 1 1 1 1 0 1 0 1 1 0 0 1 1 0 0 1 1 1 1 1 0 0 1 1 0 0 0 1 0 0 0 1
 1 1 1 1 1 0 1 0 0 1 1 0 1 1 0 0 0 1 1 1 1 1 0 1 1 1 0 1 0 1 0 0 0 1 1 0 0
 1 0 1 1 1 0 1 0 0 1 1 0 1 1 1 1 1 1 0 0 0 1 1 1 1 1 1 0 1 0 1 0 1 1 1 1 0
 1 0 0 1 1 0 1 0 1 1 1 1 1 1 0 1 1 0 1 1 1 0 1 1 0 0 1 0 0 0 1 0 1 0 1 0 1
 1 1 1 1 0 1 1 0 1 0 0 1 0 1 0 1 1 1 0 0 0 0 1 1 0 1 0 1 0 1 1 1 0 1 1 1 1
 1 0 0 1 0 1 0 0 0 0 1 1 0 1 1 0 0 0 0 0 1 0 0 1 1 1 1 1 1 0 0 0 1 1 0 0 1
 0 1 1 1 1 1 0 1 1 1 0 1 0 0 1 1 1 1 1 1 1 1 0 1 1 1 0 1 0 1 0 0 1 1 0 0 0
 0 1 1 1 1 0 0 0 1 1 1 1 0 0 1 1 0 0 1 1 0 0 0 1 0 1 0 0 1 1 0 0 0 0 1 1 0
 0 1 1 1 1 1 1 1 1 0 1 1 0 0 1 1 0 0 1 0 1 1 0 1 1 0 1 1 0 0 1 1 1]
 Dunn Index 40 : 0.00586054374229
---------------------------------------------------------------------------------------------------------
chromosome 41 : [ 0.45042002  0.00925344 -0.26293081 ...,  0.          0.          0.        ]
 Objectives (Sil) : 0.329254413537
 Objectives (PBM) : 129.567452127
Cluster size 41 :14
Predicted Label for 41: [ 1 11 13 10 11 10 11 11 11  1 11  1  4  1  8  9 12  4  6  9  5 13  1  9  9
 10 11  1 13  1  5 13  8 13 12  7  4 12 13 12 13  8 13 12 12  7  8  1 13 10
 12 11 11 11  9 12 13  4  9  8  3 13  7 13  1  7  7  4  9  8  3 10 12 12 12
  1 13  7  1  4  4  5 12  8  4 11  3 10  8 11  4  3  1 12 10  7  5  7  7 12
  1 10 10  1  8  8  5 12 11  6  9  3  7  9  0  9  8  5  8  8  5 10  1 10 13
  2  6 12  7  4  4  7  4 11  4  3  3  8 10  1 10  1  8  1  5  5 11 12 10  1
  7  4  5  1  5  8 12  3 10 12  4  7  4  5  5  7  1 12  8  5  5  9  4  7  7
  8  5 11  3 12  4  9 10  0 11  3  6  6  4  9  6  5 11 13  4  4  5  7 10  8
  5  7  6  4  7  7 11  3 12  1 11  5  1 11 11  4  8  7  6 10  8  9  9 13  9
  3 12 13  5  8  4  8 12  7 12 13 11 13  7  9 11 11 11 11  9  4  8 10 12 12
  1 10  4  5  1 13  4 13  9  5 11  1 13  8 13 11  8  6 12  7 13  6 10  4  8
  8  1  6  1  3 11  8 10  4  3 10  7  5  8 12 12  5  7  1 12 10 11  4  7 10
  7  7  8  4  5  7  8  4 11 11  7  7 10 10 13  9 10  7 11  7  7  7  8 13  1
  9  8  6  5  7 11  6  1  8  4 10  9  3 12  8 12  7  9  5 13  1  8  9 10  1
 12 13  5 11 12 12  4 12  4  1  8 10  5  8  6 11 12  4 10 11  8  0  4 10  7
  9  0  7  7 11  3  7 12  8  4  7 12 11  9  8 10  4 12  7  7  6 13 13 11 11
 12  3  4]
 Dunn Index 41 : 0.0409296343416
---------------------------------------------------------------------------------------------------------
chromosome 42 : [ 0.46732122  0.01448457 -0.27273735 ...,  0.          0.          0.        ]
 Objectives (Sil) : 0.371693370404
 Objectives (PBM) : 32.6899823692
Cluster size 42 :14
Predicted Label for 42: [12 11  8  9 10  8 11 11 11 12 11 12  7 12 12  8 10  7 12  8  6  8 12  8  8
  9 10 12  8 12  6 10 11  8 10  7  7 10  8 10  8 11 10 10 10  9 11 12  8  9
 10 11 11 10  8 10  8  7  8 11  5  8  9  8 12  7  9  7  8 11  4  8 10 10 10
 12  8  7 12  7  6  4 10 11  7 11  4  8 11 10  6  4 12 10  8  9  6  9  9 10
 12  9  8 12 12 11  6 10 11 13  8  4  9  8  0  8 11  4 11 11  6  9 12  8  8
 13 13 10  9  6  7  7  7 10  6  5  4 11  8 12  9 12 11 12  6  4 10 10  8 12
  9  7  6 12  4 12 10  4  8 10  7  9  6  4  4  9 12 10 11  4  6  8  7  9  9
 11  6 11  4 10  6  8  8  1 11  5 13 13  7  8 12  4 11  8  7  6  6  7  8 11
  6  9 13  6  9  9 11  5 10 12 11  4 12 11 10  7 11  7 13  9 11  8  8  8  8
  5 10  8  6 11  6 11 10  9 10 10 11  8  7  8 11 11 10 10  8  7 11  9 10 10
 12  9  6  6 12  8  6  8  8  4 10 12  8 11  8 10 11 13 10  9  8 13  9  7 11
 11 12 13 12  5 11 11  9  7  4  8  9  4 11 10 10  4  7 12 10  8 10  7  9  8
  9  7 11  7  6  9 11  7 10 11  9  9  9  8  8  8  8  9 11  9  9  9 11  8 12
  8 12 13  4  9 11 13 12 11  7  8  8  5 10 11 10  9  8  6 10 12 11  8  8 12
 10  8  4 11 10 10  7 10  7 12 11  8  6 12 13 11 10  7  8 10 11  3  7  9  7
  8  2  7  7 11  4  9 10 11  6  9 10 11  8 11  8  6 10  9  9 13  8 10 11 10
 10  4  7]
 Dunn Index 42 : 0.0102137253893
---------------------------------------------------------------------------------------------------------
chromosome 43 : [ 3.09928781  2.66446472  2.38850323 ...,  0.          0.          0.        ]
 Objectives (Sil) : 0.488774631304
 Objectives (PBM) : 15.8435804744
Cluster size 43 :3
Predicted Label for 43: [2 1 1 1 1 1 1 1 2 2 2 2 0 2 2 1 1 0 2 1 0 1 2 1 1 1 1 2 1 2 0 1 2 1 1 0 0
 1 1 1 1 2 1 1 1 1 2 2 1 1 1 1 1 1 1 1 1 0 1 2 0 1 0 1 2 0 0 0 1 2 0 1 1 1
 1 2 1 0 2 0 0 0 1 2 0 1 0 1 2 1 0 0 2 1 1 0 0 0 0 1 2 1 1 2 2 2 0 1 1 2 1
 0 1 1 0 1 2 0 2 2 0 1 2 1 1 2 2 1 0 0 0 0 0 1 0 0 0 2 1 2 1 2 2 2 0 0 1 1
 1 2 0 0 0 2 0 2 1 0 1 1 0 0 0 0 0 1 2 1 2 0 0 1 0 1 0 2 0 1 0 1 0 1 1 0 1
 0 2 2 0 1 2 0 2 1 0 0 0 0 1 2 0 1 2 0 1 0 1 0 1 2 2 0 2 1 1 0 2 0 2 1 2 1
 1 1 1 0 1 1 0 2 0 2 1 0 1 1 2 1 0 1 1 1 1 1 1 0 2 1 1 1 2 1 0 0 2 1 0 1 1
 0 1 2 1 2 1 1 2 2 1 0 1 2 1 0 2 2 2 2 2 0 1 2 1 0 0 1 0 0 2 1 1 0 0 2 1 1
 1 0 0 1 1 0 2 0 0 1 2 0 1 1 1 0 1 1 1 1 1 1 2 0 1 1 2 1 2 1 2 2 0 0 1 2 2
 2 0 1 1 0 1 2 1 0 1 0 1 2 2 1 1 2 1 1 0 1 1 1 0 1 0 2 2 1 0 2 2 1 1 0 1 1
 2 0 0 1 0 1 0 0 0 1 0 0 1 2 0 0 1 1 1 2 1 0 1 0 0 2 1 1 1 1 1 0 0]
 Dunn Index 43 : 0.012343495249
---------------------------------------------------------------------------------------------------------
chromosome 44 : [ 0.47020968  0.01100511 -0.27448968 ...,  0.          0.          0.        ]
 Objectives (Sil) : 0.367499495837
 Objectives (PBM) : 58.4734129837
Cluster size 44 :19
Predicted Label for 44: [ 3  5 11 18 10 11  5  5  5  3  5  3 17  3  3 11 10 17  2 11 15 11  3 11 11
 18 10  3 11  3 15 10  5 11 10 17 17 10 11 10 11  5 10 10 10 18  5  3 11 18
 10  5  5 10 11 10 11 17 11  5 12 11 18 11  3 17 18 17 11  5 16 11 10 10 10
  3 11 17  3 17 15 16 10  5 17  5 16 11  5 10 15 14  3 10 11 18 15 18 18 10
  3 18 11  3  3  5 15 10  5  2 11 14 18 11  0 11  5 16  5  5 15 18  3 11 11
  4  2 10 18 15 17 17 17 10 15  9 16  5 11  3 18  3  3  3 15 16 10 10 11  3
 18 17 15  3 16  3 10 16 11 10 17 18 15 16 16 18  3 10  5 16 15 11 17 18 18
  5 15  5 16 10 15 11 11  1  5 14  2  2 17 11  2 16  5 11 17 15 15 17 11  5
 15 18  2 15 18 18  5 14 10  3  5 16  3  5 10 17  5 17  2 18  5 11 11 11 11
 14 10 11 15  5 15  5 10 18 10 10  5 11 17 11  5  5 10 10 11 17  5 18 10 10
  3 18 15 15  3 11 15 11 11 16 10  3 11  3 11 10  5  2 10 18 11  2 18 17  5
  5  3  2  3 14  5  5 18 17 14 11 18 16  5 10 10 16 17  3 10 11 10 17 18 11
 18 17  5 17 15 18  5 17 10  5 18 18 18 11 11 11 11 18  5 18 18 18  5 11  3
 11  3  2 16 18  5  2  3  5 17 11 11 13 10  5 10 18 11 15 10  3  5 11 11  3
 10 11 16  5 10 10 17 10 17  3  5 11 15  3  2  5 10 17 11  5  3  8 17 18 17
 11  6 17 17  5 14 18 10  5 15 18 10  5 11  5 11 15 10 18 18  2 11 10  5 10
 10 16 17]
 Dunn Index 44 : 0.0531301189569
---------------------------------------------------------------------------------------------------------
chromosome 45 : [ 0.64045469  0.01344377 -0.29017472 ...,  0.          0.          0.        ]
 Objectives (Sil) : 0.457141282622
 Objectives (PBM) : 35.7892394151
Cluster size 45 :4
Predicted Label for 45: [2 3 1 1 3 1 3 3 3 2 3 2 1 2 2 1 3 0 2 1 0 1 2 1 1 1 3 2 1 2 0 3 3 1 3 1 1
 3 1 3 1 3 3 3 3 1 3 2 1 1 3 3 3 3 1 3 1 0 1 3 0 1 1 1 2 1 1 1 1 3 0 1 3 3
 3 2 1 1 2 1 0 0 3 3 1 3 0 1 3 3 0 0 2 3 1 1 0 1 1 3 2 1 1 2 2 3 0 3 3 2 1
 0 1 1 0 1 3 0 3 3 0 1 2 1 1 2 2 3 1 0 0 1 1 3 0 0 0 3 1 2 1 2 3 2 0 0 3 3
 1 2 1 1 0 2 0 2 3 0 1 3 0 1 0 0 0 1 2 3 3 0 0 1 1 1 1 3 0 3 0 3 0 1 1 0 3
 0 2 2 1 1 2 0 3 1 1 0 0 1 1 3 0 1 2 0 1 1 3 0 3 2 3 0 2 3 3 0 3 1 2 1 3 1
 1 1 1 0 3 1 0 3 0 3 3 1 3 3 3 1 1 1 3 3 3 3 1 0 3 1 3 3 2 1 0 0 2 1 0 1 1
 0 3 2 1 3 1 3 3 2 3 1 1 2 1 1 3 3 2 2 2 0 3 3 1 1 0 1 1 0 3 3 3 0 1 2 3 1
 3 1 1 1 1 1 3 1 0 1 3 1 3 3 1 1 1 1 1 1 1 1 3 1 1 1 3 1 2 1 2 2 0 1 3 2 2
 3 0 1 1 0 3 3 3 1 1 0 3 2 3 1 1 2 3 1 0 3 3 3 1 3 1 2 3 1 0 2 2 3 3 1 1 3
 3 0 1 1 1 1 0 1 1 3 0 1 3 3 0 1 3 3 1 3 1 0 3 1 1 2 1 3 3 3 3 0 0]
 Dunn Index 45 : 0.012864099336
---------------------------------------------------------------------------------------------------------
chromosome 46 : [ 84.6688115   84.99488891  84.8233485  ...,   0.           0.           0.        ]
 Objectives (Sil) : 0.390411507601
 Objectives (PBM) : 34.7523037964
Cluster size 46 :12
Predicted Label for 46: [11 10  8  7  9  8 10 10 10 11 10 11  4 11 11  8  9  4 11  8  6  8 11  8  8
  8  9 11  8 11  4  9 10  8  9  7  7  9  8  9  8 10  9  9  9  7 10 11  8  8
  9 10 10  9  8  9  8  4  8 10  3  8  7  8 11  7  7  4  8 10  6  8  9  9  9
 11  8  7 11  7  4  6  9 10  4 10  6  8 10  9  4  3 11  9  8  7  4  7  7  9
 11  8  8 11 11 10  6  9 10  5  8  3  7  8  0  8 10  6 10 10  4  7 11  8  8
  5  5  9  7  4  4  7  7  9  4  3  6 10  8 11  8 11 10 11  4  6  9  9  8 11
  7  4  4 11  6 11  9  6  8  9  4  7  4  6  6  7 11  9 10  6  4  8  4  7  7
 10  6 10  6  9  4  8  8  1 10  3  5  5  7  8 11  6 10  8  7  4  4  7  8 10
  6  7  5  4  7  7 10  3  9 11 10  6 11 10  9  4 10  7  5  7 10  8  8  8  8
  3  9  8  6 10  4 10  9  7  9  9 10  8  7  8 10 10  9  9  8  4 10  7  9  9
 11  8  4  6 11  8  4  8  8  6  9 11  8 10  8  9 10  5  9  7  8  5  7  7 10
 10 11  5 11  3 10 10  8  4  3  8  7  6 10  9  9  6  7 11  9  8  9  4  7  8
  7  7 10  4  6  7 10  4  9 10  7  7  8  8  9  8  8  7 10  7  7  7 10  8 11
  8 11  5  6  7 10  5 11 10  4  8  8  3  9 10  9  7  8  4  9 11 10  8  8 11
  9  8  6 10  9  9  7  9  7 11 10  8  4 11  5 10  9  7  8  9 10  2  7  7  7
  8  2  7  7 10  3  7  9 10  4  7  9 10  8 10  8  4  9  7  7  5  8  9 10  9
  9  6  4]
 Dunn Index 46 : 0.0115385142038
---------------------------------------------------------------------------------------------------------
chromosome 47 : [ 169.77760982  169.99572293  169.97141186 ...,    0.            0.            0.        ]
 Objectives (Sil) : 0.45800138102
 Objectives (PBM) : 233.131493873
Cluster size 47 :7
Predicted Label for 47: [6 5 4 3 5 4 5 5 5 6 5 6 3 6 5 4 4 3 6 4 2 4 6 4 4 4 5 6 4 6 2 4 5 4 4 3 3
 4 4 4 4 5 4 4 4 3 5 6 4 3 4 5 5 5 4 4 4 3 4 5 2 4 3 4 6 3 3 3 4 5 2 4 4 4
 4 6 4 3 6 3 3 2 4 5 3 5 2 4 5 5 2 2 6 4 4 3 2 3 3 4 6 4 4 6 5 5 2 4 5 6 4
 2 3 4 1 4 5 2 5 5 2 3 6 4 4 0 6 4 3 3 3 3 3 5 3 1 2 5 4 6 3 6 5 6 2 2 5 4
 4 6 3 3 2 6 2 5 5 2 4 4 3 3 3 2 2 3 6 4 5 2 2 4 3 3 3 5 2 5 2 5 3 4 4 1 5
 2 6 6 3 4 6 2 5 4 3 3 2 3 4 5 2 3 6 3 3 3 5 2 4 6 5 2 6 5 5 3 5 3 6 3 5 4
 4 4 4 2 4 4 2 5 3 5 4 3 4 4 5 4 3 4 5 5 5 5 4 3 5 3 4 4 6 4 3 2 6 4 3 4 4
 2 5 6 4 5 4 5 5 6 4 3 4 6 3 3 5 5 6 6 6 2 5 5 4 3 2 4 3 2 5 4 4 2 3 6 4 4
 5 3 3 4 3 3 5 3 2 3 5 3 5 5 3 3 3 4 4 4 4 3 5 3 3 3 5 4 6 4 5 6 2 3 5 6 6
 5 3 4 4 2 4 5 4 3 4 2 4 6 5 4 4 6 4 4 2 5 4 4 3 5 3 6 5 4 2 5 6 5 4 3 4 5
 5 1 3 3 3 4 1 3 3 5 2 3 5 5 2 3 4 5 4 5 4 3 5 3 3 6 4 4 5 5 4 2 3]
 Dunn Index 47 : 0.0260065106326
---------------------------------------------------------------------------------------------------------
chromosome 48 : [ 0.48447399  0.01410539 -0.28262169 ...,  0.          0.          0.        ]
 Objectives (Sil) : 0.35990902409
 Objectives (PBM) : 77.7623722792
Cluster size 48 :16
Predicted Label for 48: [10 14 15  8 14  8 14 14 13 10 13 10 12 10 13 15 14 12  9 15 11 15 10 15 15
  8 14 10 15 10 11 15 13 15 14 12 12 15 15 15 15 13 15 14 15  8 13 10 15  8
 14 14 14 14 15 14 15 12 15 13  3 15  8 15 10 12 12 12 15 13  4 15 14 14 14
 10 15 12 10 12 11  4 15 13 12 14  4  8 13 14 11  2 10 14 15  8 11  8  8 15
 10  8 15 10 13 13 11 15 14  6 15  2  8 15  5 15 13  4 13 13 11  8 10  8 15
  0  7 14  8 11 12 12 12 14 11  3  4 13 15 10  8 10 13 10 11  4 14 14 15 10
  8 12 11 10  4 13 14  4 15 14 12  8 11  4  4  8 10 14 13  4 11 15 12  8 12
 13 11 14  4 14 11 15 15  5 14  2  7  1 12 15  9  4 13 15 12 11 11 12 15 13
 11  8  9 11  8  8 14  2 15 10 13  4  9 14 14 12 13 12  7  8 13 15 15 15 15
  2 14 15 11 13 11 13 15  8 14 15 13 15 12 15 14 14 14 14 15 12 13  8 14 15
 10  8 11 11 10 15 11 15 15  4 14 10 15 13 15 14 13  7 15  8 15  7  8 12 13
 13 10  7 10  2 14 13  8 12  2 15  8  4 13 14 14  4 12 10 15  8 14 12  8 15
  8 12 13 12 11  8 13 12 14 14  8  8  8 15 15 15 15  8 13  8  8  8 13 15 10
 15 13  9  4  8 14  9 10 13 12 15 15  3 15 13 14  8 15 11 15 10 13 15 15 10
 14 15  4 14 14 14 12 14 12 10 13 15 11 13  9 14 14 12 15 14 13  5 12  8 12
 15  5 12 12 14  2  8 14 13 11  8 14 14 15 13  8 11 14  8  8  9 15 15 14 14
 15  4 12]
 Dunn Index 48 : 0.0912531714238
---------------------------------------------------------------------------------------------------------
chromosome 49 : [ 0.46188524  0.00810457 -0.26980923 ...,  0.          0.          0.        ]
 Objectives (Sil) : 0.319859660226
 Objectives (PBM) : 69.9291227087
Cluster size 49 :20
Predicted Label for 49: [11  2  1  8  2 17  2  2  3 11  3 11  7 11 14 18  9  7 19 18 10  1 14 18 18
 17  2 14  1 14 10  1  3  1  9  7  7  9  1  9  1  3  1  9  9  8  3 11  1 17
  9  2  2  2 18  9  1  7 18  3  6  1  8  1 14  7  8  7 18  3 12 17  9  9  9
 14  1  8 14  7 10 12  9  3  7  2 12 17  3  2 10 12 11  9 17  8 10  8  8  9
 14 17 17 11 14  3 10  9  2 13 18 12  8 18 16 18  3 12  3  3 10  8 11 17  1
  0 19  9  8 10  7  8  7  2 10  6 12  3 17 14 17 11 14 14 10 12  2  9 17 11
  8  7 10 14 12 14  9 12 17  9  7  8 10 12 12  8 14  9  3 12 10 18  7  8  8
  3 10  2 12  9 10 18 17 16  2  6 15 13  7 18 19 12  3  1  7 10 10  7 17  3
 10  8 19 10  8  8  2  6  9 14  3 12 11  2  2  7  3  7  5  8  3 18 18  1 18
  6  9  1 10  3 10  3  9  8  9  1  3  1  7 18  2  2  2  2 18  7  3 17  9  9
 11 17 10 10 11  1 10  1 18 12  2 14  1 14  1  2  3  5  9  8  1 19  8  7  3
  3 14 15 11  6  2  3 17  7 12 17  8 12  3  9  9 12  7 14  9 17  2  7  8 17
  8  7  3  7 10  8  3  7  2  2  8  8 17 17  1 18 17  8  3  8  8  8  3  1 11
 18 14 19 12  8  2 19 11  3  7 17 18  6  9  3  9  8 18 10  1 11  3 18 17 14
  9  1 12  2  9  9  7  9  7 14  3 17 10 14 19  2  9  7 17  2 14 16  7 17  8
 18 16  7  7  2 12  8  9  3 10  8  9  2 18  3 17 10  9  8  8 19  1  1  2  2
  9 12  7]
 Dunn Index 49 : 0.0826264923686
---------------------------------------------------------------------------------------------------------
chromosome 50 : [ 0.49710348  0.01318628 -0.29017472 ...,  0.30899872  0.61149945
  0.21314688]
 Objectives (Sil) : 0.399116449008
 Objectives (PBM) : 83.9144840859
Cluster size 50 :14
Predicted Label for 50: [ 8 11 12 13 11 12 11 11 10  8 10  8  4  8 10 12 11  4  7 12  4 12  8 12 12
 13 11  8 12  8  4 12 10 12 11 13 13 12 12 12 12 10 12 11 12 13 10  8 12 13
 11 11 11 11 12 11 12  4 12 10  2 12 13 12  8 13 13  4 12 10  2 12 11 11 11
  8 12 13  8 13  4  2 12 10  4 11  2 12 10 11  4  2  8 11 12 13  4 13 13 12
  8 13 12  8 10 10  4 12 11  3 12  2 13 12  5 12 10  2 10 10  4 13  8 12 12
  0  7 11 13  4  4 13 13 11  4  2  2 10 12  8 13  8 10  8  4  2 11 11 12  8
 13  4  4  8  2 10 11  2 12 11  4 13  4  2  2 13  8 11 10  2  4 12  4 13 13
 10  4 11  2 11  4 12 12  5 11  2  6  1 13 12  7  2 10 12 13  4  4 13 12 10
  4 13  7  4 13 13 11  2 12  8 10  2  8 11 11  4 10 13  9 13 10 12 12 12 12
  2 11 12  4 10  4 10 12 13 11 12 10 12 13 12 11 11 11 11 12  4 10 13 11 12
  8 13  4  4  8 12  4 12 12  2 11  8 12 10 12 11 10  9 12 13 12  7 13 13 10
 10  8  6  8  2 11 10 13  4  2 12 13  2 10 11 11  2 13  8 12 12 11  4 13 12
 13 13 10  4  4 13 10  4 11 11 13 13 13 12 12 12 12 13 10 13 13 13 10 12  8
 12 10  7  2 13 11  7  8 10  4 12 12  2 12 10 11 13 12  4 12  8 10 12 12  8
 11 12  2 11 11 11 13 11 13  8 10 12  4 10  7 11 11 13 12 11 10  5 13 13 13
 12  5 13 13 11  2 13 11 10  4 13 11 11 12 10 12  4 11 13 13  7 12 12 11 11
 12  2  4]
 Dunn Index 50 : 0.0734484614609
---------------------------------------------------------------------------------------------------------
chromosome 51 : [ 0.45214268  0.01332558 -0.26387617 ...,  0.          0.          0.        ]
 Objectives (Sil) : 0.325582051076
 Objectives (PBM) : 55.8853996191
Cluster size 51 :19
Predicted Label for 51: [ 3  0 15 18 10 15 13  0 13  3 13  3 16  3  4 11  8 16  7 17  6  9  3 17 17
 15 10  3  9  3 16  1  4  9 14 18 16  2 11  1  9  4  9  8  2 18  4  3 11 15
  8  0  0  0 15  8  1 16 15  4  5 11 18 11  3 18 18 16 17  4  6 15  8  8  8
  3  9 18  3 16 16  6 11  4 16  0  6 15 13 10 16  6  3  8 15 18 16 18 18 14
  3 15 15  3  4  4  6  8  0  7 17  6 18  2  5 17  4  6  4 13 16 18  3 15  9
 12  7  8 18 16 16 18 16 10 16  5  6 13 15  3 15  3  4  3 16  6  0 14 15  3
 18 16 16  3  6  4  0  6 15  8 16 18 16  6  6 18  3 10  4  6 16 11 16 18 18
  4  6 13  6  0 16 17 15  5 13  6  7  7 16 17  7  6 13  9 16 16 16 18 15  4
  6 18  7 16 18 18 13  6 14  3 13  6  3 13 10 16  4 18  7 18  4 15 17  9 11
  6  8 11  6 13 16  4  2 18  8  9 13 11 18 17  0 13  0 10 11 16  4 15  8 14
  3 15 16  6  3  9 16  9  2  6 10  3 11  4 11 10  4  7 14 18  9  7 18 16 13
  4  3  7  3  6  0 13 15 16  6 15 18  6  4  8  8  6 18  3 11 15 10 16 18 15
 18 18  4 16  6 18 13 16 10 13 18 18 15 15  1 17 15 18 13 18 18 18  4  1  3
 17  4  7  6 18  0  7  3  4 16 15 15  5 14  4 10 18 15 16  9  3  4 17 15  3
  8 11  6 13 14  8 16 10 16  3  4 15 16  4  7  0  8 16 15  0  4  5 18 15 18
 15  5 18 18 13  6 18  8  4 16 18  8 13 17  4 15 16  0 18 18  7 11 11 13  0
  2  6 16]
 Dunn Index 51 : 0.0390659105952
---------------------------------------------------------------------------------------------------------
chromosome 52 : [  8.30129889e-317   8.30128703e-317  -2.90174719e-001 ...,
   0.00000000e+000   0.00000000e+000   0.00000000e+000]
 Objectives (Sil) : 0.490751147518
 Objectives (PBM) : 101.150814916
Cluster size 52 :4
Predicted Label for 52: [0 0 2 2 2 2 0 0 0 0 0 0 1 0 0 2 2 1 0 2 1 2 0 2 2 2 2 0 2 0 1 2 0 2 2 1 1
 2 2 2 2 0 2 2 2 2 0 0 2 2 2 0 0 2 2 2 2 1 2 0 1 2 2 2 0 1 1 1 2 0 1 2 2 2
 2 0 2 1 0 1 1 1 2 0 1 0 1 2 0 2 1 1 0 2 2 2 1 2 2 2 0 2 2 0 0 0 1 2 0 0 2
 1 2 2 1 2 0 1 0 0 1 2 0 2 2 3 0 2 1 1 1 1 1 2 1 1 1 0 2 0 2 0 0 0 1 1 2 2
 2 0 2 1 1 0 1 0 2 1 2 2 1 2 1 1 1 2 0 2 0 1 1 2 1 2 1 0 1 0 1 2 1 2 2 1 0
 1 0 0 1 2 0 1 0 2 1 1 1 1 2 0 1 2 0 1 2 2 0 1 2 0 0 1 0 0 2 1 0 1 0 2 0 2
 2 2 2 1 2 2 1 0 1 0 2 1 2 2 0 2 1 2 2 0 2 2 2 1 0 2 2 2 0 2 1 1 0 2 1 2 2
 1 2 0 2 0 2 2 0 0 2 2 2 0 2 1 0 0 0 0 0 1 0 0 2 1 1 2 1 1 0 2 2 1 1 0 2 2
 2 1 2 2 2 1 0 1 1 2 0 1 2 0 2 2 2 2 2 2 2 2 0 2 2 2 0 2 0 2 0 0 1 2 0 0 0
 0 1 2 2 1 2 0 2 2 2 1 2 0 0 2 2 0 2 2 1 0 2 2 1 2 1 0 0 2 1 0 0 0 2 1 2 2
 0 1 1 2 1 2 1 1 1 0 1 2 2 0 1 2 2 0 2 0 2 1 2 2 2 0 2 2 0 2 2 1 1]
 Dunn Index 52 : 0.0203339967444
---------------------------------------------------------------------------------------------------------
chromosome 53 : [ 0.44846392  0.01085385 -0.261811   ...,  0.          0.          0.        ]
 Objectives (Sil) : 0.401741554711
 Objectives (PBM) : 111.946984969
Cluster size 53 :13
Predicted Label for 53: [ 8 10 12  9 10 12 10 10 11  8 11  8  9  8 11 12 10  9  6 12  5 12  8 12 12
 12 10  8 12  8  5 12 11 12 10  9  9 12 12 10 12 11 12 10 12  9 11  8 12 12
 10 10 10 10 12 10 12  5 12 11  4 12  9 12  8  9  9  9 12 11  4 12 10 10 10
  8 12  9  8  9  5  5 12 11  9 10  4 12 11 10  5  4  8 10 12  9  5  9  9 12
  8 12 12  8 11 11  5 10 10  3 12  4  9 12  0 12 11  5 11 11  5  9  8 12 12
  2  7 10  9  5  5  9  9 10  5  4  4 11 12  8 12  8 11  8  5  5 10 10 12  8
  9  9  5  8  4 11 10  4 12 10  5  9  5  4  4  9  8 10 11  5  5 12  9  9  9
 11  5 10  4 10  5 12 12  0 10  4  7  1  9 12  6  5 11 12  9  5  5  9 12 11
  5  9  6  5  9  9 10  4 12  8 11  4  6 11 10  5 11  9  7  9 11 12 12 12 12
  4 10 12  5 11  5 11 10  9 10 12 11 12  9 12 10 10 10 10 12  5 11  9 10 12
  8 12  5  5  8 12  5 12 12  4 10  8 12 11 12 10 11  7 12  9 12  7  9  9 11
 11  8  7  8  4 10 11 12  9  4 12  9  5 11 10 10  5  9  8 12 12 10  9  9 12
  9  9 11  9  5  9 11  9 10 10  9  9 12 12 12 12 12  9 11  9  9  9 11 12  8
 12 11  6  5  9 10  6  8 11  5 12 12  4 10 11 10  9 12  5 12  8 11 12 12  8
 10 12  5 10 10 10  9 10  9  8 11 12  5 11  6 10 10  9 12 10 11  0  9  9  9
 12  0  9  9 10  4  9 10 11  5  9 10 10 12 11 12  5 10  9  9  6 12 12 11 10
 12  4  5]
 Dunn Index 53 : 0.0648629950053
---------------------------------------------------------------------------------------------------------
chromosome 54 : [ 0.46188524  0.00810457 -0.26980923 ...,  0.          0.          0.        ]
 Objectives (Sil) : 0.329416376727
 Objectives (PBM) : 72.0775809493
Cluster size 54 :18
Predicted Label for 54: [ 2 14 15 17 13 17 14 14 14  2 14  2  0  2  3 11 13  1 10 11  1 15  2 11 11
 17 13  2 15  2  1 15  3 15 13  0  0 11 15 13 15  3 15 13 11  0  3  2 15 17
 13 14 14 13 15 13 15  1 17  3  5 15  0 15  2  0  0  0 11  3 12 17 13 13 13
  2 15  0  2  0  1 12 11  3  0 14 12 17  3 13  1 12  2 13 17  0  1  0  0 11
  2 17 17  2  3  3  1 15 14  8 11 12 17 11 16 11  3 12  3  3  1 17  2 17 15
  4  9 13  0  1  1  0  0 13  1  5 12  3 17  2 17  2  3  2  1 12 13 13 17  2
  0  0  1  2 12  3 13 12 17 13  1  0  1 12 12  0  2 13  3 12  1 11  0  0  0
  3  1 14 12 13  1 11 17 16 14  5  9  7  0 11 10 12 14 15  0  1  1  0 17  3
  1  0 10  1  0  0 14  5 11  2 14 12 10 14 14  1  3  0  9 17  3 17 11 15 15
  5 13 15  1 14  1  3 11  0 13 15 14 11  0 17 14 14 14 13 15  1  3 17 13 11
  2 17  1  1  2 15  1 15 11 12 13  2 15  3 11 13  3  9 11  0 15  9 17  0  3
  3  2  9  2  5 14  3 17  0 12 17  0 12  3 13 13 12  0  2 15 17 13  0  0 17
 17  0  3  0  1  0 14  0 13 14 17  0 17 17 11 11 15 17 14  0 17 17  3 11  2
 17  3 10 12  0 14 10  2  3  1 17 17  5 11  3 13  0 17  1 15  2  3 11 17  2
 13 15 12 14 13 13  0 13  0  2  3 17  1  3 10 14 13  0 17 14  3 16  0 17  0
 17 16  0  0 14 12  0 13  3  1  0 13 14 11  3 17  1 13  0  0 10 15 15 14 13
 11 12  1]
 Dunn Index 54 : 0.0897863518175
---------------------------------------------------------------------------------------------------------

-------------------------------------------------------------------------------------------------------------

-------------------------------------------------------------------------------------------------------------

 Maximum dunn_index for 4th chromosome : 0.61217405425

 Maximum silhouette score : 0.806300957133

 Maximum pbm index : 244.354944557
Final label corresponding to max Dunn for 4 chromosome : [0 0 0 0 0 0 0 0 0 0 0 0 0 0 0 0 0 0 0 0 0 0 0 0 0 0 0 0 0 0 0 0 0 0 0 0 0
 0 0 0 0 0 0 0 0 0 0 0 0 0 0 0 0 0 0 0 0 0 0 0 0 0 0 0 0 0 0 0 0 0 0 0 0 0
 0 0 0 0 0 0 0 0 0 0 0 0 0 0 0 0 0 0 0 0 0 0 0 0 0 0 0 0 0 0 0 0 0 0 0 0 0
 0 0 0 0 0 0 0 0 0 0 0 0 0 0 1 0 0 0 0 0 0 0 0 0 0 0 0 0 0 0 0 0 0 0 0 0 0
 0 0 0 0 0 0 0 0 0 0 0 0 0 0 0 0 0 0 0 0 0 0 0 0 0 0 0 0 0 0 0 0 0 0 0 0 0
 0 0 0 0 0 0 0 0 0 0 0 0 0 0 0 0 0 0 0 0 0 0 0 0 0 0 0 0 0 0 0 0 0 0 0 0 0
 0 0 0 0 0 0 0 0 0 0 0 0 0 0 0 0 0 0 0 0 0 0 0 0 0 0 0 0 0 0 0 0 0 0 0 0 0
 0 0 0 0 0 0 0 0 0 0 0 0 0 0 0 0 0 0 0 0 0 0 0 0 0 0 0 0 0 0 0 0 0 0 0 0 0
 0 0 0 0 0 0 0 0 0 0 0 0 0 0 0 0 0 0 0 0 0 0 0 0 0 0 0 0 0 0 0 0 0 0 0 0 0
 0 0 0 0 0 0 0 0 0 0 0 0 0 0 0 0 0 0 0 0 0 0 0 0 0 0 0 0 0 0 0 0 0 0 0 0 0
 0 0 0 0 0 0 0 0 0 0 0 0 0 0 0 0 0 0 0 0 0 0 0 0 0 0 0 0 0 0 0 0 0]

 No of clusters detected automatically : 2
 For chromosome : 4