Generation no  :  0
Clusters : [35, 5, 6, 17, 42, 36, 13, 33, 15, 13, 39, 10, 39, 26, 27, 45, 5, 36, 17, 11]
Predicted labels : [array([25,  0, 33, ...,  0,  0,  0], dtype=int32), array([1, 3, 3, ..., 3, 3, 3], dtype=int32), array([1, 3, 3, ..., 3, 3, 3], dtype=int32), array([14,  0, 14, ...,  0,  0,  0], dtype=int32), array([26, 33, 40, ..., 27, 33, 27], dtype=int32), array([35, 21, 30, ..., 21, 21, 21], dtype=int32), array([ 7, 10,  7, ..., 10, 10, 10], dtype=int32), array([30, 28, 10, ..., 17, 28, 28], dtype=int32), array([ 2, 12, 12, ..., 12, 12, 12], dtype=int32), array([11,  8,  8, ...,  8,  8,  8], dtype=int32), array([26, 17, 25, ..., 17, 17, 17], dtype=int32), array([2, 8, 8, ..., 8, 8, 8], dtype=int32), array([26, 12, 16, ..., 12, 12, 12], dtype=int32), array([ 1,  0, 17, ...,  0,  0,  0], dtype=int32), array([ 3, 15, 22, ..., 15, 15, 15], dtype=int32), array([ 3, 27, 22, ..., 27, 26, 27], dtype=int32), array([3, 0, 0, ..., 0, 0, 0], dtype=int32), array([26, 25,  2, ..., 25, 25,  2], dtype=int32), array([ 7,  9, 16, ...,  9,  9,  9], dtype=int32), array([8, 0, 0, ..., 0, 0, 0], dtype=int32)]
PBM index : [1195.3674348434001, 50333.49790378938, 34689.518914674016, 4821.972338852337, 839.1276770855194, 1199.3239667513858, 6947.175210986829, 1350.94091357734, 5894.816554596453, 7981.69114007434, 967.2409974801441, 13015.387413235516, 1024.5205125512928, 1893.0541851599212, 1916.5469926257163, 779.7715121364058, 51194.729798637134, 1132.3579031866143, 4269.781468371028, 9064.128417956812]
Sil score : [0.07759667086059789, 0.2995493081415133, 0.4493339778130212, 0.07815827197674795, -0.07377881850668792, 0.04663450674225356, 0.09973546414513049, -0.011054151857630415, 0.1024646873361935, 0.07553610895023967, -0.11454060822093669, 0.08982684484340626, 0.0229378241593122, 0.0762989820321254, 0.018962662398956245, -0.03430122928736499, 0.34850526078314226, -0.03545175228189697, 0.043603217835756033, 0.12636291491912185]
Generation no  :  1
Clusters : [35, 5, 5, 17, 42, 35, 13, 33, 15, 14, 39, 9, 39, 27, 27, 44, 6, 37, 18, 11]
Predicted labels : [array([ 3, 28, 15, ..., 33, 33, 28], dtype=int32), array([1, 3, 3, ..., 3, 3, 3], dtype=int32), array([2, 2, 2, ..., 2, 2, 2], dtype=int32), array([13, 16, 14, ..., 16, 16, 16], dtype=int32), array([ 9, 33, 40, ..., 33, 33, 33], dtype=int32), array([ 8,  0, 30, ...,  0,  0,  0], dtype=int32), array([ 6, 10, 10, ..., 10, 10, 10], dtype=int32), array([30, 28, 10, ..., 28, 28, 28], dtype=int32), array([10, 12, 12, ..., 12, 12, 12], dtype=int32), array([13,  8,  8, ...,  8,  8,  8], dtype=int32), array([26,  2, 16, ...,  2, 23,  2], dtype=int32), array([2, 8, 8, ..., 8, 8, 8], dtype=int32), array([22,  5, 16, ...,  5,  4,  5], dtype=int32), array([ 4, 17,  0, ..., 17, 17, 17], dtype=int32), array([ 7, 15, 13, ..., 15,  6, 15], dtype=int32), array([31, 15, 27, ..., 27, 15, 27], dtype=int32), array([3, 0, 0, ..., 0, 0, 0], dtype=int32), array([14, 24, 33, ..., 24,  7, 24], dtype=int32), array([ 7, 16, 14, ..., 16, 16, 16], dtype=int32), array([7, 0, 0, ..., 0, 0, 0], dtype=int32)]
PBM index : [1196.586653512442, 50305.94988612188, 34505.70489508619, 4808.104283046189, 842.5100888612814, 1107.600586910992, 7993.086969098145, 1334.6401722496735, 5885.445330445466, 7949.36169357211, 975.8016654008128, 12832.98756979405, 973.3131508554463, 2107.95232648271, 2012.6029094810879, 741.4353204429073, 50260.1511350756, 1147.8303059162097, 4611.224289838734, 10949.858262901564]
Sil score : [-0.02610705749711732, 0.3018084605591044, 0.5844874653560704, 0.0538045049111406, 0.012782570863482204, -0.055262888866399976, 0.252159701273896, 0.03911085494790244, 0.18239594787675176, 0.18883328243523415, -0.01826185197196497, 0.08687733326050229, 0.04628368286446435, 0.06553298675322393, 0.007110115466945076, -0.04678818299466051, 0.3461602553501426, 0.05557892254705929, 0.030788853123346994, 0.24858274134089275]
Generation no  :  2
Clusters : [35, 5, 5, 16, 42, 34, 12, 33, 14, 14, 39, 10, 39, 27, 27, 45, 6, 36, 18, 12]
Predicted labels : [array([ 9, 33,  4, ..., 33, 33, 33], dtype=int32), array([4, 0, 0, ..., 0, 0, 0], dtype=int32), array([4, 0, 0, ..., 0, 0, 0], dtype=int32), array([ 7,  0, 14, ...,  0,  0,  0], dtype=int32), array([26, 33, 27, ..., 27, 33, 27], dtype=int32), array([30,  0,  0, ...,  0,  0,  0], dtype=int32), array([ 7, 10, 10, ..., 10, 10, 10], dtype=int32), array([30, 10,  7, ..., 10, 10, 10], dtype=int32), array([ 6, 10, 10, ..., 10, 10, 10], dtype=int32), array([11, 13,  8, ..., 13, 13, 13], dtype=int32), array([33, 17, 25, ..., 17, 17, 17], dtype=int32), array([0, 8, 8, ..., 8, 8, 8], dtype=int32), array([22,  5, 16, ...,  5,  5,  5], dtype=int32), array([1, 0, 0, ..., 0, 0, 0], dtype=int32), array([ 3, 10,  8, ..., 10, 10, 10], dtype=int32), array([31, 26, 27, ..., 26, 14, 27], dtype=int32), array([3, 0, 0, ..., 0, 0, 0], dtype=int32), array([33, 21,  9, ..., 21, 21, 21], dtype=int32), array([ 8, 11, 11, ..., 11, 11, 11], dtype=int32), array([ 9, 11,  8, ..., 11, 11, 11], dtype=int32)]
PBM index : [1178.6179403420722, 50288.707136813005, 49546.32349829587, 4726.355270484514, 837.6197185316977, 1162.5374120877987, 8016.199722870226, 1345.563197923309, 6059.37586240601, 6927.585504858338, 978.12075290713, 15810.7783031013, 973.614667295725, 1968.832186737754, 1997.907337241561, 764.7785675281348, 35270.083325777436, 1082.3076775936454, 4305.091164854442, 10965.850722368683]
Sil score : [0.05103357801012384, 0.3398439880496235, 0.487166245498322, 0.01878286256836153, -0.04458857409808941, -0.05924875650276591, 0.12043088497973482, 0.031135324235556663, 0.11001760736428569, 0.036689030613951595, -0.07074187352609022, 0.0922494991923508, 0.04891851771076371, 0.11285730124460325, 0.07799696250775397, -0.038437827381238396, 0.41661907280041655, 0.021894907288673916, 0.10366639348996243, 0.06427915993077318]
Generation no  :  3
Clusters : [36, 6, 6, 16, 42, 33, 11, 33, 14, 13, 39, 10, 40, 28, 26, 45, 6, 36, 18, 12]
Predicted labels : [array([17, 28, 33, ..., 28, 28, 28], dtype=int32), array([5, 0, 0, ..., 0, 0, 0], dtype=int32), array([0, 3, 3, ..., 3, 3, 3], dtype=int32), array([ 7,  0, 14, ...,  0,  0,  0], dtype=int32), array([40, 27,  4, ..., 27, 27, 27], dtype=int32), array([30,  7, 21, ...,  7,  7,  7], dtype=int32), array([ 8, 10, 10, ..., 10, 10, 10], dtype=int32), array([30, 10, 10, ..., 10, 10, 10], dtype=int32), array([ 2, 12, 12, ..., 12, 12, 12], dtype=int32), array([11,  8,  8, ...,  8,  8,  8], dtype=int32), array([26,  2, 25, ...,  2, 17,  2], dtype=int32), array([3, 8, 8, ..., 8, 8, 8], dtype=int32), array([15, 27, 17, ...,  6, 27, 27], dtype=int32), array([21, 12,  4, ..., 12, 12, 12], dtype=int32), array([13, 17, 14, ..., 17, 17, 17], dtype=int32), array([31, 44, 27, ..., 26, 44, 26], dtype=int32), array([4, 0, 0, ..., 0, 0, 0], dtype=int32), array([33, 15,  9, ..., 15, 15, 15], dtype=int32), array([ 8, 12,  9, ..., 12, 12, 12], dtype=int32), array([ 8, 10, 10, ..., 10, 10, 10], dtype=int32)]
PBM index : [1197.0481589387202, 50263.18224032537, 49887.91516960983, 5345.986522463406, 849.5793287092239, 1258.835762488726, 9201.093803205884, 1321.8383513404285, 6928.689122774301, 6882.17246261512, 986.1297787809399, 13206.60667019734, 1001.7706331989225, 1928.0559529647326, 2003.5423877142628, 738.5112037317621, 34348.9469334474, 1144.4887045607777, 4359.689855250269, 9151.336945329296]
Sil score : [-0.01721863939584101, 0.3417897002499263, 0.336012286206945, 0.061009511143607975, 0.00526863365758384, 0.042571849492973476, 0.33239329945363116, 0.06895701409803566, 0.0976303440785563, 0.07553610895023967, -0.07045684520375214, 0.35679079056947344, -0.03936816759219897, -0.002992317725049078, 0.00792481363013306, -0.08391900236162222, 0.5111569395389346, 0.017319399739270647, 0.04865602784759067, 0.12178971620340652]
Generation no  :  4
Clusters : [36, 7, 6, 17, 43, 33, 11, 34, 14, 13, 40, 10, 40, 28, 25, 45, 6, 37, 18, 11]
Predicted labels : [array([ 0, 35, 28, ..., 35, 35, 35], dtype=int32), array([0, 6, 6, ..., 6, 6, 6], dtype=int32), array([4, 2, 2, ..., 2, 2, 2], dtype=int32), array([ 7, 14, 14, ..., 14, 14, 14], dtype=int32), array([ 9, 40, 33, ..., 40, 40, 40], dtype=int32), array([30, 10,  0, ..., 10, 10, 10], dtype=int32), array([10,  7,  7, ...,  7,  7,  7], dtype=int32), array([33, 10, 10, ..., 10, 10, 10], dtype=int32), array([10, 12, 12, ..., 12, 12, 12], dtype=int32), array([11, 12, 12, ..., 12, 12, 12], dtype=int32), array([26, 17, 25, ..., 17, 17, 17], dtype=int32), array([3, 8, 8, ..., 8, 8, 8], dtype=int32), array([16, 26, 27, ..., 27, 14, 27], dtype=int32), array([22, 27, 27, ..., 27, 27, 27], dtype=int32), array([3, 6, 6, ..., 6, 6, 6], dtype=int32), array([31, 44, 27, ..., 26, 44, 26], dtype=int32), array([4, 5, 5, ..., 5, 5, 5], dtype=int32), array([33,  3, 36, ..., 36,  3, 36], dtype=int32), array([13,  0,  0, ...,  0,  0,  0], dtype=int32), array([0, 8, 8, ..., 8, 8, 8], dtype=int32)]
PBM index : [1134.2581055914702, 35346.652969353134, 34270.80687925453, 5336.826391460022, 838.6306925625805, 1346.2638595461071, 10719.434680595365, 1371.1125772476073, 6914.137660611863, 7766.991092179921, 967.2895464973245, 12769.846359681242, 920.5538769066496, 1833.1913505636767, 2063.1132078899163, 735.3616338070156, 35152.9605212982, 1135.2999086110867, 4127.662321332637, 8910.337532365755]
Sil score : [-0.019286146420339097, 0.36461071889005814, 0.5278800693961005, 0.12093856133584224, 0.022798397577216235, 0.006884117790808958, 0.29779962414187894, 0.13474142587609353, 0.11053577596555492, 0.07975306465920819, -0.1438588998698661, 0.0863126478915325, -0.07682418596300498, 0.011664643422007669, 0.40985359834133317, -0.08230797620816567, 0.5202031762375796, -0.03522533716046185, 0.1480113902498093, 0.363118085255525]
Generation no  :  5
Clusters : [37, 8, 6, 17, 44, 33, 11, 34, 15, 13, 41, 11, 40, 28, 26, 45, 6, 37, 18, 12]
Predicted labels : [array([25, 35, 35, ..., 35, 35, 35], dtype=int32), array([0, 6, 6, ..., 6, 6, 6], dtype=int32), array([3, 2, 2, ..., 2, 2, 2], dtype=int32), array([ 7, 16, 14, ..., 16, 16, 16], dtype=int32), array([ 9, 42, 40, ..., 33, 42, 33], dtype=int32), array([25, 21, 30, ..., 21, 21, 21], dtype=int32), array([ 7, 10, 10, ..., 10, 10, 10], dtype=int32), array([33, 17, 19, ..., 23, 32, 17], dtype=int32), array([12, 10, 10, ..., 10, 10, 10], dtype=int32), array([11,  8,  8, ...,  8,  8,  8], dtype=int32), array([26, 39, 25, ..., 25, 23, 39], dtype=int32), array([10,  8,  8, ...,  8,  8,  8], dtype=int32), array([ 7, 13, 10, ..., 13, 13, 13], dtype=int32), array([22, 27,  4, ..., 27, 27, 27], dtype=int32), array([ 6, 15, 10, ..., 15, 15, 15], dtype=int32), array([31, 44, 27, ..., 26, 44, 26], dtype=int32), array([3, 0, 0, ..., 0, 0, 0], dtype=int32), array([33,  3, 25, ...,  3,  3,  3], dtype=int32), array([11, 13,  7, ..., 13, 13, 13], dtype=int32), array([11, 10, 10, ..., 10, 10, 10], dtype=int32)]
PBM index : [1131.3552740074333, 26563.192753544085, 34727.99378501798, 4814.675892601256, 802.3096566374919, 1325.0860791826678, 11050.253463990428, 1262.2354888357313, 6857.735870288116, 7964.318200231357, 931.1348455394879, 13391.963248803779, 965.3531939300193, 1811.3025722761715, 2296.329844499155, 733.2336999478498, 35465.853783879844, 1065.2881106895939, 4283.816587314023, 11035.368926071633]
Sil score : [0.09496735034575765, 0.3458650552328139, 0.42340666547050365, 0.0524457066743054, -0.0740992127579232, 0.062284570702151223, 0.24715306214979357, -0.05842296427189967, 0.11105554359990898, 0.17083842446568007, -0.05432658990768827, 0.16215716297878807, 0.028255602336142587, 0.0017854558503735444, 0.04182018177541768, -0.08305307340432905, 0.37639641354572423, 0.04796662388541512, 0.04996160712126208, 0.08778718578945993]
Generation no  :  6
Clusters : [37, 8, 6, 17, 43, 33, 11, 34, 14, 13, 41, 11, 39, 27, 25, 45, 6, 37, 19, 13]
Predicted labels : [array([33, 36, 36, ..., 36, 36, 36], dtype=int32), array([0, 7, 7, ..., 7, 7, 7], dtype=int32), array([3, 2, 2, ..., 2, 2, 2], dtype=int32), array([14, 16, 14, ..., 16, 16, 16], dtype=int32), array([ 9, 42, 40, ..., 42, 42, 40], dtype=int32), array([30, 21, 21, ..., 21, 21, 21], dtype=int32), array([ 7, 10, 10, ..., 10, 10, 10], dtype=int32), array([ 6, 25, 25, ..., 25, 25, 25], dtype=int32), array([12, 10, 10, ..., 10, 10, 10], dtype=int32), array([3, 8, 8, ..., 8, 8, 8], dtype=int32), array([26, 39, 25, ..., 39, 17, 39], dtype=int32), array([ 8, 10, 10, ..., 10, 10, 10], dtype=int32), array([11, 17,  7, ..., 17, 17,  7], dtype=int32), array([26, 22, 16, ..., 22, 22, 22], dtype=int32), array([ 3, 12, 12, ..., 12, 12, 12], dtype=int32), array([31, 44, 27, ..., 26, 44, 26], dtype=int32), array([3, 3, 3, ..., 3, 3, 3], dtype=int32), array([33, 36, 15, ..., 36, 36, 36], dtype=int32), array([ 9, 16, 16, ..., 16, 16, 16], dtype=int32), array([ 8, 10, 10, ..., 10, 10, 10], dtype=int32)]
PBM index : [1083.194386284259, 20356.038341409894, 34952.956166952514, 4611.298511502213, 768.8840145677556, 1314.9894050228468, 11178.256662401494, 1279.9989260937145, 5995.169812221606, 7937.07795134639, 886.6965597490538, 10924.51058263257, 963.0718863085398, 1827.888541215804, 2118.3173812998766, 731.1336694541958, 34788.44200558644, 1089.6217392018625, 4268.365030553072, 9432.737067170154]
Sil score : [0.021371596777394697, 0.3690518575961998, 0.3647754095006029, 0.09621215127061687, -0.026565108678757495, -0.04992998936676639, 0.16025547673663978, 0.21127745592884473, 0.18143026505121773, 0.07875572445615303, -0.07195392232612761, 0.08916211842973669, -0.03900813243618581, 0.009132123958106914, 0.12620828176693993, -0.08262336767938003, 0.5915544893052056, 0.0044969442178580486, -0.02343542777857251, 0.07371403077172495]
Generation no  :  7
Clusters : [36, 9, 6, 17, 43, 32, 11, 34, 14, 13, 41, 11, 39, 28, 25, 44, 6, 37, 19, 13]
Predicted labels : [array([ 9, 33,  4, ..., 33, 33, 33], dtype=int32), array([8, 7, 7, ..., 7, 7, 7], dtype=int32), array([5, 2, 2, ..., 2, 2, 2], dtype=int32), array([ 7,  0, 14, ...,  0,  0,  0], dtype=int32), array([40, 42, 27, ..., 27, 33, 27], dtype=int32), array([30, 21, 21, ..., 21,  0, 21], dtype=int32), array([ 5, 10, 10, ..., 10, 10, 10], dtype=int32), array([ 8, 10, 10, ..., 10, 10, 10], dtype=int32), array([ 2, 10, 10, ..., 10, 10, 10], dtype=int32), array([11,  2,  8, ...,  2,  2,  2], dtype=int32), array([26, 39, 25, ..., 39, 17, 39], dtype=int32), array([ 7, 10, 10, ..., 10, 10, 10], dtype=int32), array([ 5, 13,  7, ..., 13, 13, 13], dtype=int32), array([27,  7, 12, ...,  7,  7,  7], dtype=int32), array([3, 6, 6, ..., 6, 6, 6], dtype=int32), array([31,  8, 27, ..., 26,  8, 26], dtype=int32), array([3, 3, 3, ..., 3, 3, 3], dtype=int32), array([33, 36,  9, ..., 36, 36, 36], dtype=int32), array([14,  9, 15, ...,  9,  9,  9], dtype=int32), array([12, 10, 10, ..., 10, 10, 10], dtype=int32)]
PBM index : [1065.5179450827804, 20766.859356393114, 35868.4408911888, 4791.379578040688, 799.2823766890986, 1309.3553335520478, 10936.360344546805, 1273.6796743457012, 6752.031982406899, 8084.685418356701, 892.1262256744748, 11204.884756489222, 1014.1862962414266, 2019.963434016501, 2272.1042520177016, 730.7899561589288, 33755.74419417956, 1079.5227758565582, 3871.191091433217, 7870.99982153912]
Sil score : [0.04579812593800698, 0.2292477073890075, 0.37474883021827593, 0.016999882269181445, -0.058335098946363975, -0.045698505333520226, 0.19831874910465297, 0.09851446996930394, 0.22415802989537895, 0.03744396636617334, -0.07180260372686693, 0.16154488284283422, 0.012122888564106567, 0.07086058746481819, 0.23508190415681873, -0.08396674957030775, 0.5624201027572877, 0.0213002116033068, 0.01813772781795462, 0.0969313258981779]
Generation no  :  8
Clusters : [36, 9, 6, 17, 43, 32, 11, 35, 15, 13, 41, 11, 39, 27, 26, 43, 6, 38, 19, 13]
Predicted labels : [array([25, 35,  0, ..., 35, 35, 35], dtype=int32), array([7, 6, 6, ..., 6, 6, 6], dtype=int32), array([2, 3, 3, ..., 3, 3, 3], dtype=int32), array([14,  0,  0, ...,  0,  0,  0], dtype=int32), array([40, 42, 33, ..., 33, 42, 33], dtype=int32), array([25, 21, 30, ..., 21, 21, 21], dtype=int32), array([ 7, 10, 10, ..., 10, 10, 10], dtype=int32), array([13, 17, 14, ..., 17, 16, 17], dtype=int32), array([13, 12, 12, ..., 12, 12, 12], dtype=int32), array([1, 2, 8, ..., 2, 2, 2], dtype=int32), array([19,  2, 40, ..., 40, 23, 40], dtype=int32), array([ 8, 10, 10, ..., 10, 10, 10], dtype=int32), array([11, 13,  8, ..., 13, 13, 13], dtype=int32), array([25, 21,  7, ..., 21, 21, 21], dtype=int32), array([ 9, 10, 10, ..., 10, 10, 10], dtype=int32), array([40, 26, 31, ..., 22, 26, 22], dtype=int32), array([5, 3, 3, ..., 3, 3, 3], dtype=int32), array([33, 36, 21, ..., 26, 15, 36], dtype=int32), array([11, 13,  7, ..., 13, 10, 13], dtype=int32), array([ 8, 10, 10, ..., 10, 10, 10], dtype=int32)]
PBM index : [1127.8723155197772, 15887.337254149705, 35591.33341236772, 4747.829322398756, 802.4266273729363, 1413.8601781203652, 11143.484529451069, 1300.4211641975007, 7022.35680097779, 7860.70964040793, 892.7256022048877, 10949.634545144327, 1005.2079655551478, 1821.9064037645985, 2278.4766720858975, 777.2477683279652, 34297.043580086465, 1089.4682534884087, 3916.879452424283, 7939.894810881194]
Sil score : [0.08128905974570798, 0.24070026249169074, 0.45002475816061616, 0.07775189665059296, -0.0734591570052308, 0.07071769342728454, 0.13604839248840328, -0.07894825772872635, 0.0718757544380476, 0.07396184524726586, -0.035277191104955516, 0.09586772316248668, 0.06102807855539684, -0.05468866363613938, 0.15637895809819577, -0.08683143146859727, 0.48067439932380424, -0.03197658914063944, 0.036390640530204243, 0.09416108327887092]
Generation no  :  9
Clusters : [36, 10, 6, 17, 43, 32, 10, 36, 15, 13, 41, 11, 39, 26, 26, 44, 6, 38, 19, 12]
Predicted labels : [array([17, 35, 28, ..., 35, 35, 35], dtype=int32), array([2, 9, 9, ..., 9, 9, 9], dtype=int32), array([4, 0, 0, ..., 0, 0, 0], dtype=int32), array([13, 14, 12, ..., 14, 14, 14], dtype=int32), array([ 9, 42, 40, ..., 40, 42, 40], dtype=int32), array([30,  0, 21, ...,  0,  0,  0], dtype=int32), array([5, 6, 6, ..., 6, 6, 6], dtype=int32), array([19, 15, 33, ..., 21, 15, 21], dtype=int32), array([10, 11, 11, ..., 11, 11, 11], dtype=int32), array([11,  8, 12, ...,  8,  8,  8], dtype=int32), array([3, 6, 6, ..., 6, 6, 6], dtype=int32), array([ 8, 10, 10, ..., 10, 10, 10], dtype=int32), array([ 6, 10,  8, ..., 10, 10, 10], dtype=int32), array([ 7, 11, 11, ..., 11, 11, 11], dtype=int32), array([11, 15, 12, ..., 15, 15, 15], dtype=int32), array([40, 26, 27, ..., 26, 26, 27], dtype=int32), array([3, 2, 2, ..., 2, 2, 2], dtype=int32), array([ 9, 36, 15, ..., 36, 36, 36], dtype=int32), array([3, 6, 6, ..., 6, 6, 6], dtype=int32), array([ 8, 10, 10, ..., 10, 10, 10], dtype=int32)]
PBM index : [1134.479025648713, 15739.521879525104, 35864.834059716726, 4770.812675735597, 803.0925134965973, 1418.684134058653, 11113.073446705663, 1205.5238832982063, 6068.2080333943395, 8034.178750468352, 886.1900723888904, 11020.921191692174, 1004.0167399540871, 1979.806760998639, 2119.750253506299, 814.7451376476979, 35956.04426471335, 1036.879589755798, 3825.303440095978, 7601.8509847745845]
Sil score : [-0.021891483488631968, 0.08336604939231512, 0.3675334001522632, 0.06123446064174177, -0.026395599036623984, 0.02809828766707011, 0.15534468508703897, -0.07805328675683575, 0.1905327959873704, 0.05126571472105652, 0.33730858872675035, 0.09519348199377073, 0.052842159884666, 0.1680112936393479, 0.07331034325824201, -0.13382749083283832, 0.34416522250065296, 0.0023787627773875874, 0.37106996944954607, 0.09423191255291127]
Generation no  :  10
Clusters : [36, 9, 6, 16, 43, 32, 10, 36, 16, 12, 40, 12, 39, 26, 26, 44, 5, 37, 20, 12]
Predicted labels : [array([ 0, 35, 28, ..., 35, 35, 35], dtype=int32), array([4, 7, 7, ..., 7, 7, 7], dtype=int32), array([0, 0, 0, ..., 0, 0, 0], dtype=int32), array([ 7, 14, 14, ..., 14, 14, 14], dtype=int32), array([40, 42, 33, ..., 33, 42, 33], dtype=int32), array([30,  0, 21, ...,  0,  0,  0], dtype=int32), array([7, 0, 0, ..., 0, 0, 0], dtype=int32), array([ 8, 14, 10, ..., 14, 14, 14], dtype=int32), array([12, 10, 10, ..., 10, 10, 10], dtype=int32), array([11,  8,  8, ...,  8,  8,  8], dtype=int32), array([38, 33,  9, ..., 33, 33, 33], dtype=int32), array([ 8, 10, 10, ..., 10, 10, 10], dtype=int32), array([5, 6, 0, ..., 6, 6, 6], dtype=int32), array([14, 15, 21, ..., 21, 15, 21], dtype=int32), array([13, 17, 14, ..., 17, 17, 17], dtype=int32), array([34, 26, 31, ..., 22, 14, 22], dtype=int32), array([3, 3, 3, ..., 3, 3, 3], dtype=int32), array([14, 36, 21, ..., 21, 15, 21], dtype=int32), array([12, 10, 10, ..., 10, 10, 10], dtype=int32), array([ 8, 10, 10, ..., 10, 10, 10], dtype=int32)]
PBM index : [1134.2736000323453, 13267.479980711803, 34474.51463252454, 4736.6643392848055, 802.491186911784, 1394.7294382406328, 13169.754274605595, 1167.3700167794655, 6049.737905374081, 7966.697364600899, 886.4486146226924, 11122.880966624869, 998.3941362690383, 2122.2399043188902, 2141.952270264898, 767.5837567012352, 33502.46192202418, 1028.9864221041303, 3824.3973214738244, 8939.023676889617]
Sil score : [-0.020417325955081805, 0.3107025888286697, 0.6164727466084459, 0.09751549458725503, -0.07568332597519435, -0.05093499315938495, 0.29827154432607955, 0.03125642955775563, 0.28278180235315503, 0.1636032962262237, -0.0020770863286904266, 0.22705142431914696, 0.0816372081533408, -0.07795266410958834, 0.02711402784501582, -0.09051514026281296, 0.6126589134871687, -0.09242623899004722, 0.11287506845619871, 0.09345854300971838]
Generation no  :  11
Clusters : [36, 10, 7, 16, 44, 32, 9, 36, 17, 11, 40, 11, 39, 26, 26, 44, 5, 37, 20, 13]
Predicted labels : [array([ 0, 35, 28, ..., 35, 35, 35], dtype=int32), array([8, 9, 9, ..., 9, 9, 9], dtype=int32), array([3, 6, 6, ..., 6, 6, 6], dtype=int32), array([ 4, 14, 14, ..., 14, 14, 14], dtype=int32), array([26, 42,  9, ..., 33, 27, 42], dtype=int32), array([25, 21, 30, ..., 21, 21, 21], dtype=int32), array([8, 8, 8, ..., 8, 8, 8], dtype=int32), array([ 8, 14, 10, ..., 14, 14, 14], dtype=int32), array([13, 14, 12, ..., 14, 14, 14], dtype=int32), array([9, 8, 8, ..., 8, 8, 8], dtype=int32), array([12, 24, 16, ..., 24, 24, 24], dtype=int32), array([ 8, 10, 10, ..., 10, 10, 10], dtype=int32), array([ 0, 10, 10, ..., 10, 10, 10], dtype=int32), array([ 8, 14, 22, ..., 14, 15, 14], dtype=int32), array([ 7, 17, 14, ..., 17, 17, 17], dtype=int32), array([31, 26, 27, ..., 24, 26, 26], dtype=int32), array([0, 0, 0, ..., 0, 0, 0], dtype=int32), array([33, 36, 21, ..., 25, 26, 36], dtype=int32), array([10, 16, 16, ..., 16, 16, 16], dtype=int32), array([12, 10, 10, ..., 10, 10, 10], dtype=int32)]
PBM index : [1134.1493264590497, 16466.94273131765, 36046.85654961608, 5242.4842971322605, 798.0138096816553, 1416.6629093860022, 12573.850633731172, 1167.7015525706795, 5404.361166280214, 9168.028250410274, 950.5449231832584, 9266.078866750195, 988.4771483096417, 2147.2300092196465, 2140.671383697194, 776.461321742692, 49191.048170172246, 1080.0230277478668, 3472.1907203853725, 9339.031555501637]
Sil score : [-0.021323054821429262, 0.26287195294032617, 0.36735592879499185, 0.11546560010274572, -0.042137368793970974, -0.048999398603602216, 0.5266148568285688, 0.03152531245078621, 0.04346597365120608, 0.05080621040189578, 0.06238212425420743, 0.2668828338182903, 0.15129766730237934, -0.008859853840082269, 0.025154649844591603, -0.04640789527801762, 0.6128151165171732, -0.027998271921937504, 0.09214272506504186, 0.1199491546934147]
Generation no  :  12
Clusters : [37, 11, 7, 17, 44, 32, 9, 36, 18, 11, 40, 10, 38, 25, 27, 44, 5, 37, 19, 13]
Predicted labels : [array([33, 26, 15, ..., 26, 26, 26], dtype=int32), array([2, 8, 8, ..., 8, 8, 8], dtype=int32), array([3, 5, 5, ..., 5, 5, 5], dtype=int32), array([13, 14, 14, ..., 14, 14, 14], dtype=int32), array([ 9, 42, 40, ..., 42, 33, 42], dtype=int32), array([25, 21, 30, ..., 21, 21, 21], dtype=int32), array([0, 8, 8, ..., 8, 8, 8], dtype=int32), array([19, 15, 33, ..., 21, 26, 21], dtype=int32), array([14, 16, 16, ..., 16, 16, 16], dtype=int32), array([9, 8, 8, ..., 8, 8, 8], dtype=int32), array([12, 24, 16, ..., 24, 24, 24], dtype=int32), array([7, 0, 0, ..., 0, 0, 0], dtype=int32), array([ 6, 10,  9, ..., 10, 10, 10], dtype=int32), array([ 8, 10, 12, ..., 10, 10, 10], dtype=int32), array([25,  0, 21, ...,  0,  0,  0], dtype=int32), array([31, 26, 27, ..., 26, 14, 27], dtype=int32), array([2, 2, 2, ..., 2, 2, 2], dtype=int32), array([33, 36, 15, ..., 36, 36, 36], dtype=int32), array([ 7, 18, 18, ..., 18, 18, 18], dtype=int32), array([ 3, 10,  8, ..., 10, 10, 10], dtype=int32)]
PBM index : [1141.5955273595175, 12779.623235313422, 26040.885927008676, 5391.057358660648, 770.3505444802946, 1402.6437014838084, 15766.047240222204, 1142.837884113379, 4772.324687097819, 10975.409140490749, 951.4351333107774, 10999.118327755446, 1011.3131831935053, 2151.6749005296465, 2086.814234513315, 777.1376340241079, 48198.50388910219, 1089.4173257671268, 3456.2866987036477, 8070.318855712449]
Sil score : [0.00611641132802668, 0.3111533244706607, 0.45261385793895564, 0.10902412481013389, 0.006221288749112485, -0.0527388315478274, 0.44991491267331235, -0.08615967864154576, 0.08084951358617755, 0.0765881902415991, 0.056858356797273, 0.3550374778101931, 0.030385739555230724, 0.06629169877999268, 0.02222233155619212, -0.04485446018082706, 0.6210553062298072, 0.009835630718058637, 0.1414073449272291, 0.08657604941493414]
Generation no  :  13
Clusters : [36, 11, 6, 18, 44, 32, 9, 36, 17, 11, 40, 10, 38, 25, 28, 43, 4, 37, 19, 14]
Predicted labels : [array([ 0, 35, 28, ..., 35, 35, 28], dtype=int32), array([10,  8,  8, ...,  8,  8,  8], dtype=int32), array([0, 0, 0, ..., 0, 0, 0], dtype=int32), array([13, 16, 14, ..., 16, 16, 16], dtype=int32), array([40, 42, 33, ..., 33, 42, 33], dtype=int32), array([25, 21, 21, ..., 21, 21, 21], dtype=int32), array([7, 8, 8, ..., 8, 8, 8], dtype=int32), array([ 8, 10, 12, ..., 10, 10, 10], dtype=int32), array([16,  0,  0, ...,  0,  0,  0], dtype=int32), array([1, 8, 8, ..., 8, 8, 8], dtype=int32), array([ 8, 16, 10, ..., 16, 16, 16], dtype=int32), array([3, 8, 8, ..., 8, 8, 8], dtype=int32), array([ 0, 10,  5, ..., 10, 10, 10], dtype=int32), array([ 8, 16, 11, ..., 16, 16, 16], dtype=int32), array([13, 17, 14, ..., 17, 17, 17], dtype=int32), array([34, 26, 31, ..., 14, 26, 14], dtype=int32), array([3, 2, 2, ..., 2, 2, 2], dtype=int32), array([25, 36, 21, ..., 15, 26, 36], dtype=int32), array([12, 17, 17, ..., 17, 17, 17], dtype=int32), array([13, 10, 10, ..., 10, 10, 10], dtype=int32)]
PBM index : [1077.5081209897255, 10654.668336305007, 25637.332924005106, 4736.994542416008, 776.4417198614418, 1413.2950216892405, 16183.14304253994, 1158.4569181219135, 4245.245254669068, 10668.959690638309, 957.9597240376737, 13140.9329537584, 1049.755105132479, 2306.772250049834, 1993.8160208661986, 767.0218676453438, 48958.623476430366, 1089.839835774488, 3815.6100030825237, 7954.421010781797]
Sil score : [-0.03401929522398635, 0.2968253600171161, 0.563349022111898, 0.07737192612823013, -0.0764920875033822, 0.07123825641660807, 0.29250587263656647, 0.06272702413283354, 0.13705265197275662, 0.31161978116542516, 0.0495047934944512, 0.35291657716965813, 0.10871147113947936, 0.05439967613733893, 0.05240667174441718, -0.07116896199479449, 0.5212034042699403, -0.01388222831357366, 0.2082606040879099, 0.1507655314065879]
Generation no  :  14
Clusters : [37, 11, 6, 18, 45, 33, 8, 36, 17, 11, 40, 9, 39, 25, 27, 42, 4, 37, 19, 13]
Predicted labels : [array([ 0, 35, 33, ..., 15, 35, 35], dtype=int32), array([ 8, 10, 10, ..., 10, 10, 10], dtype=int32), array([0, 2, 2, ..., 2, 2, 2], dtype=int32), array([14, 17,  0, ..., 17, 17, 17], dtype=int32), array([44, 42, 33, ..., 42, 42, 42], dtype=int32), array([25, 21, 30, ..., 21, 21, 21], dtype=int32), array([0, 7, 7, ..., 7, 7, 7], dtype=int32), array([13, 16, 14, ..., 16, 16, 16], dtype=int32), array([0, 4, 4, ..., 4, 4, 4], dtype=int32), array([7, 8, 8, ..., 8, 8, 8], dtype=int32), array([11, 16,  2, ..., 16, 16, 16], dtype=int32), array([7, 0, 0, ..., 0, 0, 0], dtype=int32), array([25, 35, 30, ...,  0, 35,  0], dtype=int32), array([20, 15,  4, ..., 15, 15, 15], dtype=int32), array([13, 17, 14, ..., 17, 17, 17], dtype=int32), array([40, 26, 27, ..., 26, 26, 26], dtype=int32), array([2, 2, 2, ..., 2, 2, 2], dtype=int32), array([25, 36, 21, ..., 36, 36, 36], dtype=int32), array([11, 16, 16, ..., 16, 16, 16], dtype=int32), array([12, 10, 10, ..., 10, 10, 10], dtype=int32)]
PBM index : [1139.16015031781, 10879.233816109152, 34275.06656658466, 4334.206147553534, 772.8948674889285, 1408.2214444424103, 15990.511679899964, 1172.5554227459756, 4772.62990111134, 11172.088748984681, 952.7635899390065, 13169.494526960661, 1032.6355979027774, 2272.984841122484, 1850.9730014078702, 797.814976349267, 74619.90048177782, 1083.358289436042, 3834.4175939160145, 6726.065003191967]
Sil score : [-0.020605688829630084, 0.35940256116771874, 0.47732875225385707, 0.016621349645201997, -0.031016853200866404, -0.052683963925649065, 0.3696800193023535, 0.009707914899624453, 0.14430855442936538, 0.1577485569898041, 0.03702823324900352, 0.3633491266153873, -0.08450783179966047, 0.039596618175191944, -0.01314127942816009, 0.018988617205562844, 0.6580990870050644, 0.032411057174623274, 0.21739024523527703, 0.09288686275823545]
Generation no  :  15
Clusters : [38, 10, 6, 18, 44, 33, 8, 36, 18, 11, 40, 9, 40, 25, 28, 41, 4, 37, 19, 14]
Predicted labels : [array([17, 35, 28, ..., 35, 35, 35], dtype=int32), array([7, 8, 8, ..., 8, 8, 8], dtype=int32), array([4, 4, 4, ..., 4, 4, 4], dtype=int32), array([ 7, 17, 14, ...,  0, 17,  0], dtype=int32), array([33, 42, 40, ..., 42, 42, 42], dtype=int32), array([30,  0, 21, ...,  0,  0,  0], dtype=int32), array([7, 0, 0, ..., 0, 0, 0], dtype=int32), array([ 8, 14, 10, ..., 14, 14, 14], dtype=int32), array([14, 17, 16, ..., 17, 17, 17], dtype=int32), array([1, 8, 8, ..., 8, 8, 8], dtype=int32), array([11, 16,  2, ..., 16, 16, 16], dtype=int32), array([8, 7, 7, ..., 7, 7, 7], dtype=int32), array([25, 35, 30, ...,  0, 35, 21], dtype=int32), array([14, 15, 21, ..., 15, 15, 15], dtype=int32), array([13, 17, 14, ..., 14, 17, 14], dtype=int32), array([40, 26, 27, ..., 26, 26, 26], dtype=int32), array([2, 2, 2, ..., 2, 2, 2], dtype=int32), array([33, 36,  9, ..., 36, 26, 36], dtype=int32), array([ 0, 15, 17, ..., 15, 15, 15], dtype=int32), array([ 8, 10, 10, ..., 10, 10, 10], dtype=int32)]
PBM index : [1077.1531166637017, 11028.809788247807, 34834.883670605166, 4333.845396932133, 735.0563703380894, 1326.0898178137272, 20315.96505964739, 1166.2049439697078, 4838.358484972301, 11086.60868754131, 956.1156129384462, 15927.302567001965, 984.2981012854219, 2227.156278397132, 2017.387175740364, 827.3591094691586, 74619.90048177782, 1081.0157611379645, 3843.9185239232997, 7855.761037728102]
Sil score : [-0.07062912865090125, 0.22182465192115022, 0.5320547680961121, -0.06202960761819215, -0.012379593208411767, 0.007918117597590302, 0.37725107892858445, 0.049569100375248906, 0.03289819288885679, 0.11897748703976897, 0.03524466572827647, 0.2635251615073383, -0.08014829377610634, -0.0062285388089345405, -0.061749934278411994, 0.025806696929233746, 0.6580990870050644, 0.017269110063151287, 0.07571773826974834, 0.09329057576087219]
Generation no  :  16
Clusters : [39, 10, 5, 18, 44, 33, 8, 35, 19, 12, 40, 10, 40, 25, 28, 41, 4, 37, 18, 15]
Predicted labels : [array([ 4, 35, 28, ..., 35, 35, 35], dtype=int32), array([3, 8, 8, ..., 8, 8, 8], dtype=int32), array([4, 0, 0, ..., 0, 0, 0], dtype=int32), array([ 7, 17, 16, ..., 17, 17, 17], dtype=int32), array([ 4, 42, 33, ..., 33, 42, 33], dtype=int32), array([30, 21, 30, ..., 21, 21, 21], dtype=int32), array([0, 7, 7, ..., 7, 7, 7], dtype=int32), array([ 4, 28, 33, ..., 33, 26, 33], dtype=int32), array([ 7, 16, 14, ..., 16, 16, 16], dtype=int32), array([ 1,  8, 11, ...,  8,  8,  8], dtype=int32), array([12, 16, 16, ..., 16, 16, 16], dtype=int32), array([4, 5, 5, ..., 5, 5, 5], dtype=int32), array([7, 8, 0, ..., 8, 8, 8], dtype=int32), array([ 9, 16, 10, ..., 16, 16, 16], dtype=int32), array([25, 26, 17, ..., 26, 26, 26], dtype=int32), array([40, 26, 27, ..., 26, 26, 26], dtype=int32), array([2, 2, 2, ..., 2, 2, 2], dtype=int32), array([33, 36, 21, ..., 15,  9, 15], dtype=int32), array([ 8, 10, 10, ..., 10, 10, 10], dtype=int32), array([14, 10, 10, ..., 10, 10, 10], dtype=int32)]
PBM index : [1025.1536173321588, 13185.083679375843, 34716.91267371747, 4243.285169466746, 775.8217238670882, 1314.643478249336, 20083.94845242914, 1134.0233896046145, 4245.935146738953, 10862.331725515649, 944.9788509451586, 16205.300869784116, 963.8175013438714, 2313.007215225887, 1834.1831059380038, 876.6121958436534, 74769.8090097359, 1082.0475041661546, 3815.111816064631, 6941.100448918745]
Sil score : [-0.15023817996231859, 0.36286938654508305, 0.3739455287607373, 0.03607315306374823, -0.06659428460511635, -0.046280700852549816, 0.48662593714799973, -0.06850730609421064, -0.03206069409499123, 0.11267970123441125, 0.15252127792252984, 0.1490759547499784, 0.044830094123788085, 0.05670315016592125, 0.0398455598658361, 0.02075013198154099, 0.6589642120469483, -0.08552943188394574, 0.0937616515879611, 0.0949529095749542]
Generation no  :  17
Clusters : [38, 10, 5, 18, 43, 33, 7, 36, 19, 11, 39, 10, 40, 25, 29, 41, 4, 37, 17, 16]
Predicted labels : [array([ 0, 35, 28, ..., 35, 35, 35], dtype=int32), array([7, 0, 0, ..., 0, 0, 0], dtype=int32), array([2, 2, 2, ..., 2, 2, 2], dtype=int32), array([ 7, 17, 14, ..., 17, 17, 17], dtype=int32), array([26, 42,  9, ..., 33, 27, 42], dtype=int32), array([ 8, 21, 30, ..., 21, 21, 21], dtype=int32), array([2, 4, 4, ..., 4, 4, 4], dtype=int32), array([13, 17, 14, ..., 17, 17, 17], dtype=int32), array([11, 16, 14, ..., 16, 16, 16], dtype=int32), array([1, 8, 8, ..., 8, 8, 8], dtype=int32), array([12, 16, 16, ..., 16, 16, 16], dtype=int32), array([8, 4, 4, ..., 4, 4, 4], dtype=int32), array([15, 35, 28, ..., 33, 26, 28], dtype=int32), array([ 4, 13, 11, ..., 13, 13, 13], dtype=int32), array([13, 17, 14, ..., 17, 17, 17], dtype=int32), array([40, 26, 27, ..., 26, 26, 26], dtype=int32), array([1, 2, 2, ..., 2, 2, 2], dtype=int32), array([33, 36,  9, ..., 36, 36, 36], dtype=int32), array([13, 16, 14, ..., 16, 16, 16], dtype=int32), array([12, 10, 10, ..., 10, 10, 10], dtype=int32)]
PBM index : [969.8887074488305, 13314.605340973896, 48691.40800661463, 4262.429955883077, 762.5136828450293, 1317.8767760341136, 20177.821545425726, 1238.1691169805424, 3871.507868365772, 9100.539425596065, 940.6356735855047, 13130.588007346718, 938.5175081554316, 2335.5392486990577, 1858.8486963516361, 868.2102731133824, 76518.76335630335, 1080.349920848316, 4221.140262617958, 5883.419769849265]
Sil score : [-0.028962613320894556, 0.3262559205275588, 0.5951752550624655, 0.014806492038233638, -0.05035228697944681, -0.04866427010766711, 0.36538740965143646, 0.017968816396038194, 0.058099103487885564, 0.1560884992537414, 0.13968188937386064, 0.11899839025544379, -0.053304901723497285, 0.019730545018127925, 0.035166800287093083, 0.025806696929233746, 0.517664703144282, 0.015190653146323759, 0.029872127743776917, 0.10993722961472405]
Generation no  :  18
Clusters : [38, 11, 5, 18, 43, 33, 7, 36, 19, 11, 40, 10, 40, 25, 29, 41, 4, 36, 17, 17]
Predicted labels : [array([ 0, 35, 33, ..., 35, 28, 35], dtype=int32), array([3, 0, 0, ..., 0, 0, 0], dtype=int32), array([1, 4, 4, ..., 4, 4, 4], dtype=int32), array([11, 17, 14, ..., 17, 17, 17], dtype=int32), array([ 4, 42, 40, ..., 33, 42, 33], dtype=int32), array([30, 21, 21, ..., 21,  7, 21], dtype=int32), array([3, 0, 0, ..., 0, 0, 0], dtype=int32), array([25, 35, 30, ..., 21, 35, 21], dtype=int32), array([ 7, 16, 14, ..., 16, 16, 16], dtype=int32), array([7, 8, 8, ..., 8, 8, 8], dtype=int32), array([11, 16, 12, ..., 16, 16, 16], dtype=int32), array([8, 7, 7, ..., 7, 7, 7], dtype=int32), array([4, 5, 5, ..., 5, 5, 5], dtype=int32), array([16, 21,  7, ..., 21, 21, 21], dtype=int32), array([22, 26, 24, ..., 26, 14, 26], dtype=int32), array([40, 26, 27, ..., 26, 26, 27], dtype=int32), array([1, 1, 1, ..., 1, 1, 1], dtype=int32), array([14, 15, 21, ..., 26, 26, 21], dtype=int32), array([ 8, 10, 10, ..., 10, 10, 10], dtype=int32), array([13, 14, 12, ..., 14, 14, 14], dtype=int32)]
PBM index : [1032.2201618571783, 13257.419110432342, 50657.90877283855, 4210.001747164335, 803.6975775241243, 1335.9485783011621, 26545.926047716835, 1142.775305612224, 3886.370010434608, 10726.365300471194, 1002.5473335670943, 13076.507544611903, 935.5847361011031, 2259.691645187037, 1705.3365843044212, 889.9563667226636, 77310.66438842037, 1087.4823296846332, 4741.256671512821, 5379.80940434068]
Sil score : [-0.018246309311478078, 0.17817544019276174, 0.48441588855716844, 0.02968145339871234, -0.07572632553528806, -0.04855413554978171, 0.367737932750443, -0.07235574823068792, 0.02374862740218934, 0.23990942398997467, 0.05860954280258437, 0.12876155122041302, 0.3340063112773821, -0.05442487022420777, -0.00321266209026118, -0.04057574314762043, 0.6216956282113408, -0.04698157833933021, 0.09352782986082876, 0.0324633562609291]
Generation no  :  19
Clusters : [38, 11, 5, 18, 43, 34, 8, 37, 20, 12, 40, 11, 39, 25, 29, 40, 4, 36, 17, 17]
Predicted labels : [array([ 0, 35, 28, ..., 35, 35, 35], dtype=int32), array([ 8, 10, 10, ..., 10, 10, 10], dtype=int32), array([4, 1, 1, ..., 1, 1, 1], dtype=int32), array([ 7, 17, 16, ..., 17, 17, 17], dtype=int32), array([40, 42, 33, ..., 33, 42, 33], dtype=int32), array([19, 15, 25, ...,  9, 15,  9], dtype=int32), array([6, 7, 7, ..., 7, 7, 7], dtype=int32), array([12, 16, 10, ..., 16, 16, 16], dtype=int32), array([13, 16, 14, ..., 16, 16, 16], dtype=int32), array([ 7, 10, 11, ..., 10, 10, 10], dtype=int32), array([12, 16, 16, ..., 16, 16, 16], dtype=int32), array([2, 4, 4, ..., 4, 4, 4], dtype=int32), array([22, 33,  9, ..., 27, 33, 27], dtype=int32), array([ 9, 10,  8, ..., 10, 10, 10], dtype=int32), array([ 7, 17, 14, ..., 17, 17, 17], dtype=int32), array([31, 26, 27, ..., 26, 26, 27], dtype=int32), array([1, 1, 1, ..., 1, 1, 1], dtype=int32), array([25, 15, 21, ..., 15, 26, 15], dtype=int32), array([ 8, 11, 11, ..., 11, 11, 11], dtype=int32), array([ 8, 10, 10, ..., 10, 10, 10], dtype=int32)]
PBM index : [1031.2373547123811, 11132.905974105344, 49864.746567012946, 4240.21837324375, 813.6385839659577, 1308.1657368816068, 26544.8248431284, 1165.50929993743, 3846.1435644146504, 10930.96416515542, 948.5105038722645, 13249.730603511174, 916.9587602019164, 2309.842461817912, 1749.1482792365196, 880.2666403269009, 77499.5557806326, 1133.4527341407347, 4782.945530253786, 4718.841183680424]
Sil score : [-0.018432113987055364, 0.2550611303523695, 0.40123773756000924, 0.032995802781622514, -0.06996275867619185, -0.08733882260897916, 0.30704693643503467, 0.06581263102744468, 0.06841841244819619, 0.05477041321361241, 0.15318890291354167, 0.39539285336028757, -0.08084144976223613, 0.08880427315665622, 0.02755402041095318, -0.049347696365760224, 0.5998503688508993, 0.0068287218803491576, 0.08129645901873646, 0.08663059070381234]
