Generation no  :  0
Clusters : [24, 43, 3, 18, 5, 4, 49, 33, 40, 27, 7, 14, 36, 51, 12, 46, 6, 4, 18, 17]
Predicted labels : [array([ 0,  3, 17, ...,  3,  3,  3], dtype=int32), array([15, 33, 41, ..., 33, 33, 33], dtype=int32), array([2, 2, 2, ..., 2, 2, 2], dtype=int32), array([9, 4, 4, ..., 4, 4, 4], dtype=int32), array([3, 4, 4, ..., 4, 4, 4], dtype=int32), array([1, 2, 2, ..., 2, 2, 2], dtype=int32), array([ 5, 43, 29, ..., 42, 15, 27], dtype=int32), array([28, 23,  6, ...,  6, 23,  6], dtype=int32), array([28, 13,  9, ..., 13, 13, 13], dtype=int32), array([26, 17,  0, ..., 17, 17, 17], dtype=int32), array([3, 0, 0, ..., 0, 0, 0], dtype=int32), array([ 7, 10, 10, ..., 10, 10, 10], dtype=int32), array([27, 12, 20, ..., 20, 13, 12], dtype=int32), array([27, 46, 48, ..., 46, 37, 46], dtype=int32), array([10,  2,  2, ...,  2,  2,  2], dtype=int32), array([39, 16, 20, ...,  4, 17,  4], dtype=int32), array([5, 4, 4, ..., 4, 4, 4], dtype=int32), array([2, 2, 2, ..., 2, 2, 2], dtype=int32), array([ 9, 15,  2, ..., 15, 15, 15], dtype=int32), array([11,  3,  7, ...,  3,  3,  3], dtype=int32)]
PBM index : [2377.4506879250353, 840.7038474087367, 133628.0599336274, 4136.779019675858, 49551.263686430895, 77231.66906352695, 588.8234327176586, 1262.3267892829185, 950.9557200411018, 1837.956515513172, 19915.862757063034, 6752.970585808988, 1188.3011098984207, 579.3706854051612, 9339.286384921554, 666.3128509426715, 35572.076391487564, 75839.06819292968, 4200.75280838422, 4308.856811773982]
Sil score : [0.02128209693508455, -0.006966136560885479, 0.603001331004101, 0.1621313781135935, 0.48803275458616585, 0.4136035123959566, -0.09134605506612818, -0.04514087496679386, 0.02004050434884078, 0.039804617963548054, 0.3563278512198082, 0.14167805666257607, -0.10083011997507553, -0.05961882166060438, 0.15289707053877208, -0.060169631792294925, 0.1378867779778362, 0.5891270555107161, 0.031526006984530286, 0.02063391956266241]
Generation no  :  1
Clusters : [23, 43, 3, 19, 5, 4, 48, 33, 40, 27, 7, 14, 36, 50, 11, 46, 6, 5, 18, 16]
Predicted labels : [array([17,  3,  3, ...,  3, 10,  3], dtype=int32), array([19, 35, 16, ..., 20, 14, 20], dtype=int32), array([0, 0, 0, ..., 0, 0, 0], dtype=int32), array([ 0, 13,  9, ..., 13, 13, 13], dtype=int32), array([4, 4, 4, ..., 4, 4, 4], dtype=int32), array([2, 2, 2, ..., 2, 2, 2], dtype=int32), array([38, 15, 27, ..., 43, 36, 43], dtype=int32), array([ 3, 23, 27, ..., 23, 23, 23], dtype=int32), array([18, 39, 19, ..., 13, 28, 13], dtype=int32), array([26, 22, 22, ..., 22, 22, 22], dtype=int32), array([3, 0, 0, ..., 0, 0, 0], dtype=int32), array([12, 10, 10, ..., 10, 10, 10], dtype=int32), array([32, 35, 12, ..., 35, 35, 35], dtype=int32), array([49, 46, 48, ..., 46, 37, 46], dtype=int32), array([10,  9,  9, ...,  9,  9,  9], dtype=int32), array([34, 39, 21, ..., 28, 16, 13], dtype=int32), array([3, 2, 2, ..., 2, 2, 2], dtype=int32), array([0, 3, 3, ..., 3, 3, 3], dtype=int32), array([ 9, 15,  7, ..., 15, 15, 15], dtype=int32), array([8, 3, 3, ..., 3, 3, 3], dtype=int32)]
PBM index : [2449.9460841647556, 826.3562687714676, 128731.31639372608, 4299.4318039742175, 49755.66877061816, 75182.0750941746, 632.2734131844327, 1323.0251005292303, 931.4105192850442, 1945.8379239689166, 26063.198535170148, 6800.4028773588025, 1123.293882856107, 575.3704435079709, 9108.37581713492, 728.9051045562139, 35092.85684695133, 77210.12900279922, 4185.453869515371, 4763.400962346437]
Sil score : [0.1421851534732739, -0.09985266276019805, 0.8530425721646082, 0.01712420385597211, 0.5901669348973577, 0.6406230591924574, -0.07929630762968835, 0.041365010564237935, -0.07400347586046, -0.06603027912912247, 0.35863084767982933, 0.08724393297630707, -0.10630190877623315, -0.06142639415792347, 0.1674151156580009, -0.11684489954616831, 0.31044685630908375, 0.5239766450892939, 0.033096170747545645, 0.11063618026126594]
Generation no  :  2
Clusters : [22, 43, 3, 18, 4, 3, 47, 33, 40, 27, 7, 13, 35, 50, 12, 45, 5, 4, 19, 17]
Predicted labels : [array([10,  3, 17, ...,  3, 15,  3], dtype=int32), array([ 9, 14, 36, ..., 14, 37, 14], dtype=int32), array([0, 0, 0, ..., 0, 0, 0], dtype=int32), array([3, 7, 0, ..., 7, 7, 7], dtype=int32), array([0, 3, 3, ..., 3, 3, 3], dtype=int32), array([0, 0, 0, ..., 0, 0, 0], dtype=int32), array([26, 43, 42, ..., 43, 36, 43], dtype=int32), array([24, 17, 28, ..., 17, 17, 17], dtype=int32), array([ 0, 28, 19, ..., 28, 28, 28], dtype=int32), array([26, 22,  7, ..., 22, 22, 22], dtype=int32), array([3, 5, 5, ..., 5, 5, 5], dtype=int32), array([ 7, 10, 10, ..., 10, 10, 10], dtype=int32), array([16, 12,  6, ..., 12, 12, 12], dtype=int32), array([49,  2, 48, ..., 46, 37, 46], dtype=int32), array([ 7, 11, 11, ..., 11, 11, 11], dtype=int32), array([10, 19, 12, ..., 19, 19, 19], dtype=int32), array([3, 2, 2, ..., 2, 2, 2], dtype=int32), array([3, 2, 2, ..., 2, 2, 2], dtype=int32), array([ 9, 15, 15, ..., 15,  7, 15], dtype=int32), array([10, 12, 12, ..., 12, 12, 12], dtype=int32)]
PBM index : [2582.8165756931985, 793.7564253870426, 132657.60085649393, 3903.618258503466, 49084.475801726316, 74619.90048177782, 659.4653274047779, 1326.7772608014864, 909.7943313670439, 1985.8789973486137, 26200.57112765473, 6676.8124765882185, 1136.8277472623222, 618.0931187426959, 10864.591020000584, 739.2874821019263, 34840.075150365505, 49078.26038264185, 4174.804439871413, 5409.180909264903]
Sil score : [0.03676815001111733, -0.06472722130646189, 0.6580990870050644, 0.09333452414021745, 0.45528557422704913, 0.6580990870050644, -0.007023686612917365, 0.025604989264956194, -0.007012474595383832, 0.014347266623775357, 0.14042836459885794, 0.24757676123149616, 0.023465566145054958, -0.0843592443510157, 0.1856030736021219, 0.09567079567427308, 0.3746726225285393, 0.48967994820079913, 0.14639227532775614, 0.10087621410835994]
Generation no  :  3
Clusters : [22, 44, 3, 19, 4, 3, 47, 34, 40, 27, 6, 13, 34, 49, 12, 44, 4, 3, 20, 17]
Predicted labels : [array([15,  3, 10, ...,  3,  3,  3], dtype=int32), array([10, 12, 43, ..., 12, 12, 12], dtype=int32), array([2, 2, 2, ..., 2, 2, 2], dtype=int32), array([13, 17, 10, ..., 17, 17, 17], dtype=int32), array([1, 3, 3, ..., 3, 3, 3], dtype=int32), array([2, 2, 2, ..., 2, 2, 2], dtype=int32), array([27, 43, 42, ..., 43, 36, 43], dtype=int32), array([3, 9, 7, ..., 9, 9, 9], dtype=int32), array([18, 39, 13, ..., 39, 28, 39], dtype=int32), array([26, 22,  0, ..., 22, 22, 22], dtype=int32), array([3, 0, 0, ..., 0, 0, 0], dtype=int32), array([ 3, 10, 10, ..., 10, 10, 10], dtype=int32), array([27, 12, 20, ..., 20, 13, 12], dtype=int32), array([36,  2, 46, ...,  2, 46, 46], dtype=int32), array([10,  2,  2, ...,  2,  2,  2], dtype=int32), array([10, 12, 12, ..., 12, 12, 12], dtype=int32), array([3, 2, 2, ..., 2, 2, 2], dtype=int32), array([0, 0, 0, ..., 0, 0, 0], dtype=int32), array([ 9, 18, 15, ..., 18, 18, 18], dtype=int32), array([ 4, 13,  9, ..., 13, 13, 13], dtype=int32)]
PBM index : [2824.1495075033304, 849.2458353124343, 132842.38360849622, 4325.642382635464, 76661.56278061807, 132657.60085649393, 687.3064698948987, 1387.3038132407873, 915.6429020128976, 1985.6604346905497, 25750.68498104096, 7865.5950519844055, 1186.5781492900658, 598.1067163925297, 9350.109774351908, 763.1704833580154, 49583.16058363539, 74967.16940655457, 3790.382239938812, 4797.565141999676]
Sil score : [0.04754985678862806, 0.025880208103695103, 0.650169462706999, 0.026739383817057982, 0.5218036788770447, 0.6580990870050644, 0.010700773059578454, 0.030646872069485194, -0.04216243413046652, 0.04890395681882389, 0.3610835235724456, 0.3604332317631333, -0.10123006687123855, -0.058418181983927786, 0.13493946055851408, 0.13450767661980695, 0.3670157192393981, 0.6243784277585829, -0.11647799644843676, 0.037844743973714075]
Generation no  :  4
Clusters : [23, 45, 3, 19, 5, 2, 48, 34, 41, 27, 6, 12, 34, 49, 11, 43, 5, 3, 20, 17]
Predicted labels : [array([10, 17, 17, ..., 17, 17, 17], dtype=int32), array([5, 6, 4, ..., 6, 6, 6], dtype=int32), array([2, 2, 2, ..., 2, 2, 2], dtype=int32), array([3, 7, 7, ..., 7, 7, 7], dtype=int32), array([3, 4, 4, ..., 4, 4, 4], dtype=int32), array([0, 0, 0, ..., 0, 0, 0], dtype=int32), array([38, 43, 27, ..., 42, 15, 43], dtype=int32), array([17, 28,  7, ...,  7, 28,  7], dtype=int32), array([18, 39, 19, ..., 13, 28, 13], dtype=int32), array([26,  7, 20, ...,  7, 22,  7], dtype=int32), array([3, 0, 0, ..., 0, 0, 0], dtype=int32), array([ 3, 10, 10, ..., 10, 10, 10], dtype=int32), array([27, 13, 32, ..., 20, 13, 13], dtype=int32), array([27,  2, 36, ...,  2,  2,  2], dtype=int32), array([10,  2,  2, ...,  2,  2,  2], dtype=int32), array([10, 12, 12, ..., 12, 12, 12], dtype=int32), array([3, 4, 4, ..., 4, 4, 4], dtype=int32), array([0, 0, 0, ..., 0, 0, 0], dtype=int32), array([ 9, 19, 18, ..., 19, 19, 19], dtype=int32), array([4, 5, 5, ..., 5, 5, 5], dtype=int32)]
PBM index : [2813.951081522256, 815.2415590771384, 132696.52133697775, 3901.0788041756, 77414.79102452916, 127431.1368812082, 676.168601600477, 1296.9879727490304, 922.90756701415, 1985.4106235140168, 34953.59095298151, 7721.227700552436, 1257.8472564321594, 624.3559377034821, 9136.553801875963, 796.1350162410608, 78390.1690883224, 132657.60085649393, 3478.861312075431, 4711.8211637428385]
Sil score : [0.09325716320902504, 0.03805165640565366, 0.6566181169820221, 0.11636068171787031, 0.4845212120808821, 0.9761175408872461, -0.001489121626598079, -0.03671108158159341, -0.07267051725066825, 0.01956329889580426, 0.36567549498584073, 0.26840030423392547, -0.1005202833554798, -0.06554174454905949, 0.14078295804082497, 0.13568408648213423, 0.3746726225285393, 0.6580990870050644, 0.050180958932466796, 0.37048045766389476]
Generation no  :  5
Clusters : [24, 44, 3, 20, 5, 3, 47, 34, 40, 26, 5, 12, 33, 49, 12, 42, 6, 3, 19, 18]
Predicted labels : [array([10, 17, 17, ..., 17, 17, 17], dtype=int32), array([5, 6, 4, ..., 6, 6, 6], dtype=int32), array([0, 0, 0, ..., 0, 0, 0], dtype=int32), array([0, 8, 7, ..., 8, 8, 8], dtype=int32), array([3, 4, 4, ..., 4, 4, 4], dtype=int32), array([0, 0, 0, ..., 0, 0, 0], dtype=int32), array([ 7, 43, 27, ..., 42, 43, 43], dtype=int32), array([0, 3, 3, ..., 3, 3, 3], dtype=int32), array([18, 39, 19, ..., 39, 28, 39], dtype=int32), array([11,  0,  0, ...,  0,  0,  0], dtype=int32), array([0, 3, 3, ..., 3, 3, 3], dtype=int32), array([ 7, 10, 10, ..., 10, 10, 10], dtype=int32), array([32, 12, 20, ..., 12, 12, 12], dtype=int32), array([36,  2, 48, ..., 46, 37, 46], dtype=int32), array([10,  2, 11, ...,  2,  2,  2], dtype=int32), array([10, 12, 12, ..., 12, 12, 12], dtype=int32), array([3, 2, 2, ..., 2, 2, 2], dtype=int32), array([1, 1, 1, ..., 1, 1, 1], dtype=int32), array([ 9, 18, 15, ..., 18, 18, 18], dtype=int32), array([ 3, 10, 10, ..., 10, 10, 10], dtype=int32)]
PBM index : [2626.4118427119174, 772.5490014748235, 128603.05079174036, 3934.917698593766, 50114.34617048735, 290782.619724392, 660.2018804173771, 1239.541548801309, 871.8731726525866, 1957.074863812475, 34517.49745620816, 8990.105545471943, 1251.590246616101, 640.7645087158659, 11038.052460715011, 830.2607497052218, 50159.3776499308, 131550.34040934974, 3406.548019952993, 4721.687314508315]
Sil score : [0.16124179012419912, 0.051403197837657434, 0.8592008675551065, 0.1066095856395238, 0.385213664800178, 0.8143924201627829, -0.022903201840355457, 0.4341341337772441, -0.035303200172052816, 0.13312306032521487, 0.38178451513615475, 0.3322593671641189, -0.10625512289282792, -0.0827514669526009, 0.039319108119924305, 0.13679255908887408, 0.38724509528981094, 0.8942357126059748, 0.019163492715991878, 0.37100075101336116]
Generation no  :  6
Clusters : [23, 43, 3, 21, 5, 3, 48, 33, 40, 27, 5, 12, 34, 49, 12, 42, 5, 3, 18, 18]
Predicted labels : [array([10, 17, 17, ..., 17, 17, 17], dtype=int32), array([17, 18, 15, ..., 18, 18, 15], dtype=int32), array([1, 1, 1, ..., 1, 1, 1], dtype=int32), array([10, 14, 10, ..., 14, 14, 14], dtype=int32), array([4, 2, 2, ..., 2, 2, 2], dtype=int32), array([0, 0, 0, ..., 0, 0, 0], dtype=int32), array([ 7,  5, 27, ..., 43,  5, 43], dtype=int32), array([10, 19, 12, ..., 19, 19, 19], dtype=int32), array([18, 39, 13, ..., 28, 19, 39], dtype=int32), array([20, 26, 26, ..., 26, 26, 26], dtype=int32), array([3, 3, 3, ..., 3, 3, 3], dtype=int32), array([ 3, 10, 10, ..., 10, 10, 10], dtype=int32), array([27, 12, 20, ..., 20, 12, 12], dtype=int32), array([36,  2, 48, ..., 46, 37, 46], dtype=int32), array([10,  9,  9, ...,  9,  9,  9], dtype=int32), array([10, 19, 12, ..., 19, 14, 19], dtype=int32), array([2, 4, 4, ..., 4, 4, 4], dtype=int32), array([0, 0, 0, ..., 0, 0, 0], dtype=int32), array([ 9, 15, 15, ..., 15, 15, 15], dtype=int32), array([3, 6, 6, ..., 6, 6, 6], dtype=int32)]
PBM index : [2406.0829433983286, 804.8169267814587, 128497.069696169, 3536.5440154977136, 50163.4938300216, 128731.31639372608, 691.3014001387344, 1310.857064334884, 913.3240137760953, 2108.2321325758076, 48347.91025162952, 8909.566661288289, 1329.3225813526642, 624.320459829126, 9198.826305023696, 876.2241292306883, 34922.713289453466, 133628.0599336274, 3747.0998877003576, 4271.335492467477]
Sil score : [0.16030999322318107, -0.026392521199506472, 0.8882914362515599, 0.08098648736587746, 0.3667191901259236, 0.8530425721646082, -0.0786875397589047, 0.015819578675195983, -0.07065567459527498, 0.13036798154356874, 0.5950270921376917, 0.3607634083228393, -0.10166051945250915, -0.08552250015490724, 0.3087599776989207, 0.09287837534102818, 0.3398439880496235, 0.603001331004101, 0.09584393679387036, 0.2618990206492833]
Generation no  :  7
Clusters : [23, 44, 3, 21, 4, 2, 48, 34, 40, 27, 4, 11, 34, 50, 13, 41, 4, 3, 17, 18]
Predicted labels : [array([10,  3, 17, ...,  3,  3,  3], dtype=int32), array([5, 7, 6, ..., 7, 7, 7], dtype=int32), array([0, 0, 0, ..., 0, 0, 0], dtype=int32), array([19, 12, 20, ..., 20, 12, 20], dtype=int32), array([2, 2, 2, ..., 2, 2, 2], dtype=int32), array([0, 0, 0, ..., 0, 0, 0], dtype=int32), array([ 7, 43, 27, ...,  2,  5, 43], dtype=int32), array([0, 3, 3, ..., 3, 3, 3], dtype=int32), array([18, 39, 19, ..., 39, 28, 39], dtype=int32), array([26, 17,  7, ..., 17, 17, 17], dtype=int32), array([0, 3, 3, ..., 3, 3, 3], dtype=int32), array([ 7, 10, 10, ..., 10, 10, 10], dtype=int32), array([27, 12, 16, ..., 13, 12, 12], dtype=int32), array([36, 46, 48, ...,  2, 37,  2], dtype=int32), array([10, 12, 12, ..., 12, 12, 12], dtype=int32), array([10, 12, 12, ..., 12, 12, 12], dtype=int32), array([3, 2, 2, ..., 2, 2, 2], dtype=int32), array([0, 0, 0, ..., 0, 0, 0], dtype=int32), array([9, 2, 7, ..., 2, 2, 2], dtype=int32), array([0, 3, 3, ..., 3, 3, 3], dtype=int32)]
PBM index : [2653.364449686606, 847.9299926123216, 128603.05079174036, 3207.611583068488, 48540.33993429813, 127431.1368812082, 652.9769118176619, 1338.397463573411, 910.1377017006454, 1983.9351678067667, 49116.752574053105, 8967.201204850146, 1259.3452270669727, 625.0559827492212, 9387.449172504925, 867.3818745221981, 49024.63071038081, 129236.71987750752, 4188.1378123958975, 4132.0453439505845]
Sil score : [0.048179886963748225, 0.02745020287693811, 0.8592008675551065, -0.07059328042543069, 0.5981772364112727, 0.9761175408872461, -0.07786065195653542, 0.363978635925136, -0.0025760090848419917, 0.033885738236656644, 0.47397107166266966, 0.3523225798295565, -0.10167994793363426, -0.06847104904240402, 0.15051284219504876, 0.14353306566802937, 0.5190642852919573, 0.8143924201627829, 0.07306107539644809, 0.49161223138848165]
Generation no  :  8
Clusters : [23, 45, 2, 20, 4, 2, 49, 34, 41, 27, 4, 11, 35, 50, 13, 41, 4, 3, 17, 18]
Predicted labels : [array([10,  3, 17, ...,  3,  3,  3], dtype=int32), array([44,  6,  5, ...,  6,  6,  6], dtype=int32), array([1, 1, 1, ..., 1, 1, 1], dtype=int32), array([ 7, 14, 10, ..., 14, 14, 14], dtype=int32), array([3, 2, 2, ..., 2, 2, 2], dtype=int32), array([0, 0, 0, ..., 0, 0, 0], dtype=int32), array([ 7, 43, 27, ..., 42, 15, 43], dtype=int32), array([ 9,  6,  4, ...,  6, 30,  6], dtype=int32), array([18, 39, 13, ..., 39, 19, 39], dtype=int32), array([26, 22,  7, ..., 22, 22, 22], dtype=int32), array([0, 3, 3, ..., 3, 3, 3], dtype=int32), array([ 7, 10, 10, ..., 10, 10, 10], dtype=int32), array([27, 12, 32, ..., 20, 13, 12], dtype=int32), array([36, 46, 48, ...,  2, 37, 46], dtype=int32), array([10,  2,  2, ...,  2,  2,  2], dtype=int32), array([10, 12, 12, ..., 12, 12, 12], dtype=int32), array([3, 3, 3, ..., 3, 3, 3], dtype=int32), array([0, 0, 0, ..., 0, 0, 0], dtype=int32), array([ 3, 15, 15, ..., 15, 15, 15], dtype=int32), array([5, 6, 4, ..., 6, 6, 6], dtype=int32)]
PBM index : [2655.8323459431567, 809.454349509415, 127431.1368812082, 3236.497545712328, 77544.33110644936, 286720.05798271846, 657.5897546826063, 1217.1435628601303, 927.349810668858, 1980.478570212101, 76325.78374657396, 10642.087602704465, 1254.4027439610784, 598.5194761280869, 7812.690370639246, 910.1104248717844, 75800.11076566963, 132657.60085649393, 4654.312628006853, 4322.521795054977]
Sil score : [0.0508484609963573, 0.06213667829319487, 0.9761175408872461, 0.010511561852713873, 0.36502366274705433, 0.9761175408872461, -0.03845827716184767, -0.03380924845153137, -0.06519005819084327, 0.03199672476666827, 0.5070319082329042, 0.34980425361443357, -0.10140905446488814, -0.06750643541523381, 0.31909323822845104, 0.1258599384390049, 0.5917705896123979, 0.6580990870050644, 0.10832796562964969, 0.04422070588015363]
Generation no  :  9
Clusters : [23, 44, 2, 19, 4, 2, 49, 35, 41, 28, 3, 11, 35, 51, 13, 41, 4, 3, 17, 18]
Predicted labels : [array([10, 17,  4, ..., 17, 17, 17], dtype=int32), array([10, 43, 12, ..., 43, 43, 43], dtype=int32), array([0, 0, 0, ..., 0, 0, 0], dtype=int32), array([0, 9, 7, ..., 9, 9, 9], dtype=int32), array([3, 3, 3, ..., 3, 3, 3], dtype=int32), array([1, 1, 1, ..., 1, 1, 1], dtype=int32), array([26, 43, 42, ..., 43, 36, 43], dtype=int32), array([ 7,  5, 29, ...,  5, 15,  5], dtype=int32), array([19, 39, 13, ..., 39, 39, 39], dtype=int32), array([26, 22,  7, ..., 22, 22, 22], dtype=int32), array([2, 2, 2, ..., 2, 2, 2], dtype=int32), array([ 7, 10, 10, ..., 10, 10, 10], dtype=int32), array([27, 12, 20, ..., 12, 13, 12], dtype=int32), array([36, 46, 48, ..., 46, 37, 46], dtype=int32), array([10,  2,  2, ...,  2,  2,  2], dtype=int32), array([10, 12, 12, ..., 12, 12, 12], dtype=int32), array([3, 3, 3, ..., 3, 3, 3], dtype=int32), array([1, 1, 1, ..., 1, 1, 1], dtype=int32), array([ 7, 15, 15, ..., 15, 15, 15], dtype=int32), array([0, 3, 3, ..., 3, 3, 3], dtype=int32)]
PBM index : [2635.6389045498686, 775.1492502820594, 286720.05798271846, 3550.8358754593382, 75641.0947283124, 286720.05798271846, 636.1531113703851, 1243.093188217354, 874.3584225796571, 1994.6562544259752, 74619.90048177782, 10639.162083703095, 1183.6389807968742, 599.4516184312146, 7822.352673948458, 911.8809633442983, 75724.05991456266, 133313.40598151882, 4728.181784114246, 4132.0453439505845]
Sil score : [0.05389789346823423, 0.026354636067213704, 0.9761175408872461, 0.03246780868245996, 0.585864302474596, 0.9761175408872461, -0.012255118303371724, -0.003806151163152293, 0.022973210384466137, 0.021199513139707554, 0.6580990870050644, 0.36134789188565847, -0.10184527848086884, -0.060988314829958035, 0.33074173494087533, 0.13388144545594438, 0.5929793365301219, 0.6232398718095419, 0.19402042498326622, 0.49161223138848165]
Generation no  :  10
Clusters : [23, 43, 2, 19, 4, 2, 49, 35, 41, 28, 3, 12, 34, 52, 13, 42, 4, 3, 17, 18]
Predicted labels : [array([10, 17, 17, ..., 17, 17, 17], dtype=int32), array([10, 12, 12, ..., 12, 12, 12], dtype=int32), array([1, 1, 1, ..., 1, 1, 1], dtype=int32), array([3, 8, 0, ..., 8, 8, 8], dtype=int32), array([3, 3, 3, ..., 3, 3, 3], dtype=int32), array([0, 0, 0, ..., 0, 0, 0], dtype=int32), array([26, 43, 42, ..., 43, 36, 43], dtype=int32), array([9, 6, 4, ..., 6, 6, 6], dtype=int32), array([18, 39, 13, ..., 28, 39, 39], dtype=int32), array([25, 17, 26, ..., 17, 17, 17], dtype=int32), array([0, 0, 0, ..., 0, 0, 0], dtype=int32), array([10, 11, 11, ..., 11, 11, 11], dtype=int32), array([27, 12, 20, ..., 20, 12, 12], dtype=int32), array([ 9, 46, 48, ..., 46, 37, 46], dtype=int32), array([10, 12, 12, ..., 12, 12, 12], dtype=int32), array([10, 12, 12, ..., 12, 12, 12], dtype=int32), array([2, 2, 2, ..., 2, 2, 2], dtype=int32), array([1, 1, 1, ..., 1, 1, 1], dtype=int32), array([ 7, 15,  7, ..., 15, 15, 15], dtype=int32), array([ 7,  5, 12, ...,  5,  5,  5], dtype=int32)]
PBM index : [2548.448735398951, 798.9175344493894, 286720.05798271846, 3924.7843046269477, 76172.12304591732, 286720.05798271846, 635.1565944578689, 1157.2038852496744, 883.2713846228277, 1834.1363297988282, 129236.71987750752, 10823.677787033324, 1188.4427547157554, 588.8995775242673, 7977.559388816854, 914.0666323954756, 75848.10439280549, 128994.84383320725, 4680.3816481052945, 4188.9986437678435]
Sil score : [0.1844572263184564, 0.1542828824023808, 0.9761175408872461, 0.08274741609518957, 0.5129481713525698, 0.9761175408872461, -0.014424112324800235, -0.03712058251812685, -0.07887342652723378, 0.09855871747626435, 0.8143924201627829, 0.1822375676819909, -0.10080092654679901, -0.06156291178821264, 0.1535914471689328, 0.12465185629840846, 0.5890664341390656, 0.8318138364616001, 0.09287205888234493, 0.036037107968143745]
Generation no  :  11
Clusters : [24, 42, 2, 20, 4, 2, 49, 35, 41, 28, 3, 11, 33, 52, 13, 41, 3, 4, 17, 18]
Predicted labels : [array([19,  3, 10, ...,  3,  3,  3], dtype=int32), array([3, 7, 5, ..., 7, 7, 7], dtype=int32), array([0, 0, 0, ..., 0, 0, 0], dtype=int32), array([3, 7, 7, ..., 7, 7, 7], dtype=int32), array([2, 2, 2, ..., 2, 2, 2], dtype=int32), array([1, 1, 1, ..., 1, 1, 1], dtype=int32), array([26, 43,  5, ..., 43, 43, 43], dtype=int32), array([10, 12, 12, ..., 12, 12, 12], dtype=int32), array([29, 39, 28, ..., 39, 39, 39], dtype=int32), array([26, 22,  7, ..., 22, 22, 22], dtype=int32), array([0, 0, 0, ..., 0, 0, 0], dtype=int32), array([ 3, 10, 10, ..., 10, 10, 10], dtype=int32), array([27, 12, 20, ..., 20, 12, 20], dtype=int32), array([36, 51, 48, ..., 46, 51, 46], dtype=int32), array([10,  2,  2, ...,  2,  2,  2], dtype=int32), array([34, 28, 18, ..., 13, 19, 39], dtype=int32), array([2, 2, 2, ..., 2, 2, 2], dtype=int32), array([3, 3, 3, ..., 3, 3, 3], dtype=int32), array([ 9, 15, 15, ..., 15, 15, 15], dtype=int32), array([0, 3, 3, ..., 3, 3, 3], dtype=int32)]
PBM index : [2579.899392455885, 838.6850771162453, 286720.05798271846, 3881.683394386699, 75855.69868518945, 286720.05798271846, 627.0147643131296, 1224.4432991663884, 886.4533239603861, 1852.1905662898098, 129236.71987750752, 8969.738639787796, 1249.0716969188572, 563.9590694161238, 7749.732644123647, 848.3781624677466, 75165.78371266543, 133875.7563231057, 4678.304698744869, 4138.542085075711]
Sil score : [0.04171703254376413, 0.03247129447554167, 0.9761175408872461, 0.20056871393005005, 0.5982483794836846, 0.9761175408872461, 0.009700902594722, 0.15100061875653392, -0.0022456667257070343, 0.03479412894995182, 0.8143924201627829, 0.3399499147119172, -0.10306302129074409, -0.08902109458503403, 0.18760017971380852, -0.11210507615294388, 0.603001331004101, 0.6223039069301667, 0.11092335968325354, 0.4890717669778044]
Generation no  :  12
Clusters : [25, 43, 3, 21, 5, 2, 49, 35, 41, 29, 4, 11, 33, 52, 13, 41, 3, 3, 16, 18]
Predicted labels : [array([10, 17,  4, ..., 17,  3, 17], dtype=int32), array([26, 28,  7, ...,  7, 22,  7], dtype=int32), array([2, 2, 2, ..., 2, 2, 2], dtype=int32), array([ 9, 14, 14, ..., 14, 14, 14], dtype=int32), array([3, 3, 3, ..., 3, 3, 3], dtype=int32), array([1, 1, 1, ..., 1, 1, 1], dtype=int32), array([ 5,  2, 43, ..., 42,  2, 43], dtype=int32), array([0, 3, 3, ..., 3, 3, 3], dtype=int32), array([18, 39, 19, ..., 13, 39, 39], dtype=int32), array([26, 22,  7, ..., 22, 22, 22], dtype=int32), array([0, 0, 0, ..., 0, 0, 0], dtype=int32), array([ 7, 10, 10, ..., 10, 10, 10], dtype=int32), array([32, 16, 12, ..., 16, 16, 16], dtype=int32), array([36, 51, 48, ..., 46,  2, 46], dtype=int32), array([ 7, 12, 12, ..., 12, 12, 12], dtype=int32), array([10, 19, 12, ..., 19, 19, 19], dtype=int32), array([2, 2, 2, ..., 2, 2, 2], dtype=int32), array([0, 0, 0, ..., 0, 0, 0], dtype=int32), array([ 3, 15,  9, ..., 15, 15, 15], dtype=int32), array([3, 6, 6, ..., 6, 6, 6], dtype=int32)]
PBM index : [2403.365931420628, 882.8377074408636, 298567.17300819996, 3396.140078982764, 74729.2019474358, 286720.05798271846, 637.580175824198, 1174.5713873645414, 870.604874068476, 1853.1159990393608, 133347.18487778318, 10638.226468083309, 1336.6117549682888, 560.4062809520672, 7971.771086907181, 914.6367730311408, 132657.60085649393, 72695.654931098, 4638.691999809036, 4216.621099082675]
Sil score : [0.030624148694607223, -0.052471566232820115, 0.6566181169820221, 0.13324446293993003, 0.648877716063036, 0.9761175408872461, -0.0700035299128934, 0.4271205171373753, -0.0515259340574475, 0.035087051075260424, 0.6154373183536388, 0.36129805972326806, -0.1069523750851992, -0.0966407318567439, 0.18527800257842342, 0.09771977266548477, 0.6580990870050644, 0.8143924201627829, 0.09250265185768868, 0.3698057397906483]
Generation no  :  13
Clusters : [25, 42, 3, 21, 4, 2, 49, 35, 41, 29, 4, 11, 33, 51, 13, 41, 4, 2, 16, 17]
Predicted labels : [array([17, 24, 10, ..., 24,  3, 24], dtype=int32), array([26, 28,  7, ...,  7, 22,  7], dtype=int32), array([2, 2, 2, ..., 2, 2, 2], dtype=int32), array([ 7, 14, 10, ..., 14, 14, 14], dtype=int32), array([0, 0, 0, ..., 0, 0, 0], dtype=int32), array([0, 0, 0, ..., 0, 0, 0], dtype=int32), array([ 5, 43, 42, ..., 43, 43, 43], dtype=int32), array([29, 28,  9, ..., 13, 28, 13], dtype=int32), array([18, 39, 19, ..., 39, 28, 39], dtype=int32), array([26, 28,  7, ..., 28, 28, 28], dtype=int32), array([3, 3, 3, ..., 3, 3, 3], dtype=int32), array([ 7, 10, 10, ..., 10, 10, 10], dtype=int32), array([27, 12, 20, ..., 20, 12, 20], dtype=int32), array([ 4, 46, 48, ...,  2, 46, 46], dtype=int32), array([10,  7,  7, ...,  7,  7,  7], dtype=int32), array([10, 14, 14, ..., 14, 14, 14], dtype=int32), array([1, 1, 1, ..., 1, 1, 1], dtype=int32), array([0, 0, 0, ..., 0, 0, 0], dtype=int32), array([15,  7,  7, ...,  7,  7,  7], dtype=int32), array([0, 2, 2, ..., 2, 2, 2], dtype=int32)]
PBM index : [2206.0675126033298, 836.2217598368319, 132733.0656213198, 3237.5718850750454, 48708.82794285197, 286720.05798271846, 629.0189269689041, 1190.5951171028398, 886.5958245914773, 1732.6413363491863, 75479.77440811916, 10657.133427669249, 1333.4387475030198, 557.0750922928329, 7827.403520199748, 906.6192064836355, 135792.83945584676, 127431.1368812082, 5193.803484126488, 4121.846722529627]
Sil score : [0.021156098242846803, -0.0439183612678555, 0.654635762538517, 0.03675932790182821, 0.5328076981059111, 0.9761175408872461, -0.015420334667409183, -0.08551901774909242, -0.009375020999926455, 0.02003686047823738, 0.6029609150993702, 0.34109202463167726, -0.09991222719463419, -0.06422875737454542, 0.32909347750918483, 0.11229084061074407, 0.5762712713129843, 0.9761175408872461, 0.16562651881863835, 0.4947217948863051]
Generation no  :  14
Clusters : [25, 42, 3, 22, 4, 3, 49, 35, 41, 29, 3, 11, 33, 51, 12, 40, 4, 2, 15, 17]
Predicted labels : [array([10, 24, 17, ..., 24, 24, 24], dtype=int32), array([4, 7, 7, ..., 7, 7, 7], dtype=int32), array([0, 0, 0, ..., 0, 0, 0], dtype=int32), array([ 8, 17,  7, ..., 17, 17,  7], dtype=int32), array([0, 0, 0, ..., 0, 0, 0], dtype=int32), array([2, 2, 2, ..., 2, 2, 2], dtype=int32), array([ 5, 43, 27, ..., 42, 15, 43], dtype=int32), array([ 3, 19, 19, ..., 19, 19, 19], dtype=int32), array([18, 39, 19, ..., 39, 28, 39], dtype=int32), array([26, 28,  7, ..., 28, 28, 28], dtype=int32), array([2, 2, 2, ..., 2, 2, 2], dtype=int32), array([ 7, 10, 10, ..., 10, 10, 10], dtype=int32), array([27, 12,  6, ..., 12, 12, 12], dtype=int32), array([36, 46, 48, ..., 46, 37, 46], dtype=int32), array([0, 2, 2, ..., 2, 2, 2], dtype=int32), array([10, 12, 12, ..., 12, 12, 12], dtype=int32), array([2, 3, 3, ..., 3, 3, 3], dtype=int32), array([0, 0, 0, ..., 0, 0, 0], dtype=int32), array([9, 7, 7, ..., 7, 7, 7], dtype=int32), array([7, 2, 5, ..., 2, 2, 2], dtype=int32)]
PBM index : [2196.9040985181446, 875.0402746506119, 133134.26513868928, 3233.6098539497043, 75030.18773019733, 299985.4528749709, 633.7027365719592, 1209.1809797407807, 886.5238128607904, 1735.9358509939027, 75165.78371266543, 10653.772766597778, 1300.0821328327113, 576.6340745907592, 7872.572032996349, 904.9427591037813, 77334.83504870575, 286720.05798271846, 5231.912701281527, 4700.684688951916]
Sil score : [0.038535413424887144, 0.11015479465847011, 0.6307669652019564, -0.010297751931376987, 0.5989992825940872, 0.6238573833006351, 0.0008258627441883597, 0.24886322651372808, -0.0082821577290898, 0.029466242582790857, 0.603001331004101, 0.35414238489868755, 0.017772717521168095, -0.061270186076048824, 0.44838181560563267, 0.16332734580937439, 0.36921861539208306, 0.9761175408872461, 0.18392982743443703, 0.018183832687019893]
Generation no  :  15
Clusters : [26, 42, 4, 23, 4, 3, 49, 34, 41, 29, 3, 12, 32, 52, 12, 41, 3, 2, 15, 17]
Predicted labels : [array([10, 24, 17, ..., 24, 24, 24], dtype=int32), array([5, 6, 6, ..., 6, 6, 6], dtype=int32), array([0, 0, 0, ..., 0, 0, 0], dtype=int32), array([11, 14,  9, ..., 14, 14, 14], dtype=int32), array([0, 0, 0, ..., 0, 0, 0], dtype=int32), array([2, 2, 2, ..., 2, 2, 2], dtype=int32), array([ 7, 27,  5, ..., 43, 42, 43], dtype=int32), array([3, 4, 4, ..., 4, 4, 4], dtype=int32), array([18, 39, 13, ..., 28, 28, 39], dtype=int32), array([26, 28,  7, ...,  7, 28,  7], dtype=int32), array([2, 2, 2, ..., 2, 2, 2], dtype=int32), array([10, 11, 11, ..., 11, 11, 11], dtype=int32), array([ 1, 13, 13, ..., 13, 13, 13], dtype=int32), array([ 4, 46, 48, ..., 46, 37, 46], dtype=int32), array([4, 1, 1, ..., 1, 1, 1], dtype=int32), array([10, 12, 12, ..., 12, 12, 12], dtype=int32), array([2, 2, 2, ..., 2, 2, 2], dtype=int32), array([0, 0, 0, ..., 0, 0, 0], dtype=int32), array([9, 7, 7, ..., 7, 7, 7], dtype=int32), array([0, 2, 2, ..., 2, 2, 2], dtype=int32)]
PBM index : [2256.169727485073, 869.2775920274923, 133219.4630714013, 2812.0021872185794, 75110.9528468389, 133001.84740279187, 640.1025187873745, 1190.9395865108877, 871.6961795219747, 1738.2842179467275, 133103.29545132775, 10779.58443166666, 1317.842317094301, 582.2985886476202, 9195.579736649861, 952.6597962684249, 74682.86344496677, 286720.05798271846, 5918.770678670855, 4621.032311763317]
Sil score : [0.007523820982662887, 0.13928925429714323, 0.6587690067389621, 0.0744575989728936, 0.5979998179223895, 0.6430164609903628, -0.0929695547555556, 0.3498735291565238, -0.07854259487977201, -0.0439845958129392, 0.6331860035465707, 0.2493692722253534, 0.10671717293897376, -0.06104682985468416, 0.09615608571453398, 0.15652686238105676, 0.6547346614186772, 0.9761175408872461, 0.12976614456156443, 0.4947217948863051]
Generation no  :  16
Clusters : [26, 42, 3, 22, 4, 4, 49, 34, 41, 29, 3, 12, 32, 52, 11, 41, 3, 2, 16, 16]
Predicted labels : [array([10, 24, 17, ..., 24, 24, 24], dtype=int32), array([2, 9, 5, ..., 9, 9, 9], dtype=int32), array([2, 2, 2, ..., 2, 2, 2], dtype=int32), array([ 9, 14, 14, ..., 14, 14, 14], dtype=int32), array([2, 2, 2, ..., 2, 2, 2], dtype=int32), array([3, 3, 3, ..., 3, 3, 3], dtype=int32), array([ 7, 15, 43, ..., 42, 36, 43], dtype=int32), array([ 9, 18, 15, ..., 15,  7, 18], dtype=int32), array([18, 39, 32, ..., 13, 22, 13], dtype=int32), array([ 3, 28,  8, ..., 28, 28, 28], dtype=int32), array([2, 2, 2, ..., 2, 2, 2], dtype=int32), array([ 7, 10, 10, ..., 10, 10, 10], dtype=int32), array([27, 12, 20, ..., 12, 12, 20], dtype=int32), array([36, 51, 48, ..., 46, 51, 46], dtype=int32), array([0, 2, 2, ..., 2, 2, 2], dtype=int32), array([19, 14, 33, ..., 14, 14, 14], dtype=int32), array([2, 2, 2, ..., 2, 2, 2], dtype=int32), array([0, 0, 0, ..., 0, 0, 0], dtype=int32), array([7, 2, 2, ..., 2, 2, 2], dtype=int32), array([4, 6, 6, ..., 6, 6, 6], dtype=int32)]
PBM index : [2051.678363386662, 888.6663692703225, 74619.90048177782, 2573.102869697865, 77179.5429859074, 133681.47902342476, 632.1627082142493, 1308.5208466198344, 870.8393909264654, 1731.7217341117275, 129527.5062338102, 9230.135848037527, 1399.271880267278, 559.6842531664371, 9196.875405477083, 877.8900377592901, 133628.0599336274, 286720.05798271846, 5936.439340453233, 4770.912205602368]
Sil score : [0.011959905439644555, 0.024639483122165608, 0.6580990870050644, 0.1372686296978801, 0.633292990271169, 0.631051661310267, -0.07528274272835307, -0.014087956841865605, -0.08181314108285576, 0.04740172519029298, 0.791497741656626, 0.27909387334556746, -0.11032533292247075, -0.08016359993068564, 0.4482077306694677, -0.03408032198156278, 0.603001331004101, 0.9761175408872461, 0.12277509478689651, 0.1647147237669446]
Generation no  :  17
Clusters : [25, 41, 2, 22, 4, 4, 49, 34, 40, 29, 3, 12, 32, 52, 11, 41, 3, 2, 17, 16]
Predicted labels : [array([10, 24, 17, ..., 24, 24, 24], dtype=int32), array([5, 6, 6, ..., 6, 6, 6], dtype=int32), array([0, 0, 0, ..., 0, 0, 0], dtype=int32), array([3, 7, 0, ..., 7, 7, 7], dtype=int32), array([0, 0, 0, ..., 0, 0, 0], dtype=int32), array([3, 3, 3, ..., 3, 3, 3], dtype=int32), array([ 7,  5, 27, ..., 43, 15, 43], dtype=int32), array([0, 3, 3, ..., 3, 3, 3], dtype=int32), array([18, 39, 13, ..., 39, 28, 39], dtype=int32), array([26, 28,  0, ..., 28, 28, 28], dtype=int32), array([0, 0, 0, ..., 0, 0, 0], dtype=int32), array([ 7, 10, 10, ..., 10, 10, 10], dtype=int32), array([27, 20, 16, ..., 20, 20, 20], dtype=int32), array([49, 51, 48, ..., 46, 37, 46], dtype=int32), array([3, 9, 7, ..., 9, 9, 9], dtype=int32), array([10, 14, 14, ..., 14, 14, 14], dtype=int32), array([1, 1, 1, ..., 1, 1, 1], dtype=int32), array([0, 0, 0, ..., 0, 0, 0], dtype=int32), array([ 3, 15,  9, ..., 15, 15, 15], dtype=int32), array([4, 9, 3, ..., 9, 7, 9], dtype=int32)]
PBM index : [2043.8838659992164, 872.2192650377019, 127431.1368812082, 2966.700964215828, 75213.15680063945, 75341.30600645166, 639.4409489907044, 1239.6282030809361, 873.4096867511175, 1724.7308980488203, 128354.14904821244, 8992.198651694096, 1402.610162104222, 559.2963486943681, 11245.437283640546, 906.5122345919686, 133628.0599336274, 286720.05798271846, 5275.060112889477, 5477.448070010308]
Sil score : [0.021278416970779406, 0.1496976909000671, 0.9761175408872461, 0.07508587493288761, 0.6084345594467029, 0.6162408940742149, -0.08182187929584232, 0.43520420439663543, -0.03401778781589082, 0.026561153354750136, 0.8686648346678106, 0.35886141224675855, -0.12217451282799334, -0.08206285716141565, 0.0226966572092288, 0.11491987746900759, 0.603001331004101, 0.9761175408872461, 0.07935910007685733, 0.06757822280345328]
Generation no  :  18
Clusters : [25, 42, 3, 22, 4, 4, 49, 35, 40, 29, 3, 12, 32, 52, 11, 40, 3, 3, 17, 17]
Predicted labels : [array([10, 24, 17, ..., 24, 24, 24], dtype=int32), array([5, 7, 6, ..., 7, 7, 7], dtype=int32), array([2, 2, 2, ..., 2, 2, 2], dtype=int32), array([19, 12, 16, ..., 12, 20, 12], dtype=int32), array([0, 0, 0, ..., 0, 0, 0], dtype=int32), array([3, 3, 3, ..., 3, 3, 3], dtype=int32), array([26, 43,  5, ..., 43, 43, 43], dtype=int32), array([11, 14,  4, ..., 14, 30, 14], dtype=int32), array([18, 39, 32, ..., 13, 28, 13], dtype=int32), array([26, 28,  7, ..., 28, 28, 28], dtype=int32), array([0, 0, 0, ..., 0, 0, 0], dtype=int32), array([ 7, 10, 10, ..., 10, 10, 10], dtype=int32), array([25, 27, 13, ..., 27, 10, 27], dtype=int32), array([49, 51, 48, ...,  2, 37, 46], dtype=int32), array([3, 2, 2, ..., 2, 2, 2], dtype=int32), array([19, 35, 32, ..., 32, 12, 32], dtype=int32), array([0, 0, 0, ..., 0, 0, 0], dtype=int32), array([2, 2, 2, ..., 2, 2, 2], dtype=int32), array([10, 15, 15, ..., 15, 15, 15], dtype=int32), array([4, 8, 7, ..., 8, 8, 8], dtype=int32)]
PBM index : [2300.4575606321914, 926.785402982517, 289837.84494275966, 2859.55129576123, 75786.22849372316, 75141.01742929226, 627.0362393374224, 1219.2326963674034, 917.6654966517317, 1734.3724095858684, 129236.71987750752, 8967.957143183181, 1414.3827842238222, 560.2333823093757, 10907.928138114932, 899.0283653972589, 132657.60085649393, 298479.6019271113, 4669.250872105786, 5460.579782342421]
Sil score : [0.009311694493990032, 0.02160527541302281, 0.8441623332618874, 0.0073718271846220556, 0.5986386569302294, 0.6368896761221595, 0.009698794164600141, -0.1297407229275867, -0.07915919729200513, 0.025632677167804235, 0.8143924201627829, 0.34703328253271365, 0.06322622612251702, -0.09238755945231844, 0.1125074616170272, -0.0983532581792665, 0.6580990870050644, 0.6580990870050644, 0.14371820446883443, 0.06980750773407826]
Generation no  :  19
Clusters : [25, 42, 3, 22, 4, 4, 49, 35, 40, 28, 3, 12, 32, 52, 11, 40, 3, 3, 17, 17]
Predicted labels : [array([10, 24, 24, ..., 24, 17, 24], dtype=int32), array([2, 6, 5, ..., 6, 6, 6], dtype=int32), array([2, 2, 2, ..., 2, 2, 2], dtype=int32), array([0, 7, 7, ..., 7, 7, 7], dtype=int32), array([0, 0, 0, ..., 0, 0, 0], dtype=int32), array([3, 3, 3, ..., 3, 3, 3], dtype=int32), array([38, 43, 27, ..., 43, 36, 43], dtype=int32), array([10, 19, 12, ..., 19, 19, 19], dtype=int32), array([19, 39, 13, ..., 39, 39, 39], dtype=int32), array([26, 22,  7, ..., 22, 22, 22], dtype=int32), array([2, 2, 2, ..., 2, 2, 2], dtype=int32), array([ 7, 10, 10, ..., 10, 10, 10], dtype=int32), array([13, 27, 13, ..., 27, 10, 27], dtype=int32), array([36, 51, 48, ..., 46, 37, 46], dtype=int32), array([3, 7, 7, ..., 7, 7, 7], dtype=int32), array([10, 12, 12, ..., 12, 12, 12], dtype=int32), array([0, 0, 0, ..., 0, 0, 0], dtype=int32), array([2, 2, 2, ..., 2, 2, 2], dtype=int32), array([ 9, 15, 13, ..., 15, 15, 15], dtype=int32), array([16,  7,  3, ...,  7,  7,  7], dtype=int32)]
PBM index : [2188.5095308208533, 879.2630717857594, 132657.60085649393, 2927.8007385544256, 75330.58148036651, 75284.29843107097, 632.7052585820853, 1237.4954617636918, 899.4852819194941, 1728.1231898502028, 133628.0599336274, 8969.951236827113, 1411.3023357867924, 558.5074090629149, 10927.738027139178, 950.5677894489842, 133628.0599336274, 132657.60085649393, 4682.278463753508, 4684.55688707175]
Sil score : [0.09563920915625182, 0.0341577361538302, 0.6580990870050644, 0.26322245285903156, 0.6032687332155136, 0.6187814193738226, 0.021394376461606884, -0.14317043268151428, 0.026524332140305047, 0.012750771430531316, 0.603001331004101, 0.344987226829756, 0.07670011462451398, -0.09263628128126708, 0.13669430895806559, 0.1563363038021034, 0.603001331004101, 0.6580990870050644, 0.03703207366245087, 0.08010157074119933]
