Initial Clusters : [17, 13, 14, 19, 2, 8, 12, 8, 19, 4, 16, 20, 10, 11, 8, 4, 2, 6, 11, 8, 16, 13, 5, 6, 4, 20, 16, 9, 18, 3, 5, 19, 12, 12, 3, 20, 10, 5, 10, 19, 17, 16, 7, 19, 15, 15, 16, 12, 20, 14]
Initial PBM : [0.11810603233646166, 0.2061903180613764, 0.17724819413067738, 0.113238889373075, 0.04771103587280126, 0.41561052313862407, 0.20337889028559003, 0.44354055084977445, 0.111592273880735, 0.1401693794841794, 0.13668847564813588, 0.1089105009359088, 0.30736877010853386, 0.13612582940802173, 0.4539509300096607, 0.7666379306377781, 2.5799502520997986, 0.5316700521634553, 0.2709357121990609, 0.24368364742170548, 0.14630873057730875, 0.1913851713887543, 0.5378718800314766, 0.4348877118462634, 0.7761338508067922, 0.10116407372823921, 0.13378491213801152, 0.21452771690359657, 0.11053015221110493, 1.2905676713137324, 0.6296461717425872, 0.1095302986622191, 0.22667650500817288, 0.21930377119332856, 0.05369857856964786, 0.06845812203499478, 0.26648502121835344, 0.05301233789343643, 0.2789312776530322, 0.1046628243083364, 0.12810858494612792, 0.1415441793031452, 0.31895241804926366, 0.10499729279012841, 0.1494458187700091, 0.1651930132600988, 0.14508164311935554, 0.21957987269710744, 0.10647743554000257, 0.21171857069111102]
Initial Sil score : [0.09725325197422216, 0.18797490380765025, 0.14056274608834229, 0.12497616326140019, 0.045703464644177863, 0.15002622572189481, 0.15076030318163924, 0.18902054662365556, 0.1046671746480143, 0.15941281413551361, 0.11957870987456851, 0.088349600040225532, 0.16857922010209658, 0.27472264479120828, 0.16068076743571316, 0.29903016635004687, 0.5339878240493654, 0.36889581461815263, 0.14127623107895781, 0.12849413277767804, 0.16776853514146267, 0.16872406763540751, 0.33165937350036395, 0.32063703952570155, 0.33761331841225511, 0.088845296930150711, 0.15541492425950978, 0.12596102933523848, 0.15953837513180155, 0.34335839589177486, 0.12981164012521693, 0.10350155840881999, 0.15590727646454564, 0.18307694048720741, 0.076938552012554423, 0.051840446073354328, 0.18759999645085151, 0.073377887038665657, 0.16027086280179803, 0.14003950681896066, 0.12347962680703242, 0.1275872501087856, 0.11300257227322956, 0.080724224754808435, 0.13515964858506821, 0.15396225544521772, 0.1218704227122205, 0.14663179589059472, 0.11241766272634132, 0.17144091857915569]
Initial Dunn : [0.11934301964954092, 0.10929074363069689, 0.1076225451583917, 0.12079335783553745, 0.077108468769899255, 0.13928246849232082, 0.12502610736034467, 0.14471049099252886, 0.11041883516296497, 0.10151924546516893, 0.1474162621653286, 0.11574433381877078, 0.11326774080137607, 0.09710740208599207, 0.13006267060304297, 0.12510551734895523, 0.73839330931601899, 0.091836562598235291, 0.11247093319001152, 0.1123970475778904, 0.13190442092406335, 0.11873264049733842, 0.13775974827761905, 0.090806746720931031, 0.099718914359658697, 0.10181320829276794, 0.13473261728464817, 0.096619570098573984, 0.11222048472606021, 0.11832469088126804, 0.10316427528514434, 0.1148265870141511, 0.10964022345940479, 0.12502610736034467, 0.080073190025396326, 0.11545831018465336, 0.10912484993901012, 0.076469288844023431, 0.12565131867654283, 0.12223628760095326, 0.11740271904891539, 0.11451422199073646, 0.11282655460930081, 0.10842652728182818, 0.1233522463691166, 0.097126678095453445, 0.12357572624242259, 0.1148265870141511, 0.1170616908031181, 0.12379290762684268]
Max Dunn and corresponding cluster, PBM, Sil : 0.738393309316,2,2.5799502521,0.533987824049
------------------------------------------------------------------------------------------
-------------------------------------------------------------------------------------------------------------------------

-------------------------------------------------------------------------------------------------------------------------

-------------------------------------------------------------------------------------------------------------------------

-------------------------------------------------------------------------------------------------------------------------

-------------------------------------------------------------------------------------------------------------------------

-------------------------------------------------------------------------------------------------------------------------

-------------------------------------------------------------------------------------------------------------------------

-------------------------------------------------------------------------------------------------------------------------

-------------------------------------------------------------------------------------------------------------------------

-------------------------------------------------------------------------------------------------------------------------

-------------------------------------------------------------------------------------------------------------------------

-------------------------------------------------------------------------------------------------------------------------

-------------------------------------------------------------------------------------------------------------------------

-------------------------------------------------------------------------------------------------------------------------

-------------------------------------------------------------------------------------------------------------------------

-------------------------------------------------------------------------------------------------------------------------

-------------------------------------------------------------------------------------------------------------------------

-------------------------------------------------------------------------------------------------------------------------

-------------------------------------------------------------------------------------------------------------------------

-------------------------------------------------------------------------------------------------------------------------

-------------------------------------------------------------------------------------------------------------------------

-------------------------------------------------------------------------------------------------------------------------

-------------------------------------------------------------------------------------------------------------------------

-------------------------------------------------------------------------------------------------------------------------

-------------------------------------------------------------------------------------------------------------------------

-------------------------------------------------------------------------------------------------------------------------

-------------------------------------------------------------------------------------------------------------------------

-------------------------------------------------------------------------------------------------------------------------

-------------------------------------------------------------------------------------------------------------------------

-------------------------------------------------------------------------------------------------------------------------

-------------------------------------------------------------------------------------------------------------------------

-------------------------------------------------------------------------------------------------------------------------

-------------------------------------------------------------------------------------------------------------------------

-------------------------------------------------------------------------------------------------------------------------

-------------------------------------------------------------------------------------------------------------------------

-------------------------------------------------------------------------------------------------------------------------

-------------------------------------------------------------------------------------------------------------------------

-------------------------------------------------------------------------------------------------------------------------

-------------------------------------------------------------------------------------------------------------------------

-------------------------------------------------------------------------------------------------------------------------

-------------------------------------------------------------------------------------------------------------------------

-------------------------------------------------------------------------------------------------------------------------

-------------------------------------------------------------------------------------------------------------------------

-------------------------------------------------------------------------------------------------------------------------

-------------------------------------------------------------------------------------------------------------------------

-------------------------------------------------------------------------------------------------------------------------

-------------------------------------------------------------------------------------------------------------------------

-------------------------------------------------------------------------------------------------------------------------

-------------------------------------------------------------------------------------------------------------------------

-------------------------------------------------------------------------------------------------------------------------

chromosome 0 : [  1.00000000e+00   2.77555756e-17   8.67361738e-19 ...,   0.00000000e+00
   0.00000000e+00   0.00000000e+00]
 Objectives (Sil) : 0.172277110256
 Objectives (PBM) : 0.194098325573
Cluster size 0 :20
Predicted Label for 0: [ 1  8 17 12 19  2 17 10  1 17 16 10 10  1  8 10  9  9 16  9  9  1 10 11 10
  1  2 19  1 12 17  2 15  2  1  1 17  1 17  9  9  9 17  3 11 17  8  3 17  9
 17  0  2  0 16  2  1 10 19 15 15  3  2  8  2  8  8 10 17  9  9 19 15  3 15
  9  2 10  8 11 19  3 19 17 11 17 19 15 12  9  2 10  2 10 17 14 17  2  4 10
 12 16  9  9 12  2  3 17  0  9  1  1 17 11 19 10 10  2 17  3  9  2  3  2  1
 18 14 19  3 19 12 17  8  2 19 19 10  2 10  3  3 15  3 19 17 17 16 10  2 10
 10  8 17 17 12  3 10 12  2  8  3 17 19  1  3  9  9 12 15  2  9 16 19 16 19
  9  9  2 19  8 15 11 17 19  2  3 15 19  7 10  8 16  2 16  9  2  2 16  0 11
  8 10 16  2 17  2  9  8 11  9 17  2  3  3 17 16  9  2  1  3  8  1 10 16  2
 19  2  2 10 12  9  2  9 19 17  8  3 11 16 15  8  2 19 19 17 17  9 17 16 10
 10 12  2  2  1  2 17  2 15  2 19 11 19  0  2 16  2 10  5 19  2  9 11  2  1
 10  2 15  3  2  0  2  1  1  2 16 12 19 19  3 16 16  2  8 17 19  9  8  8 12
 10  3 12 15 15  2 10  3  1 17 15  8  2  2 10  1 16 19 17  1 10 11  8 15  3
  9  8 16  2 16  0  1 11 15 10 10  8 19  0 17 16 16  3 17 12 12  9 10 15 15
  2 19 16  8  0  3 13  8  8 10  3  3 19 12  1 15 19  3  2  1 10 19  3  8  2
  2 16 17 17  3 19 11 15  2  3 12 19  2 11  8  2 12  9 15 15  8  8  3 12 17
 15 19  1]
 Dunn Index 0 : 0.176940818622
---------------------------------------------------------------------------------------------------------
chromosome 1 : [ -1.11022302e-16   3.30762417e-01   4.33060343e-02 ...,   0.00000000e+00
   0.00000000e+00   0.00000000e+00]
 Objectives (Sil) : 0.21132427392
 Objectives (PBM) : 0.182820750902
Cluster size 1 :18
Predicted Label for 1: [ 0 16  2  1  2 11  2  0  0  0 13  5  0  0 13  2  1  1 13  1  1  0  2  5  2
  0 15  2  0  1  2 15 12 15  0  0  2  0  2  1  1  1  2  5  5  2  7  5  2  1
  2 17  7 17 13 15  0  2  2 11 12  2 15 16  7 16  6  0  2  1  1  2 14  5 14
  1 15  0  8  5  2  5  2  2  5  2  2 14  1  1 15  5 15  2  0  1  2 15  1  2
  1  9  1  1  1 15  2  0 17  1  0  0  2  5  2  0  5 15  2  2  1 15  5 15  0
  4  1  2  5  2  1  2 16  7  2  2  2 11  2  5  2 12  5  2  2  2  9  2 15  0
  0 14  2  2  1  5  5  1 15 14  2  2  2  0  2  1  1  1 11 15  1 13  2 13  2
  1  1 15  2 16 11  0  2  2 15  5 14  2  2  0 16  9 15 13  1 15 15  9 13  5
  7  5  9 15  2 15  1 16  5  1  2 15  2  5  2 13  1 15  0  5  6  0  5 13 15
  2 15 15  0  1  1 15  1  2  2  7  5  5  9 11  6 15  2  2  2  2  1  2  9  2
  5  1 15 15  0 15  2 15 12 15  2  0  2 13 11 13 15  5  1  2 15  1  0 15  0
  5 11 10  5 15 13 15  0  0 15  9  1  2  2  5 13 13 15 16  2  2  1  7  7  1
  0  2  1 12 12 15  5  5  0  2 16  7 15 15  5  0  7  2  2  0  2  5 14 12  5
  1 16  9 15 13 17  0  5 12  2  0  8  2 17  2  9 13  5  2  1  1  1  0 14 12
 15  2  9 16 17  5  3  6 16  0  5  5  2  1  0 14  2  2 15  0  2  2  5  7 15
 11 13  2  2  2  2  5 11 15  5  1  2  7  5 16 15  1  1 14 14  7  7  2  1  2
 14  2  0]
 Dunn Index 1 : 0.146834399753
---------------------------------------------------------------------------------------------------------
chromosome 2 : [ 0.  0.  0. ...,  0.  0.  0.]
 Objectives (Sil) : 0.181807798892
 Objectives (PBM) : 0.39741885101
Cluster size 2 :12
Predicted Label for 2: [ 0  8  5  4 10  2 10  0  5  5  6 11  0  0  8  0  4  4  6  4  4  0  0 11  0
  5  3 10  5  4  5  3  1  3  0  0 10  0  5  4  4  4  5 11 11  5  2 11  5  4
  5  1  2  1  6  2  5  0 10  2  1 10  2  8  3  8  8  0  5  4  4 10  1 11  2
  4  2  0  8 11 10 11 10  5 11 10 10  2  4  4  3  0  2  0  5  9  5  2  9  0
  4  6  4  4  4  3 10  5  1  4  5  5 10 11 10  0  0  3  5  5  4  2 11  2  5
  7  9 10  0 10  4 10  8  2 10 10  0  2  0 11 10  1  5 10 10 10  6  0  3  0
  0  8 10 10  4 11  0  4  2  8 10  5 10 11 10  4  4  4  2  3  4  6 10  6 10
  4  4  2 10  8  2  0 10 10  3 11  8 10 10  0  8  6  3  6  4  3  3  6  6 11
  8  0  6  3  5  2  4  8 11  4  5  3 10 11  5  3  4  3  0 11  8  5 11  6  3
 10  2  2  0  4  4  3  4 10  5  8  5 11  6  2  8  3 10 10 10  5  4  5  6  0
  0  4  2  2  0  3  5  2  1  3 10  0 10  1  3  6  3  0  9 10  3  4  0  3  5
  0  2  1 11  2  6  3  5  5  3  6  4 10 10 11  6  6  2  8 10 10  4  2  8  4
  0  5  4  1  1  3  0 11  5  5  1  8  2  3  0  0  3 10  5  5 10 11  8  1 11
  4  8  3  2  6  1  5 11  1  0  0  8 10  1  5  6  6  5  5  4  4  4  0  2  1
  3 10  6  8  1  5  8  8  8  0 11 11 10  4  5  1 10  5  3  0  0 10 11  8  3
  2  6  5  5 10 10 11  2  3 11  4 10  2 11  8  3  4  4  1  1  8  8  5  4  5
  2 10  5]
 Dunn Index 2 : 0.146271718916
---------------------------------------------------------------------------------------------------------
chromosome 3 : [ 0.  0.  0. ...,  0.  0.  0.]
 Objectives (Sil) : 0.175770165547
 Objectives (PBM) : 0.173490100686
Cluster size 3 :20
Predicted Label for 3: [17  3 15 12 10 14 10 17 15 15 11 16 17 17  3 17 18 18 11 18 18 17 17 16 17
 15 14 10 15 18 15 14  3 14 17 17 10 17 15 18 18 18 15 16 16 15 14 16 15 18
 15  8 14 13 11 14 15 17 10 14 14 10 14  3 14  3  3 17 15 18 18 10 14 16 14
 18 14 17  3 16 10 16 10 15 16 10 10 14 12 18 14 17 14 17 15  5 15 14  2 17
 18 11 18 18 12 14 10 15  8 18 15 15 10 16 10 17 17 14 15 15 18 14 16 14 15
  0  9 10 17 10 12 10  3 14 10 10 17 14 17 16 10 14 15 10 10 10 11 17 14 17
 17  3 10 10 12 16 17 12 14  3 10 15 10 16 10 18 18 12 14 14 18 11 10 11 10
 18 18 14 10  3 14 17 10 10 14 16  3 10 10 17  3 11 14 11 18 14 14 11 11 16
  3 17 11 14 15 14 18  3 16 18 15 14 10 16 15 11 18 14 17 16  3 15 16 11 14
 10 14 14 17 12 18 14 18 10 15  3 15 16 11 14  3 14 10 10 10 15 18 15 11 17
 17 18 14 14 17 14 15 14  3 14 10 17 10 11 14 11 14 17  1 10 14 18 17 14 15
 17 14  8 16 14 11 14 15 15 14 11 18 10 10 16 11 11 14  3 10 10 18  3  3 12
 17 15 12 14 14 14 17 16 15 15  3  3 14 14 17 17 14 10 15 15 17 16  3 14 16
 18  3 11 14 11 13 15 16 11 17 17  3 10  7 15 11 11 15 15 18 12 18 17 14 14
 14 10 11  3  8 15  4  3  3 17 16 16 10 12 15 11 10 15 14 17 17 10 16  3 14
 14 11 15 15 10 10 16 14 14 16 12 10 14 16  3 14 12 18  3  3  3  3 15 12 15
 14 10 15]
 Dunn Index 3 : 0.152307157351
---------------------------------------------------------------------------------------------------------
chromosome 4 : [ 0.38002687  0.41277631  0.00887261 ...,  0.          0.          0.        ]
 Objectives (Sil) : 0.539041165497
 Objectives (PBM) : 1.04093077326
Cluster size 4 :3
Predicted Label for 4: [1 2 1 0 1 2 1 1 1 1 2 1 1 1 2 1 0 0 2 0 0 1 1 1 1 1 2 1 1 0 1 2 2 2 1 1 1
 1 1 0 0 0 1 1 1 1 2 1 1 0 1 2 2 2 2 2 1 1 1 2 2 1 2 2 2 2 2 1 1 0 0 1 2 1
 2 0 2 1 2 1 1 1 1 1 1 1 1 2 0 0 2 1 2 1 1 0 1 2 0 1 0 2 0 0 0 2 1 1 2 0 1
 1 1 1 1 1 1 2 1 1 0 2 1 2 1 1 0 1 1 1 0 1 2 2 1 1 1 2 1 1 1 2 1 1 1 1 2 1
 2 1 1 2 1 1 0 1 1 0 2 2 1 1 1 1 1 0 0 0 2 2 0 2 1 2 1 0 0 2 1 2 2 1 1 1 2
 1 2 1 1 1 2 2 2 2 0 2 2 2 2 1 2 1 2 2 1 2 0 2 1 0 1 2 1 1 1 2 0 2 1 1 2 1
 1 2 2 1 2 2 1 0 0 2 0 1 1 2 1 1 2 2 2 2 1 1 1 1 0 1 2 1 1 0 2 2 1 2 1 2 2
 2 1 1 1 2 2 2 2 1 0 1 2 0 1 2 1 1 2 2 1 2 2 2 1 1 2 2 0 1 1 1 2 2 2 2 1 1
 0 2 2 0 1 1 0 2 2 2 1 1 1 1 2 2 2 2 1 1 2 1 1 1 1 1 2 2 1 0 2 2 2 2 2 1 1
 2 1 1 2 1 2 1 2 2 1 1 0 0 0 1 2 2 2 1 2 2 2 1 2 2 2 1 1 1 1 0 1 2 1 1 2 1
 1 1 1 2 2 2 2 1 1 1 1 1 2 2 1 0 1 2 1 2 2 0 0 2 2 2 2 1 0 1 2 1 1]
 Dunn Index 4 : 0.479919310247
---------------------------------------------------------------------------------------------------------
chromosome 5 : [ -1.11022302e-16  -4.16333634e-17   3.46944695e-18 ...,   0.00000000e+00
   0.00000000e+00   0.00000000e+00]
 Objectives (Sil) : 0.311319319174
 Objectives (PBM) : 0.276302300954
Cluster size 5 :13
Predicted Label for 5: [ 4  1 11  2  0  1  0  3 11 11  1  8  3  9  1  3  2  2  1  2  2  9  3  4  3
  5  1  0  5  2  5  1  1  1  9  9  0  9  5  2  2  2  5  8  4 11  1  4 11  2
 11  1  1  1  1  1  5  3  0  1  1 11  1  1  1  1  1  3 11  2  2  0  1  8  1
  2  1  3  1  4  0  4  0  0  4  0  0  1  2  2  1  3  1  3  5 12 11  1  7  3
  2  1  2  2  2  1  8 11  1  2  5  5 11  8  0  3  3  1 11 11  2  1  8  1 11
  6 12  0 11  0  2  0  1  1  0  0  3  1  3  8  8  1 11  0  0 11  1  3  1  3
  3  1  0  0  2 11  3  2  1  1 11  5  0  4  8  2  2  2  1  1  2  1  0  1  0
  2  2  1  0  1  1  9  0  0  1 11  1  0  0  3  1  1  1  1  2  1  1  1  1  4
  1  3  1  1 11  1  2  1  4  2  5  1  8  4 11  1  2  1  9  8  1 11  3  1  1
  0  1  1  3  2  2  1  2  0 11  1 11  4  1  1  1  1  0  0 11 11  2  5  1  3
  3  2  1  1 11  1  5  1  1  1  0  9  0  1  1  1  1  3 10  8  1  2  9  1  5
  3  1  1  8  1  1  1  9  5  1  1  2  0  0  8  1  1  1  1  0  0  2  1  1  2
  3 11  2  1  1  1  3  8 11 11  1  1  1  1  3  9  1  0 11 11  3  4  1  1  8
  2  1  1  1  1  1  5  8  1  3  3  1  0  1  5  1  1 11 11  2  2  2  3  1  1
  1  0  1  1  1 11  1  1  1  3  4  8  0  2  5  1  0 11  1  9  3  0  8  1  1
  1  1 11  5 11  0  4  1  1  8  2  0  1  4  1  1  2  2  1  1  1  1 11  2 11
  1  0  5]
 Dunn Index 5 : 0.125199076689
---------------------------------------------------------------------------------------------------------
chromosome 6 : [ -1.11022302e-16  -8.32667268e-17   2.49366500e-18 ...,   0.00000000e+00
   0.00000000e+00   0.00000000e+00]
 Objectives (Sil) : 0.237279178894
 Objectives (PBM) : 0.895702039045
Cluster size 6 :7
Predicted Label for 6: [3 4 0 2 0 1 0 3 3 0 4 3 3 3 4 3 2 2 4 2 2 3 0 3 0 0 1 0 0 2 0 1 4 1 3 3 0
 3 0 2 2 2 0 3 3 0 1 3 0 2 0 4 1 4 4 1 0 3 0 1 1 0 1 4 1 4 4 3 3 2 2 0 1 3
 1 2 1 3 4 3 0 3 0 0 3 0 0 1 2 2 1 3 1 3 0 5 0 1 5 3 2 4 2 2 2 1 0 0 4 2 3
 0 0 3 0 3 3 1 0 3 2 1 3 1 3 6 5 0 3 0 2 0 4 1 0 0 3 1 0 3 0 4 3 0 0 0 4 3
 1 3 3 1 0 0 2 3 3 2 1 1 0 0 0 3 0 2 2 2 1 1 2 1 0 4 0 2 2 1 0 4 1 3 0 0 1
 3 4 0 0 3 4 4 1 4 2 1 1 4 4 3 1 3 4 1 0 1 2 4 3 2 0 1 3 3 3 4 2 1 3 3 4 3
 3 4 1 0 1 1 3 2 2 1 2 0 0 4 3 3 4 1 4 1 0 0 0 0 2 0 4 3 3 2 1 1 3 1 0 1 1
 1 0 3 0 4 1 4 1 3 5 0 1 2 3 1 3 3 1 1 3 1 4 1 3 0 1 4 2 0 0 3 4 4 1 4 0 0
 2 1 1 2 3 3 2 1 1 1 3 3 3 0 1 1 1 1 3 3 1 0 0 3 0 3 1 1 3 2 4 1 1 4 4 3 3
 4 3 3 4 0 4 0 4 4 3 0 2 2 2 3 1 1 1 0 4 4 4 3 4 4 4 3 3 3 0 2 3 4 0 3 1 3
 3 0 3 1 1 1 4 0 0 0 0 3 1 1 3 2 0 1 3 4 1 2 2 1 4 1 1 3 2 0 1 0 0]
 Dunn Index 6 : 0.154659633037
---------------------------------------------------------------------------------------------------------
chromosome 7 : [  5.55111512e-17  -8.32667268e-17   3.52365706e-18 ...,   0.00000000e+00
   0.00000000e+00   0.00000000e+00]
 Objectives (Sil) : 0.427423966062
 Objectives (PBM) : 0.75304011781
Cluster size 7 :4
Predicted Label for 7: [0 2 0 3 0 1 0 0 0 0 2 0 0 0 2 0 3 3 2 3 3 0 0 0 0 0 1 0 0 3 0 1 2 1 0 0 0
 0 0 3 3 3 0 0 0 0 1 0 0 3 0 2 1 2 2 1 0 0 0 1 1 0 1 2 1 2 2 0 0 3 3 0 2 0
 1 3 1 0 2 0 0 0 0 0 0 0 0 2 3 3 1 0 1 0 0 3 0 1 3 0 3 2 3 3 3 1 0 0 2 3 0
 0 0 0 0 0 0 1 0 0 3 1 0 1 0 0 3 0 0 0 3 0 2 1 0 0 0 1 0 0 0 2 0 0 0 0 2 0
 1 0 0 2 0 0 3 0 0 3 1 2 0 0 0 0 0 3 3 3 1 1 3 2 0 2 0 3 3 1 0 2 1 0 0 0 1
 0 2 0 0 0 2 2 1 2 3 1 1 2 2 0 1 0 2 1 0 1 3 2 0 3 0 1 0 0 0 2 3 1 0 0 2 0
 0 2 1 0 1 1 0 3 3 1 3 0 0 2 0 0 2 1 2 1 0 0 0 0 3 0 2 0 0 3 1 1 0 1 0 1 2
 1 0 0 0 2 1 2 1 0 3 0 1 3 0 1 0 0 1 1 0 1 2 1 0 0 1 2 3 0 0 0 2 2 1 2 0 0
 3 1 1 3 0 0 3 1 1 1 0 0 0 0 2 2 1 1 0 0 1 0 0 0 0 0 2 1 0 3 2 1 1 2 2 0 0
 2 0 0 2 0 2 0 2 2 0 0 3 3 3 0 1 1 1 0 2 2 2 0 2 2 2 0 0 0 0 3 0 2 0 0 1 0
 0 0 0 1 1 1 2 0 0 0 0 0 1 1 0 3 0 1 0 2 1 3 3 1 2 1 2 0 3 0 1 0 0]
 Dunn Index 7 : 0.114634792632
---------------------------------------------------------------------------------------------------------
chromosome 8 : [  1.00000000e+00  -6.93889390e-17   4.33680869e-18 ...,   0.00000000e+00
   0.00000000e+00   0.00000000e+00]
 Objectives (Sil) : 0.137024383081
 Objectives (PBM) : 0.180081710131
Cluster size 8 :20
Predicted Label for 8: [17  2 14  5 13  3 13 17 14 14 16 15 17 17 16 15  6  5 16  6  6 17 15 11 15
 14  0 13 14  5 14  0 10  0 17 17 13 17 14  6  6  6 14 15 11 14  1 11 14  6
 14 10  1 12 16  0 14 15 13  3 10 14 18  2  1  2  1 17 14  6  6 13  3 15  3
  6 18 17  2 11 13 11 13 14 11 13 13  3  5  6  0 15 18 15 14 19 14 18  8 15
  6 12  6  6  5  0 15 14  2  6 17 14 14 11 13 17 15  9 14 14  6 18 11 18 14
  4 19 13 15 13  5 14  1  1 13 13 15  0 15 11 15 12 14 13 13 14  9 15  0 15
 17  1 14 13  5 11 15  5 18  1 15 14 13 11 13  6  6  5  3  0  6  9 13 16 13
  6  6 18 13  2  3 17 13 13  0 15 12 13 13 17  2  9  0 16  6  0  0  9 12 11
  1 15  9  0 14 18  6  2 11  6 14  0 15 11 14  9  6  0 17 11  2 17 15 12  0
 13 18 18 17  5  5  0  6 13 14  1 14 11  9  3  1  0 13 13 14 14  6 14 12 15
 15  5 18 18 17  0 14 18 10  0 13 17 13 12  9 16  0 17  7 15  0  6 17  0 14
 15 18 10 15 18 12  0 17 14  0  9  5 13 13 15 16 16 18  2 14 13  6  1  1  5
 15 14  5  3  3  0 17 15 17 14 10  1 18  0 17 17  9 13 14 17 15 11  1 10 15
  6  2  9 18 12 12 17 11 12 15 17  2 13  2 14  9 16 15 14  5  5  6 17  3  3
  0 13 12  2 10 14  2  2  2 17 11 15 13  5 17 12 13 14  0 17 15 15 15  1  0
 18  9 14 14 15 13 11  3  9 15  5 13  1 11  2  0  5  6 10  3  1  1 14  5 14
  3 13 14]
 Dunn Index 8 : 0.140432412719
---------------------------------------------------------------------------------------------------------
chromosome 9 : [  1.00000000e+00   6.46625531e-01  -3.25260652e-19 ...,   0.00000000e+00
   0.00000000e+00   0.00000000e+00]
 Objectives (Sil) : 0.533987824049
 Objectives (PBM) : 2.5799502521
Cluster size 9 :2
Predicted Label for 9: [0 1 0 1 0 1 0 0 0 0 1 0 0 0 1 0 1 1 1 1 1 0 0 0 0 0 1 0 0 1 0 1 1 1 0 0 0
 0 0 1 1 1 0 0 0 0 1 0 0 1 0 1 1 1 1 1 0 0 0 1 1 0 1 1 1 1 1 0 0 1 1 0 1 0
 1 1 1 0 1 0 0 0 0 0 0 0 0 1 1 1 1 0 1 0 0 1 0 1 1 0 1 1 1 1 1 1 0 0 1 1 0
 0 0 0 0 0 0 1 0 0 1 1 0 1 0 0 1 0 0 0 1 0 1 1 0 0 0 1 0 0 0 1 0 0 0 0 1 0
 1 0 0 1 0 0 1 0 0 1 1 1 0 0 0 0 0 1 1 1 1 1 1 1 0 1 0 1 1 1 0 1 1 0 0 0 1
 0 1 0 0 0 1 1 1 1 1 1 1 1 1 0 1 0 1 1 0 1 1 1 0 1 0 1 0 0 0 1 1 1 0 0 1 0
 0 1 1 0 1 1 0 1 1 1 1 0 0 1 0 0 1 1 1 1 0 0 0 0 1 0 1 0 0 1 1 1 0 1 0 1 1
 1 0 0 0 1 1 1 1 0 1 0 1 1 0 1 0 0 1 1 0 1 1 1 0 0 1 1 1 0 0 0 1 1 1 1 0 0
 1 1 1 1 0 0 1 1 1 1 0 0 0 0 1 1 1 1 0 0 1 0 0 0 0 0 1 1 0 1 1 1 1 1 1 0 0
 1 0 0 1 0 1 0 1 1 0 0 1 1 1 0 1 1 1 0 1 1 1 0 1 1 1 0 0 0 0 1 0 1 0 0 1 0
 0 0 0 1 1 1 1 0 0 0 0 0 1 1 0 1 0 1 0 1 1 1 1 1 1 1 1 0 1 0 1 0 0]
 Dunn Index 9 : 0.738393309316
---------------------------------------------------------------------------------------------------------
chromosome 10 : [  1.00000000e+00  -8.32667268e-17   3.46944695e-18 ...,   0.00000000e+00
   0.00000000e+00   0.00000000e+00]
 Objectives (Sil) : 0.175188069026
 Objectives (PBM) : 0.176013574862
Cluster size 10 :18
Predicted Label for 10: [ 6  5  2  9 10  0 10  1  2  2  5  1  1  6  5  3 14 14  5 13 13  6  1  4  1
  2  0 10  2 13  2  0  5  0  6  6 10  6  2 13 13 13  2  3  4  3  0  4  3 13
  2  5  0  5  5  0  2  1 10  0  0  3  0  5  0  5  5  1  3 14 12 10  0  3  0
 13  0  1  5  4 10  4 10 10  4 10 10  0  9 13  0  1  0  1  2 11  2  0  8  1
 12  5 14 14 12  0  3  2  5 13  6  2  3  4 10  1  1  0 10  3 13  0  3  0  2
 16 17 10  3 10 12 10  5  0 10 10  1  0  1  4  3  5  3 10 10 10  5  1  0  1
  1  0 10 10  9  3  1  9  0  0  3  2 10  4  3 14 13 12  0  0 14  0 10  5 10
 14 14  0 10  5  0  6 10 10  0  3  5 10 10  1  5  5  0  5 13  0  0  5  5  4
  0  1  5  0  3  0 13  5  4 12  2  0  3  4  3  5 12  0  6  4  5  2  1  5  0
 10  0  0  1  9 14  0 14 10  3  5  3  4  5  0  5  0 10 10 10  2 14  2  5  1
  1 12  0  0  3  0  2  0  0  0 10  6 10  5  0  5  0  1  7  3  0 12  6  0  2
  1  0  0  3  0  5  0  6  2  0  5 12 10 10  3  5  5  0  5 10 10 12  0  0  9
  1  3  9  0  0  0  1  1  2  3  0  0  0  0  1  6  0 10  2  2  1  4  0  0  3
 13  5  0  0  5  5  2  4  5  1  1  5 10  5  2  5  5  3  2 13  9 13  1  0  0
  0 10  5  5  5  3  5  5  5  1  4  3 10  9  6  5 10  3  0  6  1 10  3  0  0
  0  5 10  2  3 10  4  0  0  3  9 10  0  4  5  0 12 14  0  5  0  0  3 12  3
  0 10  2]
 Dunn Index 10 : 0.149085628613
---------------------------------------------------------------------------------------------------------
chromosome 11 : [  5.55111512e-17  -1.38777878e-17   3.46944695e-18 ...,   1.70475827e-02
   1.69318691e-02   1.68793139e-02]
 Objectives (Sil) : 0.160125940522
 Objectives (PBM) : 0.205528717211
Cluster size 11 :20
Predicted Label for 11: [12  8 19 10  0 18 19 16 11 11 17 13 13 12  8 11  7  7  2  7  7  4 13  6 13
  4 18  0  4  7 11 18  9 18  4 13 19 16 11  7  7  7 11 12  6 19 18  5 19  7
 19 17 18 17  2 18  4 13  0  9  9 11 18  8 18  8  8 12 11  7  7  0  9  5  9
  7 18 13  8  6  0  5  0 19  6 19 19  9 10  7 18 12 18 13  4 14 19 18 14 13
  7 17  7  7 10 18  5 12 17  7  4  4 11  6  0 13 13  2 19 12  7 18  5 18  4
  1 14 11 12  0 10 19  8 18  0  0 13 18 13  5  5  9 11 19 19 11 17 13 18 12
 13  8 11 19 10  5 13 10 18  8  0 19  0  4  5  7  7 10  9 18  7  2  0  2  0
  7  7 18  0  8  9 12 19  0 18 12  9 19  0 16  8  2  2  2  7 18 18  2 17  6
  8 13  2 18 11 18  7  8  6  7 19 18  5  5 11  2  7 18 12  5  8 11 13 17  2
  0 18 18 13 10  7 18  7 19 19  8  5  6  2  9  8 18  0  0 19 11  7 11 17 13
 13  7 18 18 12 18 11 18  9 18  0 12  0 17  2 17 18 13  3  0 18  7 16 18  4
 13 18  9  5 18 17 18  4 11 18  2  7 19  0  5  2  2 18  8 11  0  7  8  8 10
 13 11 10  9  9 18 12  5 12 11  9  8 18 18 13 12  2  0 19 12 13  6  8  9  5
  7  8  2 18 17 17  4  6  9 13 13  8  0 17 11  2  2 12 11 10 10  7 16  9  9
 18  0 17  8 17 12  8  8  8 13  5  5  0 10  4 17  0 11 18  4 13  0  5  8 18
 18  2 19  4 11  0 12  9  2  5 10 19 18  6  8 18 10  7  9  9  8  8 12 10 19
  9  0  4]
 Dunn Index 11 : 0.187951730669
---------------------------------------------------------------------------------------------------------
chromosome 12 : [ -1.11022302e-16   6.48658409e-01  -8.67361738e-19 ...,   0.00000000e+00
   0.00000000e+00   0.00000000e+00]
 Objectives (Sil) : 0.340001827811
 Objectives (PBM) : 0.270867424922
Cluster size 12 :10
Predicted Label for 12: [5 3 9 1 9 3 9 0 5 5 3 6 2 5 3 2 1 1 3 1 1 5 2 8 2 5 3 9 5 1 9 3 3 3 5 5 9
 0 5 1 1 1 9 4 7 9 3 4 9 1 9 3 3 3 3 3 5 2 9 3 3 4 3 3 3 3 3 2 4 1 1 9 3 4
 3 1 3 2 3 7 9 4 9 9 7 9 9 3 1 1 3 2 3 2 5 1 9 3 1 2 1 3 1 1 1 3 4 5 3 1 5
 5 9 6 9 0 2 3 9 4 1 3 4 3 5 9 1 9 4 9 1 9 3 3 9 9 2 3 2 6 4 3 4 9 9 9 3 2
 3 2 2 3 9 9 1 4 2 1 3 3 4 9 9 7 4 1 1 1 3 3 1 3 9 3 9 1 1 3 9 3 3 8 9 9 3
 4 3 9 9 0 3 3 3 3 1 3 3 3 3 7 3 2 3 3 4 3 1 3 6 1 9 3 2 4 4 3 1 3 8 4 3 5
 2 3 3 9 3 3 2 1 1 3 1 9 9 3 4 7 3 3 3 3 9 9 9 4 1 5 3 2 2 1 3 3 5 3 9 3 3
 3 9 8 9 3 3 3 3 2 1 4 3 1 0 3 5 2 3 3 4 3 3 3 5 5 3 3 1 9 9 4 3 3 3 3 9 9
 1 3 3 1 0 4 1 3 3 3 2 6 5 4 3 3 3 3 2 5 3 9 9 5 2 7 3 3 4 1 3 3 3 3 3 5 6
 3 2 2 3 9 3 9 3 3 4 5 1 1 1 0 3 3 3 9 3 3 3 4 3 3 3 2 4 4 9 1 5 3 9 4 3 5
 2 2 4 3 3 3 3 9 5 4 9 4 3 3 4 1 9 3 7 3 3 1 1 3 3 3 3 4 1 9 3 9 5]
 Dunn Index 12 : 0.127496746862
---------------------------------------------------------------------------------------------------------
chromosome 13 : [ -1.11022302e-16  -4.85722573e-17   5.20417043e-18 ...,   0.00000000e+00
   0.00000000e+00   0.00000000e+00]
 Objectives (Sil) : 0.19311497172
 Objectives (PBM) : 0.459993931835
Cluster size 13 :11
Predicted Label for 13: [10  7  6  5  6  0  6  8 10  3  7  1  3  3  7  3  2  5  7  2  2 10  3  1  3
 10  0  6 10  5  6  0  7  0 10  3  6  8 10  2  2  2  6  1  1  6  0  1  6  2
  6  7  0  7  7  0 10  3  6  0  7  6  0  7  0  7  7  3  3  2  2  6  7  1  7
  2  0  3  7  1  6  1  6  6  1  6  6  7  5  2  0  3  0  3 10  5  6  0  5  3
  2  7  2  2  5  0  1  3  7  2 10 10  6  1  6  3  3  0  6  6  2  0  1  0 10
  9  5  6  3  6  5  6  7  0  6  6  3  0  3  1  1  7  1  6  6  6  7  3  0  3
  3  7  6  6  5  1  3  5  0  7  6  6  6 10  6  2  2  5  0  0  2  7  6  7  6
  2  2  0  6  7  0  3  6  6  0  1  7  6  6  8  7  7  0  7  2  0  0  7  7  1
  7  3  7  0  6  0  2  7  1  2  6  0  3  1  3  7  2  0  3  1  7 10  1  7  0
  6  0  0  3  5  5  0  2  6  6  7  1  1  7  0  7  0  6  6  6  6  2  6  7  3
  3  5  0  0  3  0  6  0  7  0  6  3  6  7  0  7  0  3  5  6  0  2  8  0 10
  3  0  4  1  0  7  0 10 10  0  7  5  6  6  1  7  7  0  7  6  6  2  7  0  5
  3  6  5  7  0  0  3  1  3  6  7  7  0  0  3  3  7  6  6  3  3  1  7  0  1
  2  7  0  0  7  7 10  1  7  3  3  7  6  7  6  7  7  3 10  5  5  2  8  0  0
  0  6  7  7  7  1  7  7  7  3  1  1  6  5 10  7  6  6  0 10  3  6  1  7  0
  0  7  6 10  6  6  1  0  0  1  5  6  0  1  7  0  5  2  7  7  7  7  3  5  6
  0  6 10]
 Dunn Index 13 : 0.167243893516
---------------------------------------------------------------------------------------------------------
chromosome 14 : [ 0.38002687  0.41277631  0.00887261 ...,  0.          0.          0.        ]
 Objectives (Sil) : 0.533987824049
 Objectives (PBM) : 2.5799502521
Cluster size 14 :2
Predicted Label for 14: [0 1 0 1 0 1 0 0 0 0 1 0 0 0 1 0 1 1 1 1 1 0 0 0 0 0 1 0 0 1 0 1 1 1 0 0 0
 0 0 1 1 1 0 0 0 0 1 0 0 1 0 1 1 1 1 1 0 0 0 1 1 0 1 1 1 1 1 0 0 1 1 0 1 0
 1 1 1 0 1 0 0 0 0 0 0 0 0 1 1 1 1 0 1 0 0 1 0 1 1 0 1 1 1 1 1 1 0 0 1 1 0
 0 0 0 0 0 0 1 0 0 1 1 0 1 0 0 1 0 0 0 1 0 1 1 0 0 0 1 0 0 0 1 0 0 0 0 1 0
 1 0 0 1 0 0 1 0 0 1 1 1 0 0 0 0 0 1 1 1 1 1 1 1 0 1 0 1 1 1 0 1 1 0 0 0 1
 0 1 0 0 0 1 1 1 1 1 1 1 1 1 0 1 0 1 1 0 1 1 1 0 1 0 1 0 0 0 1 1 1 0 0 1 0
 0 1 1 0 1 1 0 1 1 1 1 0 0 1 0 0 1 1 1 1 0 0 0 0 1 0 1 0 0 1 1 1 0 1 0 1 1
 1 0 0 0 1 1 1 1 0 1 0 1 1 0 1 0 0 1 1 0 1 1 1 0 0 1 1 1 0 0 0 1 1 1 1 0 0
 1 1 1 1 0 0 1 1 1 1 0 0 0 0 1 1 1 1 0 0 1 0 0 0 0 0 1 1 0 1 1 1 1 1 1 0 0
 1 0 0 1 0 1 0 1 1 0 0 1 1 1 0 1 1 1 0 1 1 1 0 1 1 1 0 0 0 0 1 0 1 0 0 1 0
 0 0 0 1 1 1 1 0 0 0 0 0 1 1 0 1 0 1 0 1 1 1 1 1 1 1 1 0 1 0 1 0 0]
 Dunn Index 14 : 0.738393309316
---------------------------------------------------------------------------------------------------------
chromosome 15 : [ -2.77555756e-17   1.31561599e-01   8.87260743e-03 ...,   0.00000000e+00
   0.00000000e+00   0.00000000e+00]
 Objectives (Sil) : 0.32301993663
 Objectives (PBM) : 1.40557150296
Cluster size 15 :4
Predicted Label for 15: [2 1 3 1 3 1 3 0 2 3 1 0 0 2 1 0 1 1 1 1 1 2 0 2 0 3 1 3 3 1 3 1 1 1 2 2 3
 2 3 1 1 1 3 2 2 3 1 2 3 1 3 1 1 1 1 1 3 0 0 1 1 3 1 1 1 1 1 2 3 1 1 3 1 0
 1 1 1 0 1 2 3 2 0 3 2 3 3 1 1 1 1 2 1 0 3 1 3 1 1 0 1 1 1 1 1 1 0 3 1 1 2
 3 3 2 3 2 0 1 3 2 1 1 2 1 2 3 1 3 2 3 1 3 1 1 3 3 0 1 0 0 0 1 3 3 3 3 1 0
 1 2 0 1 3 3 1 2 0 1 1 1 0 3 3 2 0 1 1 1 1 1 1 1 3 1 3 1 1 1 3 1 1 2 3 3 1
 2 1 3 0 0 1 1 1 1 1 1 1 1 1 2 1 0 1 1 3 1 1 1 2 1 3 1 0 2 3 1 1 1 2 2 1 2
 2 1 1 3 1 1 0 1 1 1 1 3 3 1 2 2 1 1 1 1 3 3 3 3 1 3 1 0 0 1 1 1 2 1 3 1 1
 1 0 2 3 1 1 1 1 2 1 0 1 1 2 1 2 2 1 1 0 1 1 1 2 3 1 1 1 3 3 0 1 1 1 1 3 3
 1 1 1 1 0 3 1 1 1 1 2 0 2 3 1 1 1 1 2 2 1 3 3 2 0 2 1 1 2 1 1 1 1 1 1 2 0
 1 0 2 1 3 1 3 1 1 2 3 1 1 1 2 1 1 1 3 1 1 1 2 1 1 1 2 2 0 3 1 2 1 3 3 1 2
 0 0 0 1 1 1 1 3 3 3 3 2 1 1 0 1 3 1 2 1 1 1 1 1 1 1 1 3 1 3 1 3 3]
 Dunn Index 15 : 0.0908067467209
---------------------------------------------------------------------------------------------------------
chromosome 16 : [ -1.11022302e-16   6.48658409e-01  -8.67361738e-19 ...,   0.00000000e+00
   0.00000000e+00   0.00000000e+00]
 Objectives (Sil) : 0.32542582619
 Objectives (PBM) : 0.387956732731
Cluster size 16 :7
Predicted Label for 16: [3 6 5 1 5 6 5 0 3 0 6 4 0 0 6 4 1 1 6 1 1 0 0 3 0 5 6 5 0 1 5 6 6 6 0 0 5
 0 5 1 1 1 5 4 3 5 6 3 5 1 5 6 6 6 6 6 0 4 5 6 6 5 6 6 6 6 6 0 0 1 1 5 6 4
 6 1 6 0 6 3 5 3 5 5 3 5 5 6 1 1 6 4 6 0 5 1 5 6 1 4 1 6 1 1 1 6 4 0 6 1 3
 0 5 4 5 0 4 6 5 3 1 6 3 6 3 5 1 5 3 5 1 5 6 6 5 5 0 6 0 4 4 6 3 5 5 5 6 4
 6 0 0 6 5 5 1 3 4 1 6 6 4 5 5 3 5 1 1 1 6 6 1 6 5 6 5 1 1 6 5 6 6 3 5 5 6
 3 6 5 2 0 6 6 6 6 1 6 6 6 6 3 6 4 6 6 5 6 1 6 3 1 5 6 4 3 0 6 1 6 3 3 6 3
 4 6 6 5 6 6 0 1 1 6 1 5 5 6 3 3 6 6 6 6 5 5 5 5 1 5 6 4 4 1 6 6 0 6 5 6 6
 6 5 3 5 6 6 6 6 0 1 4 6 1 0 6 3 4 6 6 4 6 6 6 0 0 6 6 1 5 5 4 6 6 6 6 5 5
 1 6 6 1 4 3 1 6 6 6 3 4 0 5 6 6 6 6 0 0 6 5 5 0 4 3 6 6 4 1 6 6 6 6 6 3 4
 6 0 0 6 5 6 5 6 6 4 3 1 1 1 0 6 6 6 5 6 6 6 3 6 6 6 0 3 4 5 1 0 6 5 5 6 0
 4 4 4 6 6 6 6 5 5 5 5 3 6 6 4 1 5 6 3 6 6 1 1 6 6 6 6 4 1 5 6 5 0]
 Dunn Index 16 : 0.144587167163
---------------------------------------------------------------------------------------------------------
chromosome 17 : [  1.00000000e+00   6.27825963e-01   5.63785130e-18 ...,   0.00000000e+00
   0.00000000e+00   0.00000000e+00]
 Objectives (Sil) : 0.196198599
 Objectives (PBM) : 0.490066710366
Cluster size 17 :10
Predicted Label for 17: [9 6 2 1 2 3 2 9 9 9 6 5 5 9 6 5 0 1 6 0 0 9 5 7 5 9 3 2 9 1 2 3 6 3 9 9 2
 9 2 0 0 0 2 5 7 2 3 7 2 0 2 6 3 6 6 3 9 5 2 3 3 2 3 6 3 6 6 5 5 0 0 2 3 5
 3 0 3 5 6 7 2 7 2 2 7 2 2 3 1 0 3 5 3 5 9 1 2 3 1 5 0 6 0 0 1 3 5 9 6 0 9
 9 2 7 2 9 5 3 2 2 0 3 7 3 9 4 1 2 5 2 1 2 6 3 2 2 5 3 5 7 5 6 2 2 2 2 6 5
 3 5 5 3 2 2 1 7 5 1 3 3 5 2 2 7 2 0 0 1 3 3 0 3 2 6 2 0 0 3 2 6 3 7 2 2 3
 5 6 2 2 9 6 6 3 6 0 3 3 6 6 7 3 5 6 3 2 3 0 6 7 0 2 3 5 7 5 6 0 3 9 7 6 9
 5 6 3 2 3 3 9 1 1 3 0 2 2 6 7 7 6 3 6 3 2 2 2 2 0 9 6 5 5 1 3 3 9 3 2 3 3
 3 2 9 2 6 3 6 3 5 1 5 3 0 9 3 9 5 3 3 5 3 6 3 9 9 3 6 1 2 2 5 6 6 3 6 2 2
 0 3 3 1 5 5 1 3 3 3 5 5 9 2 3 3 3 3 5 9 3 2 2 9 5 7 3 3 5 0 6 3 3 6 6 9 7
 6 5 5 6 2 6 2 6 6 5 2 1 1 0 9 3 3 3 2 6 6 6 5 6 6 6 9 7 5 2 1 9 6 2 5 3 9
 5 5 5 3 3 3 6 2 2 2 2 7 3 3 5 1 2 3 7 6 3 1 0 3 6 3 3 5 1 2 3 2 9]
 Dunn Index 17 : 0.146296327663
---------------------------------------------------------------------------------------------------------
chromosome 18 : [  1.00000000e+00   2.77555756e-17   2.60208521e-18 ...,   0.00000000e+00
   0.00000000e+00   0.00000000e+00]
 Objectives (Sil) : 0.19265848114
 Objectives (PBM) : 0.287211400696
Cluster size 18 :15
Predicted Label for 18: [14  0  3  4  3  2  3  7 14 14  1  7  7  7  0  7  8  8  1  4  8 14  7 11  7
 14  2  3 14  4  3  2  6  2 14  7  3 14 14  8  8  8  3 13 11  3  0 13  3  8
  3  6  0  6  1  2 14  7  3  2  6 13  2  0  2  0  0  7  7  8  4  3  6 13  0
  4  2  7  0 11  3 13 13  3 11  3  3  0  4  8  2  7  2  7 14 12  3  2 12  7
  4  1  8  8  4  2 13 14  6  4 14 14  3 11  3  7  7  2  3 13  8  2 13  2 14
  9 12  3  7  3  4  3  0  0  3  3  7  2  7 13 13  6 13  3  3  3  1  7  2  7
  7  0  3  3  4 13  7  4  2  0 13  3  3 11 13  8  8  4  2  2  8  1  3  1  3
  8  8  2  3  0  2  7  3  3  2 13  0  3  3  7  0  1  2  1  8  2  2  1  6 11
  0  7  1  2  3  2  8  0 11  4  3  2 13 13  7  1  8  2  7 13  0 14  7  1  2
  3  2  2  7  4  8  2  8  3  3  0 13 11  1  2  1  2  3  3  3  3  8 14  1  7
  7  4  2  2  7  2  3  2  0  2  3  7  3  6  2  1  2  7  5 13  2  8  7  2 14
  7  2  0 13  2  6  2 14 14  2  1  4  3  3 13  1  1  2  0  3  3  8  0  0  4
  7 13  4  6  6  2  7 13  7 13  0  0  2  2  7  7  1  3  3  7  7 11  0  6 13
  8  0  1  2  1  6 14 11  6  7  7  1  3  6  3  1  1 13 14  4  4  4  7  0  6
  2  3  1  0  6 13  1  0  0  7 13 13  3  4 14  6  3 13  2 14  7  3 13  0  2
  2  1  3 14 13  3 11  2  2 13  4  3  0 11  0  2  4  8  0  6  0  0 13  4  3
  0  3 14]
 Dunn Index 18 : 0.167553781828
---------------------------------------------------------------------------------------------------------
chromosome 19 : [  1.00000000e+00   6.48658409e-01   2.16840434e-19 ...,   0.00000000e+00
   0.00000000e+00   0.00000000e+00]
 Objectives (Sil) : 0.310529633215
 Objectives (PBM) : 0.187288794617
Cluster size 19 :15
Predicted Label for 19: [13  5  1  0 14  5 14 11  1  1  5 10  9  8  5 12  0  0  5  0  0  8  9  4  9
  1  5 14  1  0  1  5  5  5  8  8 14 11  1  0  0  0  1  8  4 14  5 13 14  0
 14  5  5  5  5  5  1  9 12  5  5 12  5  5  5  5  5  8  1  0  0 14  5  7  5
  0  5  9  5  4 14 13 12 14  4 14 14  5  0  0  5  8  5  9  1  0 14  5  0  9
  0  5  0  0  0  5  7  1  5  0  1  1 12  3 14 11  8  5 14 13  0  5 13  5  1
  6  0 12  8 14  0 14  5  5 14 14  9  5  9  2  7  5 13 14 14 12  5  9  5  8
  9  5 14 14  0 13  8  0  5  5 12 14 14  4 12  0  0  0  5  5  0  5 14  5 12
  0  0  5 12  5  5  8 14 14  5 13  5 14 14 11  5  5  5  5  0  5  5  5  5  4
  5  8  5  5  1  5  0  5  3  0  1  5  7 13  8  5  0  5  8 13  5  1  8  5  5
 12  5  5  9  0  0  5  0 14 14  5 13  4  5  5  5  5 12 14 14  1  0  1  5  9
  9  0  5  5  8  5  1  5  5  5 12  4 14  5  5  5  5  8  0 12  5  0 11  5  1
  8  5  5  7  5  5  5  1  1  5  5  0 14 14  7  5  5  5  5 14 14  0  5  5  0
 11  1  0  5  5  5  8  7  1  1  5  5  5  5  8  8  5 14  1  8  9  4  5  5  8
  0  5  5  5  5  5  1 10  5  9  8  5 12  5  1  5  5  8  1  0  0  0 11  5  5
  5 14  5  5  5 13  5  5  5  9 13  7 14  0  1  5 12 13  5  8  9 12  7  5  5
  5  5 14  1 12 14 13  5  5  7  0 14  5  4  5  5  0  0  5  5  5  5 13  0 14
  5 12  1]
 Dunn Index 19 : 0.124808513823
---------------------------------------------------------------------------------------------------------
chromosome 20 : [  1.00000000e+00  -5.55111512e-17   3.46944695e-18 ...,   0.00000000e+00
   0.00000000e+00   0.00000000e+00]
 Objectives (Sil) : 0.203708860469
 Objectives (PBM) : 0.330763850721
Cluster size 20 :12
Predicted Label for 20: [10  0  5  4  1  3  1 10  5  5  0  8 10 10  0 10  4  4  0  4  4 10 10  8 10
  5  3  1  5  4  5  3  0  3 10 10  1 10  5  4  4  4  5  8  8  1  3  8  1  4
  1  0  3  0  0  3  5 10  1  3  3  1  3  0  3  0  0 10  5  4  4  1  0  8  3
  4  3 10  0  8  1  8  1  1  8  1  1  0  4  4  3 10  3 10  5 11  5  3  7 10
  4  0  4  4  4  3  1  5  0  4  2  5  1  8  1 10 10  3  1  5  4  3  8  3  5
  9 11  1 10  1  4  1  0  3  1  1 10  3 10  8  1  0  5  1  1  1  0 10  3 10
 10  0  1  1  4  8 10  4  3  0  1  5  1  5  1  4  4  4  3  3  4  0  1  0  1
  4  4  3  1  0  3 10  1  1  3  8  0  1  1 10  0  0  3  0  4  3  3  0  0  8
  3 10  0  3  5  3  4  0  8  4  5  3  1  8 10  0  4  3 10  8  0  5  8  0  3
  1  3  3 10  4  4  3  4  1  1  0  5  8  0  3  0  3  1  1  1  5  4  5  0 10
 10  4  3  3 10  3  5  3  0  3  1 10  1  0  3  0  3 10  6  1  3  4 10  3  5
 10  3  3  8  3  0  3  5  5  3  0  4  1  1  8  0  0  3  0  1  1  4  3  3  4
 10  5  4  3  3  3 10  8  5  5  0  0  3  3 10 10  3  1  5 10  1  8  0  3  8
  4  0  3  3  0  0  5  8  0 10 10  0  1  0  5  0  0  8  5  4  4  4 10  3  3
  3  1  0  0  0  5  0  0  0 10  8  8  1  4  5  0  1  5  3 10 10  1  8  3  3
  3  0  1  5  1  1  8  3  3  8  4  1  3  8  0  3  4  4  3  0  3  0  1  4  1
  3  1  5]
 Dunn Index 20 : 0.149085628613
---------------------------------------------------------------------------------------------------------
chromosome 21 : [  5.55111512e-17   2.77555756e-17   0.00000000e+00 ...,   0.00000000e+00
   0.00000000e+00   0.00000000e+00]
 Objectives (Sil) : 0.225616505558
 Objectives (PBM) : 0.401555179637
Cluster size 21 :8
Predicted Label for 21: [5 3 0 4 0 1 0 5 5 5 2 7 7 5 2 0 4 4 2 4 4 5 0 7 0 5 1 0 5 4 0 1 3 1 5 5 0
 5 5 4 4 4 0 7 7 0 3 7 0 4 0 2 3 2 2 1 5 0 0 1 3 0 1 3 1 3 2 7 0 4 4 0 3 7
 3 4 1 5 3 7 0 7 0 0 7 0 0 3 4 4 1 7 1 0 5 4 0 1 4 7 4 2 4 4 4 1 0 5 2 4 5
 5 0 7 0 5 7 1 0 0 4 1 7 1 5 0 4 0 7 0 4 0 3 1 0 0 0 1 0 7 0 3 0 0 0 0 2 0
 1 7 5 3 0 0 4 7 7 4 1 3 0 0 0 5 0 4 4 4 3 1 4 2 0 2 0 4 4 1 0 3 1 7 0 0 1
 7 3 0 0 5 3 2 1 2 4 1 1 2 2 7 3 7 2 1 0 1 4 2 7 4 0 1 0 7 0 2 4 1 5 7 2 5
 7 2 1 0 1 1 5 4 4 1 4 0 0 3 7 7 2 3 2 1 0 0 0 0 4 5 2 7 7 4 1 1 5 1 0 1 3
 1 0 5 0 2 1 2 1 7 4 0 1 4 5 1 5 7 1 6 7 1 2 1 5 5 1 2 4 0 0 7 2 2 1 3 0 0
 4 3 3 4 7 0 4 3 3 1 7 7 5 0 3 3 1 1 7 5 1 0 0 5 0 7 3 3 7 4 3 1 1 2 2 5 7
 3 0 5 2 0 2 0 2 2 7 5 4 4 4 5 3 3 1 0 2 3 3 7 2 3 3 5 7 7 0 4 5 3 0 0 1 5
 0 0 7 3 1 1 2 0 5 0 0 7 3 1 7 4 0 3 7 3 1 4 4 3 3 3 3 0 4 0 3 0 5]
 Dunn Index 21 : 0.122496762176
---------------------------------------------------------------------------------------------------------
chromosome 22 : [  8.98125970e-317   8.98124784e-317   8.98123598e-317 ...,
   0.00000000e+000   0.00000000e+000   0.00000000e+000]
 Objectives (Sil) : 0.342588988084
 Objectives (PBM) : 1.32795732835
Cluster size 22 :3
Predicted Label for 22: [1 2 0 2 0 2 0 1 1 0 2 1 1 1 2 0 2 2 2 2 2 1 0 1 0 0 2 0 0 2 0 2 2 2 1 1 0
 1 0 2 2 2 0 1 1 0 2 1 0 2 0 2 2 2 2 2 0 0 0 2 2 0 2 2 2 2 2 1 0 2 2 0 2 0
 2 2 2 1 2 1 0 1 0 0 1 0 0 2 2 2 2 1 2 0 0 2 0 2 2 1 2 2 2 2 2 2 0 0 2 2 1
 0 0 1 0 1 1 2 0 0 2 2 1 2 1 0 2 0 1 0 2 0 2 2 0 0 1 2 0 1 0 2 0 0 0 0 2 0
 2 1 1 2 0 0 2 1 1 2 2 2 0 0 0 1 0 2 2 2 2 2 2 2 0 2 0 2 2 2 0 2 2 1 0 0 2
 1 2 0 0 1 2 2 2 2 2 2 2 2 2 1 2 1 2 2 0 2 2 2 1 2 0 2 0 1 0 2 2 2 1 1 2 1
 1 2 2 0 2 2 1 2 2 2 2 0 0 2 1 1 2 2 2 2 0 0 0 0 2 0 2 1 1 2 2 2 1 2 0 2 2
 2 0 1 0 2 2 2 2 1 2 0 2 2 1 2 1 1 2 2 1 2 2 2 1 0 2 2 2 0 0 0 2 2 2 2 0 0
 2 2 2 2 1 0 2 2 2 2 1 1 1 0 2 2 2 2 1 1 2 0 0 1 0 1 2 2 1 2 2 2 2 2 2 1 1
 2 0 1 2 0 2 0 2 2 1 0 2 2 2 1 2 2 2 0 2 2 2 1 2 2 2 1 1 0 0 2 1 2 0 0 2 1
 0 0 0 2 2 2 2 0 0 0 0 1 2 2 1 2 0 2 1 2 2 2 2 2 2 2 2 0 2 0 2 0 0]
 Dunn Index 22 : 0.126318040479
---------------------------------------------------------------------------------------------------------
chromosome 23 : [ -1.11022302e-16  -8.32667268e-17  -1.08420217e-19 ...,   0.00000000e+00
   0.00000000e+00   0.00000000e+00]
 Objectives (Sil) : 0.539041165497
 Objectives (PBM) : 1.04093077326
Cluster size 23 :3
Predicted Label for 23: [0 1 0 2 0 1 0 0 0 0 1 0 0 0 1 0 2 2 1 2 2 0 0 0 0 0 1 0 0 2 0 1 1 1 0 0 0
 0 0 2 2 2 0 0 0 0 1 0 0 2 0 1 1 1 1 1 0 0 0 1 1 0 1 1 1 1 1 0 0 2 2 0 1 0
 1 2 1 0 1 0 0 0 0 0 0 0 0 1 2 2 1 0 1 0 0 2 0 1 2 0 2 1 2 2 2 1 0 0 1 2 0
 0 0 0 0 0 0 1 0 0 2 1 0 1 0 0 2 0 0 0 2 0 1 1 0 0 0 1 0 0 0 1 0 0 0 0 1 0
 1 0 0 1 0 0 2 0 0 2 1 1 0 0 0 0 0 2 2 2 1 1 2 1 0 1 0 2 2 1 0 1 1 0 0 0 1
 0 1 0 0 0 1 1 1 1 2 1 1 1 1 0 1 0 1 1 0 1 2 1 0 2 0 1 0 0 0 1 2 1 0 0 1 0
 0 1 1 0 1 1 0 2 2 1 2 0 0 1 0 0 1 1 1 1 0 0 0 0 2 0 1 0 0 2 1 1 0 1 0 1 1
 1 0 0 0 1 1 1 1 0 2 0 1 2 0 1 0 0 1 1 0 1 1 1 0 0 1 1 2 0 0 0 1 1 1 1 0 0
 2 1 1 2 0 0 2 1 1 1 0 0 0 0 1 1 1 1 0 0 1 0 0 0 0 0 1 1 0 2 1 1 1 1 1 0 0
 1 0 0 1 0 1 0 1 1 0 0 2 2 2 0 1 1 1 0 1 1 1 0 1 1 1 0 0 0 0 2 0 1 0 0 1 0
 0 0 0 1 1 1 1 0 0 0 0 0 1 1 0 2 0 1 0 1 1 2 2 1 1 1 1 0 2 0 1 0 0]
 Dunn Index 23 : 0.479919310247
---------------------------------------------------------------------------------------------------------
chromosome 24 : [  5.00000000e-01   4.85722573e-17   3.79470760e-18 ...,   0.00000000e+00
   0.00000000e+00   0.00000000e+00]
 Objectives (Sil) : 0.412030633252
 Objectives (PBM) : 0.7930275061
Cluster size 24 :7
Predicted Label for 24: [0 4 0 3 0 1 0 0 0 0 4 0 0 0 4 0 3 3 4 3 3 0 0 0 0 0 1 0 0 3 0 1 4 1 0 0 0
 0 0 3 3 3 0 0 0 0 1 0 0 3 0 4 1 4 4 1 0 0 0 1 4 0 1 4 1 4 4 0 0 3 3 0 4 0
 4 3 1 0 4 0 0 0 0 0 0 0 0 4 3 3 1 0 1 0 0 2 0 1 2 0 3 4 3 3 3 1 0 0 4 3 0
 0 0 0 0 0 0 1 0 0 3 1 0 1 0 6 2 0 0 0 3 0 4 1 0 0 0 1 0 0 0 4 0 0 0 0 4 0
 1 0 0 4 0 0 3 0 0 3 1 4 0 0 0 0 0 3 3 3 1 1 3 1 0 4 0 3 3 1 0 4 1 0 0 0 1
 0 4 0 0 0 4 1 1 4 3 1 1 1 4 0 4 0 1 1 0 1 3 4 0 3 0 1 0 0 0 1 3 1 0 0 4 0
 0 4 1 0 1 1 0 3 3 1 3 0 0 4 0 0 1 1 4 1 0 0 0 0 3 0 4 0 0 3 1 1 0 1 0 1 4
 1 0 0 0 4 1 4 1 0 2 0 1 3 0 1 0 0 1 4 0 1 4 1 0 0 1 1 3 0 0 0 4 4 1 4 0 0
 3 4 4 3 0 0 3 4 1 1 0 0 0 0 4 4 1 1 0 0 1 0 0 0 0 0 4 4 0 3 4 1 1 4 4 0 0
 4 0 0 4 0 4 0 4 4 0 0 3 3 3 0 1 4 1 0 4 4 4 0 4 4 4 0 0 0 0 3 0 4 0 0 1 0
 0 0 0 4 1 1 4 0 0 0 0 0 1 1 0 3 0 1 0 4 1 3 3 4 4 4 4 0 3 0 1 0 0]
 Dunn Index 24 : 0.152015357932
---------------------------------------------------------------------------------------------------------
chromosome 25 : [ 0.          0.          0.         ...,  0.02502053  0.02485725
  0.02472868]
 Objectives (Sil) : 0.165650578993
 Objectives (PBM) : 0.27438388435
Cluster size 25 :16
Predicted Label for 25: [15 10 11  6 11  4 11  5  5  5 12  9  2  5 10  2  7  7  1  3  3  5  2 15  2
  5  4 11  5  3 11  4  8  4  5  5 11  5 11  3  3  3 11 15 15 11  4 15 11  3
 11 12  4 12  1  4  5  2  2  8  8 11  4 10  4 10 10 15  5  7  3 11  8  2  8
  3  4  2 10 15 11 15  2 11 15 11 11  8  6  3  4 15  4  2  5 13 11  4 13  2
  3 12  7  7  6  4  2  5 12  3  5  5 11  9 11  5  2  1 11 15  3  4 15  4  5
  0 13 11 15 11  6 11 10  4 11 11  2  4  2  9  2  8 15 11 11 11 12  2  4 15
  2  8 11 11  6 15  2  6  4 10  2 11 11  5  2  7  3  6  8  4  7  1 11  1  2
  7  7  4 11 10  8 15 11 11  4 15  8 11  2  5 10  1  1  1  3  4  4  1 12 15
 10  2  1  4 11  4  3 10 14  3 11  4  2 15 11  1  3  4 15 15 10  5 15 12  1
 11  4  4  5  6  7  4  7 11 11 10 15 15  1  8 10  4  2 11 11 11  7 11 12  2
  2  6  4  4  5  4 11  4  8  4  2  5 11 12  1 12  4 15 13  2  4  3  5  4  5
 15  4  8 15  4 12  4  5  5  4  1  3 11 11  2  1  1  4 10 11 11  3  8 10  6
  2 15  6  8  8  4 15  9  5 11  8 10  4  4 15  5  1 11 11  5  2 15 10  8 15
  7 10  1  4 12 12  5  9  8  2  5 10 11 12 11  1  1 15 11  3  6  3  5  8  8
  4 11 12 10 12 15 10 10 10  5 15  2 11  6  5 12 11 15  4  5  2  2  2 10  4
  4  1 11 11 11 11 15  8  1  2  6 11  4 15 10  4  6  7  8  8 10 10 15  6 11
  8 11  5]
 Dunn Index 25 : 0.134290908154
---------------------------------------------------------------------------------------------------------
chromosome 26 : [  5.55111512e-17   1.38777878e-17   2.60208521e-18 ...,   0.00000000e+00
   0.00000000e+00   0.00000000e+00]
 Objectives (Sil) : 0.311637279999
 Objectives (PBM) : 0.462561873241
Cluster size 26 :11
Predicted Label for 26: [ 1 10  2  5  8 10  7  0  6  2 10  0  0  1 10  0  5  5 10  5  5  1  0  3  0
  6 10  8  6  5  6 10 10 10  1  1  2  1  6  5  5  5  6  9  3  2 10  9  2  5
  7 10 10 10 10 10  6  0  7 10 10  7 10 10 10 10 10  0  2  5  5  8 10  9 10
  5 10  0 10  3  8  9  8  2  3  7  7 10  5  5 10  0 10  0  6  5  6 10  5  0
  5 10  5  5  5 10  9  2 10  5  1  6  7  3  8  0  0 10  2  2  5 10  9 10  6
  4  5  7  2  8  5  7 10 10  7  8  0 10  0  9  9 10  6  7  7  7 10  0 10  0
  0 10  7  7  5  9  0  5 10 10  7  6  7  1  9  5  5  5 10 10  5 10  8 10  8
  5  5 10  7 10 10  3  7  8 10  9 10  8  8  0 10 10 10 10  5 10 10 10 10  3
 10  0 10 10  2 10  5 10  3  5  6 10  9  9  2 10  5 10  1  9 10  1  0 10 10
  8 10 10  0  5  5 10  5  7  2 10  9  3 10 10 10 10  8  8  2  6  5  6 10  0
  0  5 10 10  2 10  6 10 10 10  7  1  8 10 10 10 10  0  5  7 10  5  0 10  6
  0 10 10  9 10 10 10  1  6 10 10  5  7  7  9 10 10 10 10  7  7  5 10 10  5
  0  6  5 10 10 10  0  9  2  2 10 10 10 10  0  1 10  7  2  2  0  3 10 10  9
  5 10 10 10 10 10  1  3 10  0  0 10  7 10  6 10 10  2  6  5  5  5  0 10 10
 10  7 10 10 10  2 10 10 10  0  9  9  8  5  1 10  7  2 10  1  0  7  9 10 10
 10 10  2  6  7  8  3 10 10  9  5  7 10  3 10 10  5  5 10 10 10 10  2  5  2
 10  7  6]
 Dunn Index 26 : 0.125199076689
---------------------------------------------------------------------------------------------------------
chromosome 27 : [  9.34936976e-01   1.76639075e-01  -1.73472348e-18 ...,   0.00000000e+00
   0.00000000e+00   0.00000000e+00]
 Objectives (Sil) : 0.22036140836
 Objectives (PBM) : 0.428648637879
Cluster size 27 :11
Predicted Label for 27: [ 2  8  3  7  3  4  3  5  2  3  8  5  5  2  8  5  7  7  8  7  7  2  5  2  5
  3  4  3  3  7  3  4  8  4  2  2  3  2  3  7  7  7  3  5  2  3  4  2  3  7
  3  8  4  8  8  4  3  5  3  4  8  3  4  8  4  8  8  5  3  7  7  3  8  5  8
  7  4  5  8  2  3  2  3  3  2  3  3  8  7  7  4  5  4  5  3  6  3  4  6  5
  7  8  7  7  7  4  5  3  8  7  2  3  3  5  3  5  5  4  3  2  7  4  2  4  2
 10  6  3  5  3  7  3  8  4  3  3  5  4  5  5  5  8  3  3  3  3  8  5  4  5
  5  8  3  3  7  2  5  7  4  8  5  3  3  2  3  7  7  7  4  4  7  8  3  8  3
  7  7  4  3  8  4  2  3  3  4  2  8  3  3  5  8  8  4  8  7  4  4  4  8  2
  8  5  8  4  3  4  7  8  2  7  3  4  5  2  3  8  7  4  2  2  8  2  5  8  4
  3  4  4  5  7  7  4  7  3  3  8  2  2  8  4  8  4  3  3  3  3  7  3  8  5
  5  7  4  4  2  4  3  4  8  4  3  2  3  8  4  8  4  2  1  5  4  7  2  4  2
  5  4  4  5  4  8  4  2  3  4  8  7  3  3  5  8  8  4  8  3  3  7  8  4  7
  5  3  7  8  4  4  2  5  2  3  8  8  4  4  5  2  4  3  3  2  5  2  8  4  5
  7  8  4  4  8  8  2  5  8  5  5  8  3  8  3  8  8  5  3  7  7  7  5  4  4
  4  3  8  8  8  2  8  8  8  2  2  5  3  7  2  8  3  3  4  2  5  5  5  8  4
  4  8  3  3  3  3  2  4  4  5  7  3  4  2  8  4  7  7  8  8  8  8  5  7  3
  4  3  3]
 Dunn Index 27 : 0.161318480165
---------------------------------------------------------------------------------------------------------
chromosome 28 : [  1.00000000e+00   2.77555756e-17   8.67361738e-19 ...,   0.00000000e+00
   0.00000000e+00   0.00000000e+00]
 Objectives (Sil) : 0.185702089542
 Objectives (PBM) : 0.184720447876
Cluster size 28 :18
Predicted Label for 28: [ 1  2  5 17  5  0  5  4  1  1  2  4  4  1  2  4  9  9  2 12 11  1  4  3  4
  1  0  5  1 15  5  0  2  0  1  1  5  1  5 12 11 11  5  3  3  5  0  3  5 11
  5  2  0  2  2  0  1  4  5  0  0  5  0  2  0  2  2  4  5  9 12  5  0  3  0
 11  0  4  2  3  5  3  5  5  3  5  5  0 17  9  0  4  0  4  1  8  5  0  7  4
 12  2 12  9 16  0  3  1  2 15  1  1  5  3  5  4  4  0  5  5 12  0  3  0  1
 10 13  5  4  5 16  5  2  0  5  5  4  0  4  3  5  2  3  5  5  5  2  4  0  4
  4  0  5  5 17  3  4 17  0  0  5  5  5  1  5  9 11 16  0  0  9  2  5  2  5
  9  9  0  5  2  0  1  5  5  0  3  2  5  5  4  2  2  0  2 12  0  0  2  2  3
  0  4  2  0  5  0 11  2  3 15  5  0  4  3  5  2 12  0  1  3  2  1  3  2  0
  5  0  0  4 17  9  0  9  5  5  2  3  3  2  0  2  0  5  5  5  5  9  5  2  4
  4 15  0  0  1  0  5  0  0  0  5  1  5  2  0  2  0  4  6  5  0 12  1  0  1
  4  0  0  3  0  2  0  1  1  0  2 12  5  5  3  2  2  0  2  5  5 11  0  0 17
  4  5 17  0  0  0  1  3  1  5  0  0  0  0  4  1  0  5  5  1  4  3  0  0  3
  9  2  0  0  2  2  1  3  2  4  4  2  5  2  5  2  2  3  1 11 16 11  4  0  0
  0  5  2  2  2  3  2  2  2  1  3  3  5 17  1  2  5  5  0  1  4  5  3  0  0
  0  2  5  5  5  5  3  0  0  3 17  5  0  3  2  0 16  9  0  2  0  0  5 15  5
  0  5  1]
 Dunn Index 28 : 0.184158344332
---------------------------------------------------------------------------------------------------------
chromosome 29 : [ -1.11022302e-16   3.12250226e-17   8.67361738e-19 ...,   0.00000000e+00
   0.00000000e+00   0.00000000e+00]
 Objectives (Sil) : 0.330245094948
 Objectives (PBM) : 0.833310984341
Cluster size 29 :5
Predicted Label for 29: [1 4 3 2 3 4 3 1 1 3 4 0 0 1 4 0 2 2 4 2 2 1 0 1 0 3 4 3 3 2 3 4 4 4 1 1 3
 1 3 2 2 2 3 1 1 3 4 1 3 2 3 4 4 4 4 4 3 0 0 4 4 3 4 4 4 4 4 1 3 2 2 3 4 0
 4 2 4 1 4 1 3 1 0 3 1 3 3 4 2 2 4 1 4 0 3 2 3 4 2 0 2 4 2 2 2 4 0 3 4 2 1
 3 3 1 3 1 0 4 3 3 2 4 0 4 1 3 2 3 1 3 2 3 4 4 3 3 0 4 0 0 0 4 3 3 3 3 4 0
 4 1 0 4 3 3 2 1 0 2 4 4 0 3 3 1 0 2 2 2 4 4 2 4 3 4 0 2 2 4 0 4 4 1 3 3 4
 1 4 3 0 1 4 4 4 4 2 4 4 4 4 1 4 0 4 4 3 4 2 4 1 2 3 4 0 1 3 4 2 4 1 1 4 1
 1 4 4 3 4 4 1 2 2 4 2 3 3 4 1 1 4 4 4 4 0 3 3 3 2 3 4 0 0 2 4 4 1 4 3 4 4
 4 0 1 3 4 4 4 4 1 2 0 4 2 1 4 1 1 4 4 0 4 4 4 1 3 4 4 2 3 3 0 4 4 4 4 3 3
 2 4 4 2 0 3 2 4 4 4 1 0 1 3 4 4 4 4 1 1 4 3 3 1 0 1 4 4 1 2 4 4 4 4 4 1 0
 4 0 1 4 3 4 3 4 4 0 3 2 2 2 1 4 4 4 3 4 4 4 1 4 4 4 1 1 0 3 2 1 4 3 3 4 1
 0 0 0 4 4 4 4 3 3 0 3 1 4 4 0 2 3 4 1 4 4 2 2 4 4 4 4 0 2 3 4 3 3]
 Dunn Index 29 : 0.146539104847
---------------------------------------------------------------------------------------------------------
chromosome 30 : [  1.00000000e+00   3.24329205e-01  -2.05998413e-18 ...,   0.00000000e+00
   0.00000000e+00   0.00000000e+00]
 Objectives (Sil) : 0.340240604212
 Objectives (PBM) : 0.805002156318
Cluster size 30 :5
Predicted Label for 30: [3 4 1 0 1 4 1 3 3 1 4 3 3 3 4 1 0 0 4 0 0 3 1 3 1 1 4 1 1 0 1 4 4 4 3 3 1
 3 1 0 0 0 1 3 3 1 4 3 1 0 1 4 4 4 4 4 1 3 1 4 4 1 4 4 4 4 4 3 1 0 0 1 4 3
 4 0 4 3 4 3 1 3 1 1 3 1 1 4 0 0 4 3 4 3 1 2 1 4 2 3 0 4 0 0 0 4 1 1 4 0 3
 1 1 3 1 3 3 4 1 1 0 4 3 4 3 1 2 1 3 1 0 1 4 4 1 1 3 4 1 3 1 4 1 1 1 1 4 3
 4 3 3 4 1 1 0 3 3 0 4 4 1 1 1 3 1 0 0 0 4 4 0 4 1 4 1 0 0 4 1 4 4 3 1 1 4
 3 4 1 1 3 4 4 4 4 0 4 4 4 4 3 4 3 4 4 1 4 0 4 3 0 1 4 3 3 1 4 0 4 3 3 4 3
 3 4 4 1 4 4 3 0 0 4 0 1 1 4 3 3 4 4 4 4 1 1 1 1 0 1 4 3 3 0 4 4 3 4 1 4 4
 4 1 3 1 4 4 4 4 3 2 1 4 0 3 4 3 3 4 4 3 4 4 4 3 1 4 4 0 1 1 3 4 4 4 4 1 1
 0 4 4 0 3 1 0 4 4 4 3 3 3 1 4 4 4 4 3 3 4 1 1 3 1 3 4 4 3 0 4 4 4 4 4 3 3
 4 3 3 4 1 4 1 4 4 3 1 0 0 0 3 4 4 4 1 4 4 4 3 4 4 4 3 3 1 1 0 3 4 1 1 4 3
 3 1 3 4 4 4 4 1 1 1 1 3 4 4 3 0 1 4 3 4 4 0 0 4 4 4 4 3 0 1 4 1 1]
 Dunn Index 30 : 0.138836454682
---------------------------------------------------------------------------------------------------------
chromosome 31 : [  1.00000000e+00   1.38777878e-17   0.00000000e+00 ...,   0.00000000e+00
   0.00000000e+00   0.00000000e+00]
 Objectives (Sil) : 0.160250115943
 Objectives (PBM) : 0.178732283862
Cluster size 31 :20
Predicted Label for 31: [11  7 13 10  9 18  9 11 13 13  8 16 11 11  7 16 14 14  8 10 12 11 16  4 16
 13 18  9 13 10 13 18 15 18 11 11  9 11 13 12 12 12 13 16  4  9 17  4  9 12
  9  5 17  5  8 18 13 16  9 15 15  9 17  7 17  7  6 16 13 12 10  9 15 16  7
 12 17 16  6  4  9  4  9  9  4  9  9  7 10 14 18 16 17 16 13 19 13 17  3 16
 12  8 14 14 10 18 16 13  5 12 13 13  9  4  9 11 16 18  9 13 12 18  4 17 13
  2 19  9 16  9 10  9  7 17  9  9 16 18 16  4 16 15 13  9  9  9  8 16 18 16
 11  7  9  9 10  4 16 10 17  7 16 13  9  4  9 14 12 10 15 18 14  8  9  8  9
 14 12 17  9  7 15 11  9  9 18 16  7  9  9 11  7  8 18  8 14 18 18  8  8  4
 17 16  8 18 13 17 12  6  4 12 13 18 16  4 16  8 12 18 11  4  6 13 16  8 18
  9 18 18 11 10 14 18 12  9  9  7 13  4  8 15  6 18  9  9  9 13 14 13  8 16
 16 10 17 17 11 18 13 18  7 18  9 11  9  7 18  8 18 11  0 16 18 12 11 18 13
 16 17 17 16 17  8 18 11 13 18  8 10  9  9 16  8  8 17  7  9  9 12 17 17 10
 16 13 10 15 15 18 11 16 13 13  7  7 17 18 11 11 18  9 13 11 16  4  7 15 16
 12  7 18 17  8  5 13  4 15 16 11  6  9  5 13  8  8 16 13 10 10 12 11  7 15
 18  9  8  6  5 13  6  6  7 11  4 16  9 10 11 15  9 13 18 11 16 16 16  6 18
 17  8  9 13  9  9  4 15 18 16 10  9 17  4  7 18 10 14  7 15  7  7 16 10  9
 17  9 13]
 Dunn Index 31 : 0.169708031014
---------------------------------------------------------------------------------------------------------
chromosome 32 : [  7.63514330e-01   6.44592654e-01   3.46944695e-18 ...,   0.00000000e+00
   0.00000000e+00   0.00000000e+00]
 Objectives (Sil) : 0.164513111858
 Objectives (PBM) : 0.273769831148
Cluster size 32 :17
Predicted Label for 32: [13  3  8  0  9  5  8 15 16 16  1 10 10 13  3 10  0  0  1  0  0 13 10 11 10
  8  5  9  8  0  8  5  3  5 13 13  8 12  8  0  0  0  8 11 11 16  4 11 16  0
  8  3  5  1  1  5  8 10  9  5  5  9  4  3  5  3  3 10 16  0  0  9  5  9  5
  0  4 10  3 11  9 11  9  8 11  8  9  5  0  0  5 10  4 10  8  2  8  4  2 10
  0  1  0  0  0  5  9 16  3  0 13  8 16 11  9 15 10  5  8 16  0  4 11  4 16
  6  2  9 16  9  0  8  3  4  9  8 10  5 10 11  9  5  8  9  9  9  1 10  5 10
 10  3  8  9  0 11 10  0  4  3  9  8  9 13  9  0  0  0  5  5  0  1  9  1  9
  0  0  4  9  3  4 10  9  9  5 16  3  9  9 15  3  1  5  1  0  5  5  1  3 11
  3 10  1  4 16  4  0  3 11  0  8  5 10 11 16  1  0  5 16 11  3 16 11  1  5
  9  4  4 10  0  0  5  0  9 16  3 16 11  1  5  3  5  9  8  9  8  0  8  1 10
 10  0  4  4 16  5  8  4  3  5  9 13  9  3  5  1  5 10  2  9  5  0 15  4 13
 10  4  4 11  4  1  5 13  8  5  1  0  9  9 11  1  1  4  3  8  9  0  4  4  0
 15 16  0  5  5  5 10 11 16 16  3  5  4  4 10 10  5  9 16 16 10 11  3  5 11
  0  3  1  4  1  1 13 11  1 10 10  3  9  3  8  1  1 16  8  0  0  0 15  5  5
  5  9  1  3  3 16 14  3  3 10 11 11  9  0 13  1  9 16  5 13 10  9 11  3  5
  4  1 16  8  9  8 11  5  5 11  0  9  4 11  3  5  0  0  3  3  3  3 16  0 16
  4  9  8]
 Dunn Index 32 : 0.145111917842
---------------------------------------------------------------------------------------------------------
chromosome 33 : [  5.55111512e-17   2.77555756e-17   2.60208521e-18 ...,   0.00000000e+00
   0.00000000e+00   0.00000000e+00]
 Objectives (Sil) : 0.354404642524
 Objectives (PBM) : 1.04002068473
Cluster size 33 :5
Predicted Label for 33: [3 4 1 0 1 4 1 3 3 1 4 3 3 3 4 1 0 0 4 0 0 3 1 3 1 1 4 1 1 0 1 4 4 4 3 3 1
 3 1 0 0 0 1 3 3 1 4 3 1 0 1 4 4 4 4 4 1 1 1 4 4 1 4 4 4 4 4 3 1 0 0 1 4 1
 4 0 4 3 4 3 1 3 1 1 3 1 1 4 0 0 4 3 4 1 1 0 1 4 0 3 0 4 0 0 0 4 1 1 4 0 3
 1 1 3 1 3 3 4 1 1 0 4 3 4 3 2 0 1 3 1 0 1 4 4 1 1 3 4 1 3 1 4 1 1 1 1 4 1
 4 3 3 4 1 1 0 3 3 0 4 4 1 1 1 3 1 0 0 0 4 4 0 4 1 4 1 0 0 4 1 4 4 3 1 1 4
 3 4 1 1 3 4 4 4 4 0 4 4 4 4 3 4 3 4 4 1 4 0 4 3 0 1 4 1 3 1 4 0 4 3 3 4 3
 3 4 4 1 4 4 3 0 0 4 0 1 1 4 3 3 4 4 4 4 1 1 1 1 0 1 4 3 3 0 4 4 3 4 1 4 4
 4 1 3 1 4 4 4 4 3 0 1 4 0 3 4 3 3 4 4 3 4 4 4 3 1 4 4 0 1 1 1 4 4 4 4 1 1
 0 4 4 0 3 1 0 4 4 4 3 3 3 1 4 4 4 4 3 3 4 1 1 3 1 3 4 4 3 0 4 4 4 4 4 3 3
 4 1 3 4 1 4 1 4 4 3 1 0 0 0 3 4 4 4 1 4 4 4 3 4 4 4 3 3 1 1 0 3 4 1 1 4 3
 1 1 3 4 4 4 4 1 1 1 1 3 4 4 3 0 1 4 3 4 4 0 0 4 4 4 4 1 0 1 4 1 1]
 Dunn Index 33 : 0.16167508575
---------------------------------------------------------------------------------------------------------
chromosome 34 : [ -1.11022302e-16   3.67443700e-01  -4.55364912e-18 ...,   0.00000000e+00
   0.00000000e+00   0.00000000e+00]
 Objectives (Sil) : 0.354404642524
 Objectives (PBM) : 1.49762978601
Cluster size 34 :5
Predicted Label for 34: [4 2 0 1 0 2 0 4 4 0 2 4 4 4 2 0 1 1 2 1 1 4 0 4 0 0 2 0 0 1 0 2 2 2 4 4 0
 4 0 1 1 1 0 4 4 0 2 4 0 1 0 2 2 2 2 2 0 0 0 2 2 0 2 2 2 2 2 4 0 1 1 0 2 0
 2 1 2 4 2 4 0 4 0 0 4 0 0 2 1 1 2 4 2 0 0 1 0 2 1 4 1 2 1 1 1 2 0 0 2 1 4
 0 0 4 0 4 4 2 0 0 1 2 4 2 4 3 1 0 4 0 1 0 2 2 0 0 4 2 0 4 0 2 0 0 0 0 2 0
 2 4 4 2 0 0 1 4 4 1 2 2 0 0 0 4 0 1 1 1 2 2 1 2 0 2 0 1 1 2 0 2 2 4 0 0 2
 4 2 0 0 4 2 2 2 2 1 2 2 2 2 4 2 4 2 2 0 2 1 2 4 1 0 2 0 4 0 2 1 2 4 4 2 4
 4 2 2 0 2 2 4 1 1 2 1 0 0 2 4 4 2 2 2 2 0 0 0 0 1 0 2 4 4 1 2 2 4 2 0 2 2
 2 0 4 0 2 2 2 2 4 1 0 2 1 4 2 4 4 2 2 4 2 2 2 4 0 2 2 1 0 0 0 2 2 2 2 0 0
 1 2 2 1 4 0 1 2 2 2 4 4 4 0 2 2 2 2 4 4 2 0 0 4 0 4 2 2 4 1 2 2 2 2 2 4 4
 2 0 4 2 0 2 0 2 2 4 0 1 1 1 4 2 2 2 0 2 2 2 4 2 2 2 4 4 0 0 1 4 2 0 0 2 4
 0 0 4 2 2 2 2 0 0 0 0 4 2 2 4 1 0 2 4 2 2 1 1 2 2 2 2 0 1 0 2 0 0]
 Dunn Index 34 : 0.16167508575
---------------------------------------------------------------------------------------------------------
chromosome 35 : [  5.55111512e-17   1.38777878e-17   0.00000000e+00 ...,   1.48208633e-02
   1.46925138e-02   1.46256281e-02]
 Objectives (Sil) : 0.177250369174
 Objectives (PBM) : 0.207128780598
Cluster size 35 :17
Predicted Label for 35: [ 1  5  4  2  3  9  3  0  4  4  8  0  0 14  5  4  7 15  8  7 13 14  0  1  0
 14  9  3 14  2  4  9  5  9 14  0  3 14 14  7 13 13  4 11  1  4  9 11  4 13
  4  5  9  8  8  9 14  0  3  9  9  4  9  5  9  5  5  0  4  7  7  3  9 11  9
 13  9  0  5  1  3 11  3  3  1  3  3  8  2 15  9  0  9  0 14 10  4  9 16  0
  7  8  7 15  2  9 11  4  5 13 14 14  4 11  3  0  0  9  4  4 13  9 11  9 14
  6 10  3  4  3  2  3  5  9  3  3  0  9  0 11 11  8  4  3  3  4  8  0  9  0
  0  5  3  3  2 11  0  2  9  5  3  3  3  1  3 15 13  2  9  9 15  8  3  8  3
 15 13  9  3  5  9  1  3  3  9  4  5  3  3  0  5  8  9  8  7  9  9  8  8  1
  5  0  8  9  4  9 13  5  1  7  4  9 11 11  4  8  7  9  4 11  5  4  0  8  9
  3  9  9  0  2 15  9 13  3  4  5  4  1  8  9  5  9  3  3  4  4 15  4  8  0
  0  2  9  9  4  9  4  9  5  9  3  1  3  8  9  8  9  0 12  3  9  7  1  9 14
  0  9  9 11  9  8  9 14 14  9  8  7  3  3 11  8  8  9  5  4  3 13  9  5  2
  0  4  2  9  9  9  0 11  4  4  5  9  9  9  0  0  8  3  4  4  0  1  5  9 11
 13  5  8  9  8  8 14 11  8  0  0  5  3  5  3  8  8  4  4  2  2 13  0  9  9
  9  3  8  5  5  4  5  5  5  0 11 11  3  2 14  8  3  4  9 14  0  3 11  5  9
  9  8  4 14  4  3  1  9  9 11  2  3  9  1  5  9  2 15  9  8  5  5  4  2  4
  9  3 14]
 Dunn Index 35 : 0.1581048049
---------------------------------------------------------------------------------------------------------
chromosome 36 : [  4.77218244e-316   5.71939324e-316   8.98123598e-317 ...,
   5.86727658e-316   5.86727302e-316   5.86726591e-316]
 Objectives (Sil) : 0.238167908765
 Objectives (PBM) : 0.516283578093
Cluster size 36 :7
Predicted Label for 36: [0 3 1 2 1 6 1 0 0 1 4 0 0 0 3 0 2 2 4 2 2 0 1 0 1 1 6 1 1 2 1 6 5 6 0 0 1
 0 1 2 2 2 1 0 0 1 6 0 1 2 1 3 6 5 4 6 1 0 1 6 5 1 6 3 6 3 3 0 0 2 2 1 5 0
 5 2 6 0 3 0 1 0 1 1 0 1 1 5 2 2 6 0 6 0 1 2 1 6 2 0 2 4 2 2 2 6 1 1 3 2 0
 1 1 0 1 0 0 6 1 0 2 6 0 6 0 1 2 1 0 1 2 1 3 6 1 1 0 6 1 0 1 5 0 1 1 1 4 0
 6 0 0 3 1 1 2 0 0 2 6 3 1 1 1 0 1 2 2 2 6 6 2 4 1 4 1 2 2 6 1 3 6 0 1 1 6
 0 5 1 1 0 3 4 6 4 2 6 6 4 4 0 3 0 4 6 1 6 2 3 0 2 1 6 0 0 0 4 2 6 0 0 3 0
 0 4 6 1 6 6 0 2 2 6 2 1 1 3 0 0 4 5 3 6 1 1 1 1 2 1 4 0 0 2 6 6 0 6 1 6 5
 6 1 0 1 5 6 4 6 0 2 1 6 2 0 6 0 0 6 5 0 6 4 6 0 1 6 4 2 1 1 0 4 4 6 3 1 1
 2 3 3 2 0 0 2 5 5 6 0 0 0 1 5 3 6 6 0 0 4 1 1 0 1 0 3 5 0 2 3 4 6 4 5 0 0
 5 0 0 3 1 3 1 4 4 0 1 2 2 2 0 6 5 6 1 4 3 5 0 3 3 3 0 0 0 1 2 0 5 1 0 6 0
 0 1 0 3 6 6 4 1 1 1 1 0 5 6 0 2 1 6 0 3 6 2 2 5 5 3 3 0 2 1 5 1 1]
 Dunn Index 36 : 0.125485948423
---------------------------------------------------------------------------------------------------------
chromosome 37 : [ -1.11022302e-16   6.93889390e-17   1.30104261e-18 ...,   0.00000000e+00
   0.00000000e+00   0.00000000e+00]
 Objectives (Sil) : 0.381581389521
 Objectives (PBM) : 1.11729452513
Cluster size 37 :7
Predicted Label for 37: [6 4 6 0 6 1 6 6 6 6 4 6 6 6 4 6 2 2 4 2 2 6 6 6 6 6 1 6 6 0 6 1 4 1 6 6 6
 6 6 2 2 2 6 6 6 6 1 6 6 2 6 4 1 4 4 1 6 6 6 1 4 6 1 4 1 4 4 6 6 2 2 6 4 6
 4 2 1 6 4 6 6 6 6 6 6 6 6 4 0 2 1 6 1 6 6 5 6 1 5 6 2 4 2 2 0 1 6 6 4 2 6
 6 6 6 6 6 6 1 6 6 2 1 6 1 6 3 5 6 6 6 0 6 4 1 6 6 6 1 6 6 6 4 6 6 6 6 4 6
 1 6 6 4 6 6 0 6 6 0 1 4 6 6 6 6 6 2 2 0 1 1 2 1 6 4 6 2 2 1 6 4 1 6 6 6 1
 6 4 6 6 6 4 1 1 4 2 1 1 1 4 6 4 6 1 1 6 1 2 4 6 2 6 1 6 6 6 1 2 1 6 6 4 6
 6 4 1 6 1 1 6 0 2 1 2 6 6 4 6 6 4 1 4 1 6 6 6 6 2 6 4 6 6 0 1 1 6 1 6 1 4
 1 6 6 6 4 1 4 1 6 5 6 1 2 6 1 6 6 1 4 6 1 4 1 6 6 1 1 0 6 6 6 4 4 1 4 6 6
 2 4 4 0 6 6 0 4 1 1 6 6 6 6 4 4 1 1 6 6 1 6 6 6 6 6 4 1 6 2 4 1 1 4 4 6 6
 4 6 6 4 6 4 6 4 4 6 6 0 0 2 6 1 1 1 6 4 4 4 6 4 4 4 6 6 6 6 0 6 4 6 6 1 6
 6 6 6 4 1 1 4 6 6 6 6 6 1 1 6 0 6 1 6 4 1 0 2 4 4 4 4 6 0 6 1 6 6]
 Dunn Index 37 : 0.152015357932
---------------------------------------------------------------------------------------------------------
chromosome 38 : [  5.55111512e-17   3.46944695e-17   0.00000000e+00 ...,   0.00000000e+00
   0.00000000e+00   0.00000000e+00]
 Objectives (Sil) : 0.320312007502
 Objectives (PBM) : 1.30200522711
Cluster size 38 :5
Predicted Label for 38: [1 4 3 2 0 4 0 1 3 3 4 1 1 1 4 0 2 2 4 2 2 1 0 1 0 3 4 0 3 2 3 4 4 4 3 1 0
 1 3 2 2 2 3 1 1 3 4 1 3 2 3 4 4 4 4 4 3 0 0 4 4 0 4 4 4 4 4 1 3 2 2 0 4 0
 4 2 4 1 4 1 0 1 0 3 1 0 0 4 2 2 4 1 4 3 3 2 3 4 2 1 2 4 2 2 2 4 0 3 4 2 3
 3 0 1 0 1 1 4 3 3 2 4 1 4 3 0 2 0 1 0 2 0 4 4 0 0 0 4 0 1 0 4 3 0 0 0 4 0
 4 1 1 4 0 0 2 1 1 2 4 4 0 3 0 1 0 2 2 2 4 4 2 4 0 4 0 2 2 4 0 4 4 1 0 0 4
 1 4 0 0 1 4 4 4 4 2 4 4 4 4 1 4 1 4 4 3 4 2 4 1 2 3 4 0 1 3 4 2 4 1 1 4 3
 1 4 4 0 4 4 3 2 2 4 2 0 3 4 3 1 4 4 4 4 0 0 0 3 2 3 4 0 1 2 4 4 3 4 3 4 4
 4 0 1 0 4 4 4 4 1 2 0 4 2 1 4 3 1 4 4 1 4 4 4 3 3 4 4 2 0 0 0 4 4 4 4 0 0
 2 4 4 2 1 3 2 4 4 4 1 1 3 3 4 4 4 4 1 1 4 0 3 3 0 1 4 4 1 2 4 4 4 4 4 3 1
 4 0 1 4 0 4 3 4 4 3 3 2 2 2 1 4 4 4 0 4 4 4 3 4 4 4 1 1 0 0 2 3 4 0 3 4 3
 0 0 1 4 4 4 4 3 3 0 0 1 4 4 1 2 0 4 1 4 4 2 2 4 4 4 4 3 2 3 4 0 3]
 Dunn Index 38 : 0.11247093319
---------------------------------------------------------------------------------------------------------
chromosome 39 : [  5.55111512e-17   2.77555756e-17   8.67361738e-19 ...,   0.00000000e+00
   0.00000000e+00   0.00000000e+00]
 Objectives (Sil) : 0.189257291371
 Objectives (PBM) : 0.258732090742
Cluster size 39 :16
Predicted Label for 39: [ 0  6 14 11  5  8  5  7 14 14 15 12 12  0  6 12  4 11 15  4  4  0 12  1 12
 14  8  5 14 11 14  8 10  8  0  0  5  9 14  4  4  4 14  0  1  5  8  1  5  4
  5 13  8 13 15  8 14 12  5 10 10  5  8  6  8  6  6  0 14  4  4  5 10  1 10
  4  8 12  6  1  5  1  5  5  1  5  5 10 11  4  8  0  8 12 14  2 14  8  2 12
  4 15  4  4 11  8  1  0 13  4 14 14  5  1  5 12 12  8  5 14  4  8  1  8 14
  3  2  5  0  5 11  5  6  8  5  5 12  8 12  1  5 10 14  5  5  5 15 12  8  0
 12 10  5  5 11  1 12 11  8  6  5 14  5 14  5  4  4 11 10  8  4 15  5 15  5
  4  4  8  5  6 10  0  5  5  8  1 10  5  5  7  6 15  8 15  4  8  8 15 13  1
  6 12 15  8 14  8  4  6  1  4 14  8 12  1 14 15  4  8  0  1  6 14  1 15  8
  5  8  8 12 11 11  8  4  5  5  6 14  1 15 10  6  8  5  5  5 14  4 14 15 12
 12 11  8  8  0  8 14  8 10  8  5  0  5 10  8 15  8  0  2  5  8  4  7  8 14
  0  8 10  1  8 13  8  0 14  8 15 11  5  5  1 15 15  8  6  5  5  4 10  6 11
 12 14 11 10 10  8  0  1  0 14 10  6  8  8  0  0 15  5 14  0 12  1  6 10  1
  4  6 15  8 15 13 14  1 10 12  0  6  5 13 14 15 15  0 14 11 11  4  7 10 10
  8  5 15  6 13 14  6  6  6  0  1  1  5 11 14 10  5 14  8  0 12 12  1  6  8
  8 15  5 14  5  5  1 10  8  1 11  5  8  1  6  8 11  4 10 10  6  6  0 11  5
 10  5 14]
 Dunn Index 39 : 0.171573396997
---------------------------------------------------------------------------------------------------------
chromosome 40 : [  5.00000000e-01   3.34745428e-01  -7.58941521e-19 ...,   0.00000000e+00
   0.00000000e+00   0.00000000e+00]
 Objectives (Sil) : 0.178356118045
 Objectives (PBM) : 0.195514574709
Cluster size 40 :19
Predicted Label for 40: [ 4  2  8 16  8  5  8  3  4  4 12  3  3  4  2  3 18 17 12  0  0  4  3  9  3
  4  5  8  4  0  8  5  2  5  4  3  8  4  4  0 18  0  4  9  9  8  5  9  8 18
  8 15  5 15 12  5  4  3  8  5  5  8  5  2  5  2  2  3  4 18  0  8  5  9  5
  0  5  3  2  9  8  9  8  8  9  8  8  5 14  0  5  9  5  3  4  1  8  5  1  3
  0 12  0 17 11  5  8  4 15  0  4  4  8  9  8  3  3  5  8  4 18  5  9  5  4
  7  1  8  9  8 14  8  2  5  8  8  3  5  3  9  8  5  4  8  8  8 12  3  5  3
  3  2  8  8 14  9  3 14  5  2  8  8  8  4  8 18 18 14  5  5  0 12  8 12  8
 17 18  5  8  2  5  9  8  8  5  9  2  8  8  3  2 12  5 12  0  5  5 12 12  9
  2  3 12  5  4  5 18  2  9  0  4  5  3  9  4 12 18  5  4  9  2  4  9 12  5
  8  5  5  3 14 17  5 18  8  8  2  9  9 12  5  2  5  8  8  8  4 17  4 12  3
  3  0  5  5  4  5  8  5  2  5  8  4  8 12  5 12  5  3  1  8  5  0  3  5  4
  3  5 13  9  5 12  5  4  4  5 12  0  8  8  9 12 12  5  2  8  8  0  2  2  6
  3  4 16  5  5  5  9  9  4  4  2  2  5  5  3  4  5  8  8  4  3  9  2  5  9
 18  2 12  5 12 15  4  9 12  3  3  2  8 15  8 12 12  9  4  0 14  0  3  5  5
  5  8 12  2 15  4 10  2  2  3  9  9  8 11  4 12  8  4  5  4  3  8  9  2  5
  5 12  8  4  8  8  9  5  5  9 16  8  5  9  2  5 14 17  2  2  2  2  9 14  8
  5  8  4]
 Dunn Index 40 : 0.164598386688
---------------------------------------------------------------------------------------------------------
chromosome 41 : [ -1.11022302e-16   7.63278329e-17   1.30104261e-18 ...,   0.00000000e+00
   0.00000000e+00   0.00000000e+00]
 Objectives (Sil) : 0.180527696566
 Objectives (PBM) : 0.15060854025
Cluster size 41 :19
Predicted Label for 41: [ 3  1  0 14  0  2  0  3  3  0  1  3  3  3  1  0  9  9  1 18 18  3  0  3  0
  0  2  0  0 18  0  2  1  2  3  3  0  3  0 18 18 18  0  3  3  0  2  3  0 18
  0  1  2  1  1  2  0  0  0  2  1  0  2  1  2  1  1  3  0 18 13  0  1  0  1
  8  2  3  1  3  0  3  0  0  3  0  0  1 14 18  2  3  2  0  0  7  0  2  6  3
 15  1 18 16 13  2  0  0  1 18  3  0  0  3  0  3  3  2  0  0 15  2  3  2  3
  5 11  0  3  0 17  0  1  2  0  0  3  2  0  3  0  1  0  0  0  0  1  0  2  3
  3  1  0  0 14  3  3 14  2  1  0  0  0  3  0 16 18 17  2  2 16  1  0  1  0
  9 16  2  0  1  2  3  0  0  2  3  1  0  0  3  1  1  2  1 18  2  2  2  1  3
  1  3  1  2  0  2 18  1  3 15  0  2  0  3  0  1 15  2  3  3  1  3  3  1  2
  0  2  2  3 14  9  2 16  0  0  1  3  3  1  2  1  2  0  0  0  0 16  0  1  3
  3 13  2  2  3  2  0  2  1  2  0  3  0  1  2  1  2  3  4  0  2 15  3  2  3
  3  2  2  3  2  1  2  3  0  2  1 15  0  0  0  1  1  2  1  0  0 15  1  2  8
  3  0 10  1  2  2  3  3  3  0  1  1  2  2  3  3  2  0  0  3  0  3  1  2  3
 16  1  2  2  1  1  3  3  1  0  3  1  0  1  0  1  1  3  0  8 17 18  3  2  2
  2  0  1  1  1  3  1  1  1  3  3  0  0 13  3  1  0  0  2  3  0  0  3  1  2
  2  1  0  0  0  0  3  2  2  3 12  0  2  3  1  2 17 16  1  1  1  1  0 17  0
  2  0  0]
 Dunn Index 41 : 0.154007755236
---------------------------------------------------------------------------------------------------------
chromosome 42 : [ 0.9288524   0.17689421  0.01774521 ...,  0.          0.          0.        ]
 Objectives (Sil) : 0.330828463543
 Objectives (PBM) : 0.439631126148
Cluster size 42 :9
Predicted Label for 42: [1 4 3 0 3 4 3 5 1 1 4 5 6 1 4 6 0 0 4 0 0 1 6 5 6 1 4 3 1 0 3 4 4 4 1 1 3
 5 1 0 0 0 1 2 2 3 4 2 3 0 3 4 4 4 4 4 1 6 3 4 4 3 4 4 4 4 4 6 1 0 0 3 4 2
 4 0 4 6 4 2 3 2 3 3 5 3 3 4 0 0 4 6 4 6 1 7 3 4 7 6 0 4 0 0 0 4 2 1 4 0 1
 1 3 5 3 5 6 4 3 2 0 4 2 4 1 8 7 3 6 3 0 3 4 4 3 3 6 4 6 2 2 4 2 3 3 3 4 6
 4 6 6 4 3 3 0 2 6 0 4 4 3 3 3 1 3 0 0 0 4 4 0 4 3 4 3 0 0 4 3 4 4 5 3 3 4
 2 4 3 3 5 4 4 4 4 0 4 4 4 4 5 4 6 4 4 1 4 0 4 5 0 1 4 6 2 3 4 0 4 1 2 4 1
 6 4 4 3 4 4 6 0 0 4 0 3 3 4 2 5 4 4 4 4 3 3 3 1 0 1 4 6 6 0 4 4 1 4 3 4 4
 4 3 5 3 4 4 4 4 6 7 3 4 0 5 4 1 6 4 4 2 4 4 4 1 1 4 4 0 3 3 2 4 4 4 4 3 3
 0 4 4 0 5 2 0 4 4 4 6 6 1 1 4 4 4 4 6 1 4 3 3 1 6 2 4 4 2 0 4 4 4 4 4 1 5
 4 6 6 4 3 4 3 4 4 2 1 0 0 0 5 4 4 4 3 4 4 4 2 4 4 4 6 2 2 3 0 1 4 3 2 4 1
 6 3 2 4 4 4 4 3 1 3 3 2 4 4 2 0 3 4 5 4 4 0 0 4 4 4 4 2 0 3 4 3 1]
 Dunn Index 42 : 0.129592966339
---------------------------------------------------------------------------------------------------------
chromosome 43 : [  0.00000000e+00   2.77555756e-17   1.73472348e-18 ...,   0.00000000e+00
   0.00000000e+00   0.00000000e+00]
 Objectives (Sil) : 0.23147226124
 Objectives (PBM) : 0.607842344034
Cluster size 43 :10
Predicted Label for 43: [0 4 3 9 3 2 3 0 0 3 4 0 0 0 4 3 9 9 4 9 9 0 3 0 3 3 2 3 3 9 3 2 4 2 0 0 3
 0 3 9 9 9 3 0 0 3 2 0 3 9 3 4 2 4 4 2 3 3 3 2 2 3 2 4 2 4 4 0 3 9 9 3 4 3
 2 9 2 0 4 0 3 0 3 3 0 3 3 4 9 9 2 0 2 3 3 5 3 2 7 0 9 4 9 9 9 2 3 3 4 9 0
 3 3 0 3 0 0 2 3 3 9 2 0 2 0 6 5 3 0 3 9 3 4 2 3 3 0 2 3 0 3 4 3 3 3 3 4 3
 2 0 0 4 3 3 9 0 0 9 2 4 3 3 3 0 3 9 9 9 2 2 9 4 3 4 3 9 9 2 3 4 2 0 3 3 2
 0 4 3 3 0 4 4 2 4 9 2 2 4 4 0 2 0 4 2 3 2 9 4 0 9 3 2 3 0 3 4 9 2 0 0 4 0
 0 4 2 3 2 2 0 9 9 2 9 3 3 4 0 0 4 2 4 2 3 3 3 3 9 3 4 0 0 9 2 2 0 2 3 2 4
 2 3 0 3 4 2 4 2 0 1 3 2 9 0 2 0 0 2 2 0 2 4 2 0 3 2 4 9 3 3 3 4 4 2 4 3 3
 9 2 2 9 0 3 9 2 2 2 0 0 0 3 4 4 2 2 0 0 2 3 3 0 3 0 4 2 0 9 4 2 2 4 4 0 0
 4 3 0 4 3 4 3 4 4 0 3 9 9 9 0 2 2 2 3 4 4 4 0 4 4 4 0 0 3 3 9 0 4 3 3 2 0
 3 3 3 2 2 2 4 3 3 3 3 0 2 2 0 9 3 2 0 4 2 9 9 2 4 2 4 3 9 3 2 3 3]
 Dunn Index 43 : 0.153817785681
---------------------------------------------------------------------------------------------------------
chromosome 44 : [  1.00000000e+00   2.77555756e-17   0.00000000e+00 ...,   0.00000000e+00
   0.00000000e+00   0.00000000e+00]
 Objectives (Sil) : 0.305434013085
 Objectives (PBM) : 0.565453869788
Cluster size 44 :9
Predicted Label for 44: [3 4 1 2 1 4 1 3 3 1 4 3 3 3 4 1 5 2 4 5 5 3 1 3 1 1 4 1 1 2 1 4 4 4 3 3 1
 3 1 5 5 5 1 3 3 1 4 3 1 5 1 4 4 4 4 4 1 3 1 4 4 1 4 4 4 4 4 3 1 5 5 1 4 1
 4 5 4 3 4 3 1 3 1 1 3 1 1 4 2 5 4 3 4 3 1 8 1 4 8 3 5 4 5 5 2 4 1 1 4 5 3
 1 1 3 1 3 3 4 1 1 5 4 3 4 3 7 8 1 3 1 2 1 4 4 1 1 3 4 1 3 1 4 1 1 1 1 4 3
 4 3 3 4 1 1 2 3 3 2 4 4 1 1 1 3 1 5 5 2 4 4 5 4 1 4 1 5 5 4 1 4 4 3 1 1 4
 3 4 1 1 3 4 4 4 4 5 4 4 4 4 3 4 3 4 4 1 4 5 4 3 5 1 4 1 3 1 4 5 4 3 3 4 3
 3 4 4 1 4 4 3 2 2 4 5 1 1 4 3 3 4 4 4 4 1 1 1 1 5 1 4 3 3 2 4 4 3 4 1 4 4
 4 1 3 1 4 4 4 4 3 0 1 4 5 3 4 3 3 4 4 3 4 4 4 3 1 4 4 2 1 1 1 4 4 4 4 1 1
 5 4 4 2 3 1 2 4 4 4 3 3 3 1 4 4 4 4 3 3 4 1 1 3 1 3 4 4 3 5 4 4 4 4 4 3 3
 4 1 3 4 1 4 1 4 4 3 1 2 2 5 3 4 4 4 1 4 4 4 3 4 4 4 3 3 1 1 2 3 4 1 1 4 3
 3 1 3 4 4 4 4 1 1 1 1 3 4 4 3 2 1 4 3 4 4 2 5 4 4 4 4 1 2 1 4 1 1]
 Dunn Index 44 : 0.16167508575
---------------------------------------------------------------------------------------------------------
chromosome 45 : [  5.55111512e-17   0.00000000e+00   0.00000000e+00 ...,   0.00000000e+00
   0.00000000e+00   0.00000000e+00]
 Objectives (Sil) : 0.191180808129
 Objectives (PBM) : 0.204004957107
Cluster size 45 :19
Predicted Label for 45: [11  6 13 14 12  8 12  0 13 11  1 10 10 11  9 10 14 14  1 14 14 11 10  7 10
 13  9 12 13 14 13  8  2  8 11 11 12  0 13 14 14 14 13  7  7 11  9  7 11 14
 12  3  9  3  1  8 13 10 12  8  2 12  8  6  9  6  6 11 11 14 14 12  2  7  9
 14  8 10  6  7 12  7 12 13  7 12 12  9 14 14  8  7  8 10 13 17 13  8 16 10
 14  1 14 14 14  8 12 11  3 14 13 13 12  7 12 10 10  8 12 11 14  8  7  8 13
 15 17 12 11 12 14 12  6  9 12 12 10  8 10  7 12  2 13 12 12 12  1 10  8 11
 10  9 12 12 14  7 10 14  8  9 12 13 12  7 12 14 14 14  2  8 14  9 12  9 12
 14 14  8 12  6  2 11 12 12  8  7  9 12 12  0  6  1  9  1 14  8  8  1  3  7
  9 10  1  8 11  8 14  6  7 14 13  8 10  7 11  9 14  8 11  7  6 11  7  1  8
 12  8  8 10 14 14  8 14 12 11  9  7  7  1  2  6  8 12 12 12 13 14 13  1 10
 10 14  8  8 11  8 13  8  2  8 12 11 12  3  8  1  8 11  5 12  8 14  0  8 13
 10  8  2  7  8  3  8 11 13  8  1 14 12 12  7  1  9  8  6 12 12 14  9  9 14
 10 13 14  2  2  8 11  7 11 11  2  9  8  8 10 11  9 12 13 11 10  7  9  2  7
 14  6  1  8  1  3 13  7  2 10 11  6 12  3 13  1  1 11 13 14 14 14  0  9  2
  8 12  1  6  3 11 18  6  6 10  7  7 12 14 11  2 12 11  8 11 10 12  7  6  8
  8  1 12 13 12 12  7  2  8  7 14 12  9  7  6  8 14 14  2  2  9  9 11 14 11
  2 12 13]
 Dunn Index 45 : 0.150048186757
---------------------------------------------------------------------------------------------------------
chromosome 46 : [  7.60053741e-01   6.48658409e-01   8.67361738e-19 ...,   0.00000000e+00
   0.00000000e+00   0.00000000e+00]
 Objectives (Sil) : 0.191947374112
 Objectives (PBM) : 0.224318312859
Cluster size 46 :19
Predicted Label for 46: [ 1 10 18  0 18  5 18  6  1  1  4 12 12  1 10 12 17 17  4 17 13  1 12  9 12
  1  5 18  1  0 18  5 10  5  1  6 18  6  1 17  8 13 18 14  9 18  5 14 18 13
 18 10  5 10  4  5  1 12 18  5 10 14  5 10  5 10  4 12 14 17 17 18 10 14 10
 13  5 12 10  9 18 14 14 18  9 18 18  5  0 17  5 12  5 12  1  2 18  5  2 12
  0  4 17 17  0  5 14  1 10 13  1  1 18  9 18  6 12  5 18 14  8  5 14  5  1
 15  2 18 12 18  0 18 10  5 18 18 12  5 12 14 14 10 14 18 18 18  4 12  5 12
 12 10 18 18  0 14 12  0  5 10 14 18 18  1 14 17 13  0  5  5 17  4 18  4 18
 17 17  5 18 10  5  6 18 18  5 14 10 18 18  6 10  4  5  4 17  5  5  4 10  9
 10 12  4  5 14  5 13 10  9 17 18  5 14 14 12  4 17  5  1 14 10  1 12  4  5
 18  5  5 12  0 17  5  7 18 18 10 14  9  4  5  4  5 18 18 18  1 17  1  4 12
 12  0  5  5  1  5 18  5 10  5 18  6 18 10  5  4  5 12 11 14  5 17  6  5  1
 12  5 10 14  5  4  5  1  1  5  4  0 18 18 14  4  4  5 10 18 18 13 10 10  0
  6 14  0 10  5  5 12 12  1 14 10 10  5  5 12  1  4 18 18  1 12  9 10 10 14
 13 10  4  5  4 10  1  9  4 12 12 10 18 10 18  4  4 14  1  0  0 13  6  5  5
  5 18  4 10 10 14 16 10 10 12 14 14 18  0  1  4 18 14  5  1 12 12 14 10  5
  5  4 18  1 14 18 14  5  5 14  0 18  5  9 10  5  0 17 10 10 10 10 14  0 18
  5 18  1]
 Dunn Index 46 : 0.176195517742
---------------------------------------------------------------------------------------------------------
chromosome 47 : [ -1.11022302e-16   8.84471042e-02   8.87260743e-03 ...,   0.00000000e+00
   0.00000000e+00   0.00000000e+00]
 Objectives (Sil) : 0.33448499271
 Objectives (PBM) : 0.424039592147
Cluster size 47 :10
Predicted Label for 47: [1 4 1 2 1 9 1 1 1 1 4 1 1 1 4 1 0 0 4 0 3 1 1 1 1 1 9 1 1 2 1 9 8 9 1 1 1
 1 1 0 3 3 1 1 1 1 7 1 1 3 1 4 7 4 4 9 1 1 1 8 8 1 7 4 7 4 4 1 1 0 0 1 8 1
 8 3 7 1 4 1 1 1 1 1 1 1 1 8 2 0 9 1 7 1 1 2 1 7 2 1 3 4 0 0 2 9 1 1 4 3 1
 1 1 1 1 1 1 9 1 1 3 9 1 7 1 5 2 1 1 1 2 1 4 7 1 1 1 9 1 1 1 8 1 1 1 1 4 1
 9 1 1 8 1 1 2 1 1 2 7 7 1 1 1 1 1 0 3 2 8 9 0 9 1 4 1 0 0 7 1 4 8 1 1 1 9
 1 4 1 1 1 4 9 9 4 0 9 9 9 4 1 7 1 9 9 1 7 3 4 1 0 1 9 1 1 1 9 0 9 1 1 4 1
 1 4 9 1 9 9 1 2 0 9 0 1 1 4 1 1 4 8 4 9 1 1 1 1 0 1 4 1 1 2 7 7 1 9 1 9 8
 9 1 1 1 4 9 4 9 1 2 1 9 0 1 9 1 1 7 8 1 7 4 9 1 1 9 9 0 1 1 1 4 4 7 4 1 1
 3 7 7 2 1 1 2 8 8 9 1 1 1 1 8 7 7 9 1 1 9 1 1 1 1 1 7 8 1 3 4 9 7 4 4 1 1
 8 1 1 4 1 4 1 4 4 1 1 3 2 3 1 8 8 9 1 4 4 4 1 4 4 8 1 1 1 1 2 1 8 1 1 9 1
 1 1 1 7 9 7 4 1 1 1 1 1 8 9 1 2 1 7 1 4 9 2 0 8 8 7 7 1 2 1 8 1 1]
 Dunn Index 47 : 0.147791427114
---------------------------------------------------------------------------------------------------------
chromosome 48 : [ 0.73552629  0.63654338  0.05981042 ...,  0.0218175   0.02169302
  0.02160857]
 Objectives (Sil) : 0.145588901955
 Objectives (PBM) : 0.248028156747
Cluster size 48 :17
Predicted Label for 48: [ 2  7 11 10  1  4  1  2 11 11  5  9  9  2  7  9  0  0  5 10  3  2  9  2  9
 11  6  1 11 10 11  6 16  6  2  2  1  2 11  3  3  3 11  9  2 11  4  9 11  3
 11 16  4 16  5  6 11  9  1  4  4 11  4  7  6  7  7  9 11  0 10  1  4  9  4
  3  4  9  7  2  1 11  1  1  2  1  1  4 10  0  6  9  4  9 11 12 11  4 14  9
 10  5  0  0 10  6  9 11 16  3  2 11 11  9  1  2  9  6 11 11  3  6 11  4 11
  8 15  1  9  1 10 11  7  4  1  1  9  6  9  9  9 16 11  1  1 11  5  9  6  9
  9  7  1  1 10 11  9 10  4  7  9 11  1  2  1  0  3 10  4  6  0  5  1  5  1
  0  0  6  1  7  4  2  1  1  6 11  7  1  1  2  7  5  6  5  0  6  6  5 16  2
  7  9  5  6 11  6  3  7  2 10 11  6  9 11 11  5  0  6  2  9  7  2  9  5  6
  1  6  6  9 10  0  6 13  1 11  7 11  2  5  4  7  6  1  1 11 11  0 11  5  9
  9 10  4  4 11  6 11  6  7  6  1  2  1 16  6  5  6  2 12  9  6  0  2  6  2
  9  4  4  9  4 16  6  2 11  6  5 10  1  1  9  5  5  4  7 11  1  3  4  7 10
  9 11 10  4  4  6  2  9 11 11  7  7  4  6  9  2  6  1 11 11  9  2  7  4  9
  3  7  5  6  5 16  2  9 16  9  9  7  1 16  1  5  5 11 11 10 10  3  2  4  4
  6  1  5  7 16 11  7  7  7  2 11  9  1 10  2 16  1 11  6  2  9  9  9  7  6
  4  5 11 11 11  1  2  4  6  9 10  1  4  2  7  6 10  0  4  4  7  7 11 10 11
  4  1 11]
 Dunn Index 48 : 0.129563587784
---------------------------------------------------------------------------------------------------------
chromosome 49 : [  5.55111512e-17   2.77555756e-17   8.67361738e-19 ...,   0.00000000e+00
   0.00000000e+00   0.00000000e+00]
 Objectives (Sil) : 0.328786386405
 Objectives (PBM) : 0.826369726763
Cluster size 49 :5
Predicted Label for 49: [3 1 0 4 2 1 2 3 0 0 1 3 3 0 1 2 4 4 1 4 4 0 2 3 2 0 1 2 0 4 0 1 1 1 0 0 2
 0 0 4 4 4 0 3 3 2 1 3 2 4 2 1 1 1 1 1 0 3 2 1 1 2 1 1 1 1 1 3 0 4 4 2 1 3
 1 4 1 3 1 3 2 3 2 2 3 2 2 1 4 4 1 3 1 3 0 4 2 1 4 3 4 1 4 4 4 1 2 0 1 4 0
 0 2 3 2 3 3 1 2 0 4 1 3 1 0 2 4 2 3 2 4 2 1 1 2 2 3 1 2 3 2 1 0 2 2 2 1 3
 1 3 3 1 2 2 4 3 3 4 1 1 2 2 2 0 2 4 4 4 1 1 4 1 2 1 2 4 4 1 2 1 1 3 2 2 1
 3 1 2 2 3 1 1 1 1 4 1 1 1 1 3 1 3 1 1 0 1 4 1 3 4 0 1 3 3 0 1 4 1 0 3 1 0
 3 1 1 2 1 1 0 4 4 1 4 2 2 1 0 3 1 1 1 1 2 2 2 0 4 0 1 3 3 4 1 1 0 1 0 1 1
 1 2 3 2 1 1 1 1 3 4 2 1 4 3 1 0 3 1 1 3 1 1 1 0 0 1 1 4 2 2 3 1 1 1 1 2 2
 4 1 1 4 3 0 4 1 1 1 3 3 0 0 1 1 1 1 3 0 1 2 0 0 2 3 1 1 3 4 1 1 1 1 1 0 3
 1 2 3 1 2 1 0 1 1 3 0 4 4 4 3 1 1 1 2 1 1 1 0 1 1 1 3 3 3 2 4 0 1 2 0 1 0
 3 2 3 1 1 1 1 2 0 2 2 3 1 1 3 4 2 1 3 1 1 4 4 1 1 1 1 3 4 2 1 2 0]
 Dunn Index 49 : 0.114078396799
---------------------------------------------------------------------------------------------------------

-------------------------------------------------------------------------------------------------------------

-------------------------------------------------------------------------------------------------------------

 Maximum dunn_index for 9th chromosome : 0.738393309316

 Maximum silhouette score : 0.539041165497

 Maximum pbm index : 2.5799502521
Final label corresponding to max Dunn for 9 chromosome : [0 1 0 1 0 1 0 0 0 0 1 0 0 0 1 0 1 1 1 1 1 0 0 0 0 0 1 0 0 1 0 1 1 1 0 0 0
 0 0 1 1 1 0 0 0 0 1 0 0 1 0 1 1 1 1 1 0 0 0 1 1 0 1 1 1 1 1 0 0 1 1 0 1 0
 1 1 1 0 1 0 0 0 0 0 0 0 0 1 1 1 1 0 1 0 0 1 0 1 1 0 1 1 1 1 1 1 0 0 1 1 0
 0 0 0 0 0 0 1 0 0 1 1 0 1 0 0 1 0 0 0 1 0 1 1 0 0 0 1 0 0 0 1 0 0 0 0 1 0
 1 0 0 1 0 0 1 0 0 1 1 1 0 0 0 0 0 1 1 1 1 1 1 1 0 1 0 1 1 1 0 1 1 0 0 0 1
 0 1 0 0 0 1 1 1 1 1 1 1 1 1 0 1 0 1 1 0 1 1 1 0 1 0 1 0 0 0 1 1 1 0 0 1 0
 0 1 1 0 1 1 0 1 1 1 1 0 0 1 0 0 1 1 1 1 0 0 0 0 1 0 1 0 0 1 1 1 0 1 0 1 1
 1 0 0 0 1 1 1 1 0 1 0 1 1 0 1 0 0 1 1 0 1 1 1 0 0 1 1 1 0 0 0 1 1 1 1 0 0
 1 1 1 1 0 0 1 1 1 1 0 0 0 0 1 1 1 1 0 0 1 0 0 0 0 0 1 1 0 1 1 1 1 1 1 0 0
 1 0 0 1 0 1 0 1 1 0 0 1 1 1 0 1 1 1 0 1 1 1 0 1 1 1 0 0 0 0 1 0 1 0 0 1 0
 0 0 0 1 1 1 1 0 0 0 0 0 1 1 0 1 0 1 0 1 1 1 1 1 1 1 1 0 1 0 1 0 0]

 No of clusters detected automatically : 2
 For chromosome : 9